0.0 1.6 1.6
1.4075698747729124 1.6 1.1
1.4503287770485345 1.6 0.325
2.9175923769213568 1.6 1.1
2.0654824575408837 1.6 1.2
1.8071952629773138 1.6 0.4
2.2377494642646574 1.6 1.3
1.016212420875777 2.0 1.6
0.8868147723063868 1.6 0.67
0.43843547930012616 1.6 1.22
0.3231918526692455 1.8 1.6
0.4811562638872388 1.6 0.44
0.8292639280795022 1.6 1.09
0.303418564354387 1.6 1.1
0.47675975998063547 1.6 1.6
0.8018045303004938 1.6 0.6
0.8837476082522903 1.6 0.4
0.9481399779722343 1.6 1.5
0.9431642643223579 1.6 0.8
1.1171638599590619 2.0 1.6
0.0 1.1 1.1
0.08492825413133866 1.1 0.325
1.5354531351398717 1.1 1.1
1.5023400629616326 1.2 1.1
1.5526600178726981 1.1 0.4
2.628320388469188 1.3 1.1
2.1854174389160512 2.0 1.1
2.1504296920195523 1.1 0.67
1.8437704175462923 1.22 1.1
1.705695382581117 1.8 1.1
1.7676311231102009 1.1 0.44
1.513370581227833 1.1 1.09
1.3530926380602744 1.1 1.1
0.9409067196570918 1.6 1.1
0.747431295957102 1.1 0.6
0.6353552277474418 1.1 0.4
0.4739176100879297 1.5 1.1
0.46675602820327017 1.1 0.8
0.29666016744518425 2.0 1.1
0.0 0.325 0.325
1.501115436617599 1.1 0.325
1.5456022446587185 1.2 0.325
1.6139300222421022 0.4 0.325
2.594166368475425 1.3 0.325
2.1685646652670867 2.0 0.325
2.149181531632733 0.67 0.325
1.8885993238496623 1.22 0.325
1.7565617756925378 1.8 0.325
1.783886528701932 0.44 0.325
1.4879921226981645 1.09 0.325
1.3721990956255814 1.1 0.325
0.9925216714067788 1.6 0.325
0.7500302066729345 0.6 0.325
0.7104131274050558 0.4 0.325
0.5045797066067901 1.5 0.325
0.5075913233099641 0.8 0.325
0.35820928502242394 2.0 0.325
0.0 1.1 1.1
0.9497015234889352 1.2 1.1
1.2235883253246949 1.1 0.4
1.094290567272636 1.3 1.1
2.3453534609650837 2.0 1.1
2.4781370281657193 1.1 0.67
2.862405444611176 1.22 1.1
2.8924435552235535 1.8 1.1
2.8725384008200687 1.1 0.44
2.411798763348805 1.1 1.09
2.819893532562326 1.1 1.1
2.4477566278944307 1.6 1.1
2.202673148361773 1.1 0.6
2.034512201256668 1.1 0.4
2.00547668068199 1.5 1.1
2.0021765148786557 1.1 0.8
1.8184829749275073 2.0 1.1
0.0 1.2 1.2
0.2777400919945044 1.2 0.4
1.3150073603254202 1.3 1.2
2.501012826806641 2.0 1.2
2.42034599338493 1.2 0.67
2.0430193543274724 1.22 1.2
1.9669690083387696 1.8 1.2
2.40396761454826 1.2 0.44
2.882707907151264 1.2 1.09
2.3428603597014805 1.2 1.1
1.854826320884279 1.6 1.2
2.140341685885389 1.2 0.6
1.5039909839539967 1.2 0.4
1.8211289425416364 1.5 1.2
1.7677048075193187 1.2 0.8
1.5967354260577558 2.0 1.2
0.0 0.4 0.4
1.385977826153669 1.3 0.4
2.3022664034607216 2.0 0.4
2.1910242076613757 0.67 0.4
1.7664414492571507 1.22 0.4
1.6896478564177575 1.8 0.4
2.1264250326833674 0.44 0.4
2.6363259593381763 1.09 0.4
2.098683195325941 1.1 0.4
1.6693646652625354 1.6 0.4
2.0540823525030256 0.6 0.4
1.3836191294755713 0.4 0.4
1.7630164940763153 1.5 0.4
1.7030440781310492 0.8 0.4
1.5666481845669 2.0 0.4
1.4901161193847656e-08 1.3 1.3
1.4165933014779533 2.0 1.3
1.481777245691723 1.3 0.67
1.799325364995918 1.3 1.22
1.9257165617257492 1.8 1.3
1.8819128748931528 1.3 0.44
2.025890909632143 1.3 1.09
2.2964984316709494 1.3 1.1
2.677316867769007 1.6 1.3
2.8277253331435017 1.3 0.6
2.7434909897487234 1.3 0.4
3.095002491651664 1.5 1.3
3.0807962024351454 1.3 0.8
2.8829478103521358 2.0 1.3
0.0 2.0 2.0
0.15586857570122734 2.0 0.67
0.7409722613248492 2.0 1.22
0.8879441109600791 2.0 1.8
0.5370153333604204 2.0 0.44
0.6839574433593012 2.0 1.09
0.9101243557925602 2.0 1.1
1.450265442028372 2.0 1.6
1.4447451469328214 2.0 0.6
1.877050351551295 2.0 0.4
1.751482822736721 2.0 1.5
1.7839931600131314 2.0 0.8
1.9836325888173107 2.0 2.0
1.4901161193847656e-08 0.67 0.67
0.5863053930329302 1.22 0.67
0.7355341553522753 1.8 0.67
0.4198284822471346 0.67 0.44
0.7049437423237966 1.09 0.67
0.8209583090042244 1.1 0.67
1.339677550243285 1.6 0.67
1.4032287177221379 0.67 0.6
1.76359816108448 0.67 0.4
1.6915292345281872 1.5 0.67
1.716121650912928 0.8 0.67
1.9153444247436286 2.0 0.67
2.1073424255447017e-08 1.22 1.22
0.1590246420360736 1.8 1.22
0.36341307508880893 1.22 0.44
0.9243646412960373 1.22 1.09
0.5998417465507934 1.22 1.1
0.9048091256473608 1.6 1.22
1.2141614470814082 1.22 0.6
1.2798055811676223 1.22 0.4
1.386454872891014 1.5 1.22
1.3811627106726068 1.22 0.8
1.5503978793875592 2.0 1.22
2.1073424255447017e-08 1.8 1.8
0.4442696132112057 1.8 0.44
0.9704793711791155 1.8 1.09
0.5535503873219755 1.8 1.1
0.7649749061995833 1.8 1.6
1.1236057630488228 1.8 0.6
1.1252764730156788 1.8 0.4
1.2613281889971746 1.8 1.5
1.2500646600768404 1.8 0.8
1.4098025111317993 2.0 1.8
0.0 0.44 0.44
0.5650586212950137 1.09 0.44
0.41487742314387144 1.1 0.44
0.920137321048027 1.6 0.44
1.0383281414769334 0.6 0.44
1.3452114468138252 0.44 0.4
1.2956993901969198 1.5 0.44
1.3127464309886059 0.8 0.44
1.5087861084534033 2.0 0.44
0.0 1.09 1.09
0.5427114044059472 1.1 1.09
1.0326855532730916 1.6 1.09
0.8062550647012884 1.09 0.6
1.402261999254125 1.09 0.4
1.1294181902051275 1.5 1.09
1.176323664993826 1.09 0.8
1.363130787710208 2.0 1.09
2.1073424255447017e-08 1.1 1.1
0.5540243239957338 1.6 1.1
0.6365331375732548 1.1 0.6
0.9756931558552135 1.1 0.4
0.880824028955476 1.5 1.1
0.8989096511164728 1.1 0.8
1.0963895783632374 2.0 1.1
1.4901161193847656e-08 1.6 1.6
0.5133149433080675 1.6 0.6
0.4267947356214857 1.6 0.4
0.5108620032976249 1.6 1.5
0.48977207345505713 1.6 0.8
0.6458464385705235 2.0 1.6
1.4901161193847656e-08 0.6 0.6
0.6715434488124781 0.6 0.4
0.32340269685405526 1.5 0.6
0.37332874908331865 0.8 0.6
0.5570315380432048 2.0 0.6
0.0 0.4 0.4
0.4235558147623583 1.5 0.4
0.3631395699994796 0.8 0.4
0.3671539567051926 2.0 0.4
0.0 1.5 1.5
0.061990388274353395 1.5 0.8
0.23548813640645225 2.0 1.5
0.0 0.8 0.8
0.19998549016937436 2.0 0.8
0.0 2.0 2.0
