2.774455633345974e-9  13.154065582328336
5.548911266691948e-9  14.541871991822207
8.323366900037922e-9  15.355109403254195
1.1097822533383895e-8  15.930701919415636
1.3872278166729869e-8  16.38176167548386
1.6646733800075844e-8  16.752427731176006
1.9421189433421816e-8  17.07376050662102
2.219564506676779e-8  17.33356065519782
2.4970100700113762e-8  17.56918793582828
2.7744556333459737e-8  17.782347807586312
3.051901196680571e-8  18.022137299776357
3.329346760015169e-8  18.17328958654231
3.6067923233497656e-8  18.31587549381089
3.884237886684363e-8  18.466286471715105
4.1616834500189606e-8  18.61029220915866
4.439129013353558e-8  18.745877289453265
4.7165745766881556e-8  18.918636724421262
4.9940201400227525e-8  19.040147571164454
5.27146570335735e-8  19.131950848080255
5.5489112666919475e-8  19.21908474738341
5.826356830026545e-8  19.30752710728006
6.103802393361143e-8  19.466211936857487
6.38124795669574e-8  19.528263743869342
6.658693520030338e-8  19.61074063658555
6.936139083364934e-8  19.65371666635542
7.213584646699531e-8  19.695230054544812
7.49103021003413e-8  19.843786763505236
7.768475773368726e-8  19.895047703424943
8.045921336703324e-8  19.860384596003822
8.323366900037921e-8  19.995644909689126
8.600812463372518e-8  20.054328806264273
8.878258026707116e-8  20.1422294408218
9.155703590041713e-8  20.197261318696956
9.433149153376311e-8  20.24676382686585
9.710594716710908e-8  20.289336233629406
9.988040280045505e-8  20.38737513068989
1.0265485843380103e-7  20.3928976831862
1.05429314067147e-7  20.52138755133246
1.0820376970049298e-7  20.646637710362782
1.1097822533383895e-7  20.65719348196533
1.1375268096718492e-7  20.64208423976175
1.165271366005309e-7  20.694712959427118
1.1930159223387688e-7  20.800266700769672
1.2207604786722285e-7  20.77743024550754
1.2485050350056882e-7  20.83177402936609
1.276249591339148e-7  20.978254883378312
1.3039941476726076e-7  20.969506113251153
1.3317387040060675e-7  21.088931758038882
1.3594832603395272e-7  21.081859763421743
1.387227816672987e-7  21.008430350000193
