2.774455633345974e-9  154.31557707897284
5.548911266691948e-9  179.3315579775035
8.323366900037922e-9  193.96984978168243
1.1097822533383895e-8  204.3864477295078
1.3872278166729869e-8  212.43017949845932
1.6646733800075844e-8  219.043922381785
1.9421189433421816e-8  224.5910553585037
2.219564506676779e-8  229.44295889358645
2.4970100700113762e-8  233.6707391393657
2.7744556333459737e-8  237.5007200059707
3.051901196680571e-8  240.92377807923282
3.329346760015169e-8  244.0861420192461
3.6067923233497656e-8  246.9729625278413
3.884237886684363e-8  249.6685788136004
4.1616834500189606e-8  252.11079889107933
4.439129013353558e-8  254.51559875524995
4.7165745766881556e-8  256.678627166073
4.9940201400227525e-8  258.7632821778541
5.27146570335735e-8  260.6721253399641
5.5489112666919475e-8  262.55871888225823
5.826356830026545e-8  264.3029707786695
6.103802393361143e-8  266.01819043323513
6.38124795669574e-8  267.5831112604947
6.658693520030338e-8  269.1671858045227
6.936139083364934e-8  270.6020291347049
7.213584646699531e-8  272.02655049015414
7.49103021003413e-8  273.3450562497379
7.768475773368726e-8  274.71994905018823
8.045921336703324e-8  275.9843519959083
8.323366900037921e-8  277.19705344825775
8.600812463372518e-8  278.3685409763853
8.878258026707116e-8  279.5559321895537
9.155703590041713e-8  280.62534286303253
9.433149153376311e-8  281.7415224994118
9.710594716710908e-8  282.7792540985204
9.988040280045505e-8  283.70512097564705
1.0265485843380103e-7  284.76776364623686
1.05429314067147e-7  285.7250889263197
1.0820376970049298e-7  286.7290237122629
1.1097822533383895e-7  287.59445635000696
1.1375268096718492e-7  288.4632744804381
1.165271366005309e-7  289.4401767233236
1.1930159223387688e-7  290.30790743043605
1.2207604786722285e-7  291.04077250995505
1.2485050350056882e-7  291.7094556324612
1.276249591339148e-7  292.8264268164467
1.3039941476726076e-7  293.46607011868394
1.3317387040060675e-7  294.4026540700323
1.3594832603395272e-7  295.1604204940275
1.387227816672987e-7  295.7647910660738
