2.774455633345974e-9  22.357042818275865
5.548911266691948e-9  25.07768098686278
8.323366900037922e-9  26.663138509415983
1.1097822533383895e-8  27.786987400353173
1.3872278166729869e-8  28.659136425104624
1.6646733800075844e-8  29.37637532852671
1.9421189433421816e-8  29.987978138581227
2.219564506676779e-8  30.52053665470071
2.4970100700113762e-8  30.986006869781026
2.7744556333459737e-8  31.40374707026764
3.051901196680571e-8  31.793215219549868
3.329346760015169e-8  32.13083674898905
3.6067923233497656e-8  32.44583802606196
3.884237886684363e-8  32.73002319486625
4.1616834500189606e-8  33.022504984232256
4.439129013353558e-8  33.28121153321906
4.7165745766881556e-8  33.522324395635145
4.9940201400227525e-8  33.790381165844934
5.27146570335735e-8  33.962074079840505
5.5489112666919475e-8  34.18638155239249
5.826356830026545e-8  34.362434911547304
6.103802393361143e-8  34.564943404008304
6.38124795669574e-8  34.743935261776016
6.658693520030338e-8  34.902753020160624
6.936139083364934e-8  35.02907221479255
7.213584646699531e-8  35.24829261563198
7.49103021003413e-8  35.41471632960919
7.768475773368726e-8  35.51534418560145
8.045921336703324e-8  35.65301122921393
8.323366900037921e-8  35.799767287705485
8.600812463372518e-8  35.94779020934947
8.878258026707116e-8  36.05024454138028
9.155703590041713e-8  36.14687914062232
9.433149153376311e-8  36.32610513368475
9.710594716710908e-8  36.399086589520266
9.988040280045505e-8  36.55494186030595
1.0265485843380103e-7  36.613484412181776
1.05429314067147e-7  36.76650974574709
1.0820376970049298e-7  36.895760659531156
1.1097822533383895e-7  37.05140071396377
1.1375268096718492e-7  37.10374580233235
1.165271366005309e-7  37.19928087096812
1.1930159223387688e-7  37.32907763941583
1.2207604786722285e-7  37.375448178770306
1.2485050350056882e-7  37.378637284905174
1.276249591339148e-7  37.6448797463482
1.3039941476726076e-7  37.69120214364459
1.3317387040060675e-7  37.84382347113006
1.3594832603395272e-7  37.9056984115906
1.387227816672987e-7  37.792226953690935
