2.774455633345974e-9  1670.1931495498532
5.548911266691948e-9  3358.869015518399
8.323366900037922e-9  5048.994815366857
1.1097822533383895e-8  6737.931029907364
1.3872278166729869e-8  8431.37504351631
1.6646733800075844e-8  10119.9648834597
1.9421189433421816e-8  11802.858650610005
2.219564506676779e-8  13499.852204284887
2.4970100700113762e-8  15193.14661539514
2.7744556333459737e-8  16881.89433085394
3.051901196680571e-8  18582.700795996676
3.329346760015169e-8  20266.486281041685
3.6067923233497656e-8  21956.52424029632
3.884237886684363e-8  23647.9204345994
4.1616834500189606e-8  25338.509156797303
4.439129013353558e-8  27034.157834562604
4.7165745766881556e-8  28722.543919446656
4.9940201400227525e-8  30409.4702930494
5.27146570335735e-8  32098.66106685772
5.5489112666919475e-8  33786.70515148851
5.826356830026545e-8  35483.89973608716
6.103802393361143e-8  37173.15101123972
6.38124795669574e-8  38861.5620920048
6.658693520030338e-8  40554.16900291823
6.936139083364934e-8  42248.55983783844
7.213584646699531e-8  43938.49521281696
7.49103021003413e-8  45629.48304773762
7.768475773368726e-8  47317.22438861014
8.045921336703324e-8  49012.294762363264
8.323366900037921e-8  50719.97754279535
8.600812463372518e-8  52391.6040689595
8.878258026707116e-8  54075.95592021137
9.155703590041713e-8  55772.43788799597
9.433149153376311e-8  57464.27552266446
9.710594716710908e-8  59156.983280220455
9.988040280045505e-8  60849.247963578724
1.0265485843380103e-7  62537.94332814455
1.05429314067147e-7  64227.13933721509
1.0820376970049298e-7  65922.51158765912
1.1097822533383895e-7  67605.80885304848
1.1375268096718492e-7  69300.5293340552
1.165271366005309e-7  70988.54270126045
1.1930159223387688e-7  72682.18518018366
1.2207604786722285e-7  74364.68785442958
1.2485050350056882e-7  76066.99739352732
1.276249591339148e-7  77753.60098522843
1.3039941476726076e-7  79449.9974212192
1.3317387040060675e-7  81136.43410874147
1.3594832603395272e-7  82818.8566931128
1.387227816672987e-7  84552.8184418456
