2.774455633345974e-9  4.478243017859424
5.548911266691948e-9  4.912767124371207
8.323366900037922e-9  5.167346722899486
1.1097822533383895e-8  5.347972013894372
1.3872278166729869e-8  5.49186636818438
1.6646733800075844e-8  5.607930746572101
1.9421189433421816e-8  5.704269557936471
2.219564506676779e-8  5.79174022331002
2.4970100700113762e-8  5.869519633481604
2.7744556333459737e-8  5.936478059848999
3.051901196680571e-8  6.0133710533725555
3.329346760015169e-8  6.056555701285503
3.6067923233497656e-8  6.098790287859397
3.884237886684363e-8  6.147270385305922
4.1616834500189606e-8  6.188756552937074
4.439129013353558e-8  6.226509474605799
4.7165745766881556e-8  6.275905477557633
4.9940201400227525e-8  6.318664475793144
5.27146570335735e-8  6.358781811289933
5.5489112666919475e-8  6.389964974106582
5.826356830026545e-8  6.410795830239941
6.103802393361143e-8  6.436075787090883
6.38124795669574e-8  6.499309699174152
6.658693520030338e-8  6.499108281056237
6.936139083364934e-8  6.49475919838429
7.213584646699531e-8  6.543600761292398
7.49103021003413e-8  6.539604447961807
7.768475773368726e-8  6.590852859428282
8.045921336703324e-8  6.619495078882064
8.323366900037921e-8  6.612571147393664
8.600812463372518e-8  6.6490405591531845
8.878258026707116e-8  6.686205847311138
9.155703590041713e-8  6.703579838421264
9.433149153376311e-8  6.709325723613784
9.710594716710908e-8  6.732413217143367
9.988040280045505e-8  6.737903585245858
1.0265485843380103e-7  6.788594522785955
1.05429314067147e-7  6.797465311668068
1.0820376970049298e-7  6.7917832362972685
1.1097822533383895e-7  6.824594978653712
1.1375268096718492e-7  6.843246614039634
1.165271366005309e-7  6.83438027949417
1.1930159223387688e-7  6.856764575189149
1.2207604786722285e-7  6.85815217819026
1.2485050350056882e-7  6.864410857908183
1.276249591339148e-7  6.924743228284567
1.3039941476726076e-7  6.936680006626261
1.3317387040060675e-7  6.941650340424959
1.3594832603395272e-7  6.95046206379023
1.387227816672987e-7  6.965726692000249
