2.774455633345974e-9  435.0853933856499
5.548911266691948e-9  522.4533415226841
8.323366900037922e-9  634.5308282536465
1.1097822533383895e-8  668.4564163746538
1.3872278166729869e-8  734.8054445650283
1.6646733800075844e-8  753.9087975723976
1.9421189433421816e-8  801.922999873894
2.219564506676779e-8  814.7045464077579
2.4970100700113762e-8  852.1176773866599
2.7744556333459737e-8  862.1248917628998
3.051901196680571e-8  892.0649321691859
3.329346760015169e-8  901.0973229868731
3.6067923233497656e-8  925.143852413228
3.884237886684363e-8  934.1985352727089
4.1616834500189606e-8  953.3754417245428
4.439129013353558e-8  963.046043469494
4.7165745766881556e-8  978.0134749552849
4.9940201400227525e-8  988.480188484741
5.27146570335735e-8  999.9456118764595
5.5489112666919475e-8  1011.1620958066134
5.826356830026545e-8  1019.7733014031182
6.103802393361143e-8  1031.565360231673
6.38124795669574e-8  1037.947006143187
6.658693520030338e-8  1050.0293769291943
6.936139083364934e-8  1054.7922640383913
7.213584646699531e-8  1066.8122013016412
7.49103021003413e-8  1070.5402157636802
7.768475773368726e-8  1082.1567935654598
8.045921336703324e-8  1085.3663362052614
8.323366900037921e-8  1096.238271294436
8.600812463372518e-8  1099.3827065807463
8.878258026707116e-8  1109.2560404485168
9.155703590041713e-8  1112.679551919797
9.433149153376311e-8  1121.3450903704372
9.710594716710908e-8  1125.294847794921
9.988040280045505e-8  1132.6586737663129
1.0265485843380103e-7  1137.2852892452206
1.05429314067147e-7  1143.3245336154184
1.0820376970049298e-7  1148.6429841753288
1.1097822533383895e-7  1153.4518603094818
1.1375268096718492e-7  1159.4066651945957
1.165271366005309e-7  1163.1051037864543
1.1930159223387688e-7  1169.5873628267964
1.2207604786722285e-7  1172.448173147244
1.2485050350056882e-7  1179.2188874964213
1.276249591339148e-7  1181.4697575018397
1.3039941476726076e-7  1188.2770488766078
1.3317387040060675e-7  1190.1586072678092
1.3594832603395272e-7  1196.8713383178022
1.387227816672987e-7  1198.7499612326553
