2.774455633345974e-9  22.035961500416743
5.548911266691948e-9  24.54940856595597
8.323366900037922e-9  26.019555166324242
1.1097822533383895e-8  27.064764549913278
1.3872278166729869e-8  27.875811834627843
1.6646733800075844e-8  28.536346440271398
1.9421189433421816e-8  29.09582385688021
2.219564506676779e-8  29.586107794067495
2.4970100700113762e-8  30.023099382676683
2.7744556333459737e-8  30.402028545322793
3.051901196680571e-8  30.764068095619074
3.329346760015169e-8  31.077802620672507
3.6067923233497656e-8  31.3692676731094
3.884237886684363e-8  31.666025026198565
4.1616834500189606e-8  31.914666692594324
4.439129013353558e-8  32.15340861735773
4.7165745766881556e-8  32.401614999774445
4.9940201400227525e-8  32.59419288064055
5.27146570335735e-8  32.75203242629723
5.5489112666919475e-8  32.91629857250366
5.826356830026545e-8  33.15382846291888
6.103802393361143e-8  33.300982578053876
6.38124795669574e-8  33.47319442740173
6.658693520030338e-8  33.60509369165369
6.936139083364934e-8  33.79588102705494
7.213584646699531e-8  33.91355823588557
7.49103021003413e-8  34.117189863612836
7.768475773368726e-8  34.254346064848
8.045921336703324e-8  34.431523868345785
8.323366900037921e-8  34.49840910705706
8.600812463372518e-8  34.574752680380065
8.878258026707116e-8  34.79443638445411
9.155703590041713e-8  34.857659052349
9.433149153376311e-8  35.02506744038091
9.710594716710908e-8  35.13236072031164
9.988040280045505e-8  35.12818433872216
1.0265485843380103e-7  35.294689611599
1.05429314067147e-7  35.30946644200899
1.0820376970049298e-7  35.46743926949301
1.1097822533383895e-7  35.42733410478667
1.1375268096718492e-7  35.58593553881095
1.165271366005309e-7  35.62567872845075
1.1930159223387688e-7  35.72069633607998
1.2207604786722285e-7  35.79146435726813
1.2485050350056882e-7  35.8955322343503
1.276249591339148e-7  35.957360363922554
1.3039941476726076e-7  36.036547227849056
1.3317387040060675e-7  36.08766831245414
1.3594832603395272e-7  36.12788687165667
1.387227816672987e-7  36.3508027033842
