2.774455633345974e-9  36.607925241146184
5.548911266691948e-9  41.74097680221493
8.323366900037922e-9  44.743478612132485
1.1097822533383895e-8  46.87363669119727
1.3872278166729869e-8  48.52628753715041
1.6646733800075844e-8  49.87585236975206
1.9421189433421816e-8  51.016119836774344
2.219564506676779e-8  52.004177565187646
2.4970100700113762e-8  52.87819650770739
2.7744556333459737e-8  53.65954426915334
3.051901196680571e-8  54.366639092693966
3.329346760015169e-8  55.008476563931964
3.6067923233497656e-8  55.60377838540472
3.884237886684363e-8  56.1453190579698
4.1616834500189606e-8  56.64828850046177
4.439129013353558e-8  57.14345901194382
4.7165745766881556e-8  57.57904248483373
4.9940201400227525e-8  58.013127490702594
5.27146570335735e-8  58.41709205949181
5.5489112666919475e-8  58.79922328710277
5.826356830026545e-8  59.16465547535572
6.103802393361143e-8  59.52241517755558
6.38124795669574e-8  59.84456336401548
6.658693520030338e-8  60.16911419924061
6.936139083364934e-8  60.44467612744362
7.213584646699531e-8  60.75860009315317
7.49103021003413e-8  61.019403764248175
7.768475773368726e-8  61.29564550733523
8.045921336703324e-8  61.59123192515816
8.323366900037921e-8  61.82305543827124
8.600812463372518e-8  62.0564591274218
8.878258026707116e-8  62.30341058513129
9.155703590041713e-8  62.52595173630335
9.433149153376311e-8  62.80515074218715
9.710594716710908e-8  62.97528517742886
9.988040280045505e-8  63.25034584645318
1.0265485843380103e-7  63.424248656007414
1.05429314067147e-7  63.63874756776312
1.0820376970049298e-7  63.81284551067144
1.1097822533383895e-7  64.00892570265809
1.1375268096718492e-7  64.26037868962976
1.165271366005309e-7  64.41753766894443
1.1930159223387688e-7  64.57071582876381
1.2207604786722285e-7  64.76410974548986
1.2485050350056882e-7  64.97994456414392
1.276249591339148e-7  65.1812431328741
1.3039941476726076e-7  65.25545766593093
1.3317387040060675e-7  65.42991836006262
1.3594832603395272e-7  65.59651975557826
1.387227816672987e-7  65.79051933951226
