2.774455633345974e-9  1395.806217416374
5.548911266691948e-9  2811.3950691205796
8.323366900037922e-9  4224.920698011629
1.1097822533383895e-8  5640.498200401327
1.3872278166729869e-8  7055.476038166834
1.6646733800075844e-8  8472.938714879112
1.9421189433421816e-8  9887.268665375166
2.219564506676779e-8  11303.557936989037
2.4970100700113762e-8  12718.99448348253
2.7744556333459737e-8  14135.00315733279
3.051901196680571e-8  15551.501533785507
3.329346760015169e-8  16967.87805033438
3.6067923233497656e-8  18382.56470904351
3.884237886684363e-8  19801.507000952635
4.1616834500189606e-8  21217.49886459331
4.439129013353558e-8  22632.718117765682
4.7165745766881556e-8  24045.28472784291
4.9940201400227525e-8  25462.993283986365
5.27146570335735e-8  26879.98132401984
5.5489112666919475e-8  28295.31139333466
5.826356830026545e-8  29710.64725097851
6.103802393361143e-8  31128.09491090877
6.38124795669574e-8  32544.03510363553
6.658693520030338e-8  33959.9465365404
6.936139083364934e-8  35377.71637392201
7.213584646699531e-8  36791.121126161925
7.49103021003413e-8  38210.10348394131
7.768475773368726e-8  39626.513430012616
8.045921336703324e-8  41035.17942696159
8.323366900037921e-8  42458.100544276036
8.600812463372518e-8  43869.52495813156
8.878258026707116e-8  45289.203655948884
9.155703590041713e-8  46703.940525619044
9.433149153376311e-8  48120.35331682817
9.710594716710908e-8  49535.38978870803
9.988040280045505e-8  50953.487614920974
1.0265485843380103e-7  52369.6483089394
1.05429314067147e-7  53786.88402986187
1.0820376970049298e-7  55200.80649465703
1.1097822533383895e-7  56620.309055908205
1.1375268096718492e-7  58035.75043138866
1.165271366005309e-7  59446.4816825047
1.1930159223387688e-7  60869.01379750824
1.2207604786722285e-7  62283.63632902337
1.2485050350056882e-7  63688.2764548891
1.276249591339148e-7  65112.376140108405
1.3039941476726076e-7  66539.45789743496
1.3317387040060675e-7  67947.70022471178
1.3594832603395272e-7  69363.9493107602
1.387227816672987e-7  70778.34994296674
