2.774455633345974e-9  4.368022791373211
5.548911266691948e-9  4.7891824980968245
8.323366900037922e-9  5.035562242816793
1.1097822533383895e-8  5.211662900627392
1.3872278166729869e-8  5.3472680316891505
1.6646733800075844e-8  5.457100079010685
1.9421189433421816e-8  5.55778258383512
2.219564506676779e-8  5.6377773895336
2.4970100700113762e-8  5.705432953047691
2.7744556333459737e-8  5.773060860487321
3.051901196680571e-8  5.837711853492579
3.329346760015169e-8  5.885747409870754
3.6067923233497656e-8  5.957864738585487
3.884237886684363e-8  5.989356247926261
4.1616834500189606e-8  6.005012742417701
4.439129013353558e-8  6.062686617914322
4.7165745766881556e-8  6.100429301088277
4.9940201400227525e-8  6.139587270624037
5.27146570335735e-8  6.160209149481218
5.5489112666919475e-8  6.216131331515293
5.826356830026545e-8  6.236203561025485
6.103802393361143e-8  6.270003965028148
6.38124795669574e-8  6.275813648896358
6.658693520030338e-8  6.319618801808024
6.936139083364934e-8  6.340232380070666
7.213584646699531e-8  6.390842605379282
7.49103021003413e-8  6.437948283177852
7.768475773368726e-8  6.415613209105062
8.045921336703324e-8  6.382323036815337
8.323366900037921e-8  6.46007236351432
8.600812463372518e-8  6.477052990158951
8.878258026707116e-8  6.461462797837355
9.155703590041713e-8  6.507800015213582
9.433149153376311e-8  6.511764279897326
9.710594716710908e-8  6.543499174735103
9.988040280045505e-8  6.560075996582564
1.0265485843380103e-7  6.580753722749438
1.05429314067147e-7  6.589296712743907
1.0820376970049298e-7  6.5918654764666975
1.1097822533383895e-7  6.61600323065276
1.1375268096718492e-7  6.652030075776131
1.165271366005309e-7  6.649143500914326
1.1930159223387688e-7  6.649264963653839
1.2207604786722285e-7  6.667025639944341
1.2485050350056882e-7  6.689155926433664
1.276249591339148e-7  6.698177642967369
1.3039941476726076e-7  6.701695808288268
1.3317387040060675e-7  6.73711360610694
1.3594832603395272e-7  6.775288786642588
1.387227816672987e-7  6.744674037180924
