2.774455633345974e-9  3781.3454750375718
5.548911266691948e-9  7567.9164933982565
8.323366900037922e-9  11388.113406576322
1.1097822533383895e-8  15193.14661539514
1.3872278166729869e-8  18996.472399835755
1.6646733800075844e-8  22789.26605372828
1.9421189433421816e-8  26605.502681382644
2.219564506676779e-8  30409.470293049395
2.4970100700113762e-8  34219.05452804954
2.7744556333459737e-8  38016.58969728986
3.051901196680571e-8  41822.19365142396
3.329346760015169e-8  45629.48304773762
3.6067923233497656e-8  49430.114608369186
3.884237886684363e-8  53242.63598594463
4.1616834500189606e-8  57049.208854061195
4.439129013353558e-8  60849.24796357875
4.7165745766881556e-8  64652.26122793125
4.9940201400227525e-8  68454.6791529674
5.27146570335735e-8  72262.3914219842
5.5489112666919475e-8  76066.99739352732
5.826356830026545e-8  79872.09477991152
6.103802393361143e-8  83677.75103001365
6.38124795669574e-8  87478.30996201618
6.658693520030338e-8  91285.52451696205
6.936139083364934e-8  95088.64019471307
7.213584646699531e-8  98901.7042713189
7.49103021003413e-8  102695.27111207017
7.768475773368726e-8  106508.42310576992
8.045921336703324e-8  110312.79919302635
8.323366900037921e-8  114116.83737936456
8.600812463372518e-8  117919.8451043101
8.878258026707116e-8  121712.59382274584
9.155703590041713e-8  125507.60892966621
9.433149153376311e-8  129329.58556518806
9.710594716710908e-8  133136.00725903796
9.988040280045505e-8  136935.15881666137
1.0265485843380103e-7  140732.79123472975
1.05429314067147e-7  144554.27375539037
1.0820376970049298e-7  148359.77278758874
1.1097822533383895e-7  152150.5693803484
1.1375268096718492e-7  155967.16977188984
1.165271366005309e-7  159766.90103378074
1.1930159223387688e-7  163574.0544688769
1.2207604786722285e-7  167357.3753872098
1.2485050350056882e-7  171198.41407216486
1.276249591339148e-7  174992.57865128882
1.3039941476726076e-7  178788.39902012012
1.3317387040060675e-7  182598.87026077756
1.3594832603395272e-7  186401.2197073204
1.387227816672987e-7  190206.33752829203
