2.774455633345974e-9  3358.869015518399
5.548911266691948e-9  6737.931029907364
8.323366900037922e-9  10119.9648834597
1.1097822533383895e-8  13499.852204284887
1.3872278166729869e-8  16881.89433085394
1.6646733800075844e-8  20266.486281041685
1.9421189433421816e-8  23647.9204345994
2.219564506676779e-8  27034.157834562604
2.4970100700113762e-8  30409.4702930494
2.7744556333459737e-8  33786.70515148851
3.051901196680571e-8  37173.15101123972
3.329346760015169e-8  40554.16900291823
3.6067923233497656e-8  43938.49521281696
3.884237886684363e-8  47317.22438861014
4.1616834500189606e-8  50719.97754279535
4.439129013353558e-8  54075.95592021137
4.7165745766881556e-8  57464.27552266446
4.9940201400227525e-8  60849.247963578724
5.27146570335735e-8  64227.13933721509
5.5489112666919475e-8  67605.80885304848
5.826356830026545e-8  70988.54270126045
6.103802393361143e-8  74364.68785442958
6.38124795669574e-8  77753.60098522843
6.658693520030338e-8  81136.43410874147
6.936139083364934e-8  84552.8184418456
7.213584646699531e-8  87900.84233931797
7.49103021003413e-8  91285.52451696205
7.768475773368726e-8  94664.38155599791
8.045921336703324e-8  98052.39256519375
8.323366900037921e-8  101421.54238740401
8.600812463372518e-8  104806.51528678615
8.878258026707116e-8  108196.60701228844
9.155703590041713e-8  111576.3251719533
9.433149153376311e-8  114954.80784203624
9.710594716710908e-8  118339.41242747668
9.988040280045505e-8  121712.59382274577
1.0265485843380103e-7  125102.98937035666
1.05429314067147e-7  128485.73070001038
1.0820376970049298e-7  131867.8400618808
1.1097822533383895e-7  135245.9783714665
1.1375268096718492e-7  138633.822486644
1.165271366005309e-7  142027.1934684455
1.1930159223387688e-7  145404.54580811234
1.2207604786722285e-7  148774.29349609904
1.2485050350056882e-7  152150.5693803484
1.276249591339148e-7  155590.36286390133
1.3039941476726076e-7  158940.03117866765
1.3317387040060675e-7  162310.70732219567
1.3594832603395272e-7  165697.6942738204
1.387227816672987e-7  169096.1360287693
