2.774455633345974e-9  7.260355821316872
5.548911266691948e-9  7.99107700924116
8.323366900037922e-9  8.41956443075754
1.1097822533383895e-8  8.723174329507469
1.3872278166729869e-8  8.962161517034618
1.6646733800075844e-8  9.157074269429625
1.9421189433421816e-8  9.32288844604647
2.219564506676779e-8  9.460776578851805
2.4970100700113762e-8  9.587319195379038
2.7744556333459737e-8  9.704218160681254
3.051901196680571e-8  9.831967030969855
3.329346760015169e-8  9.914110124734755
3.6067923233497656e-8  9.987198085838862
3.884237886684363e-8  10.054935453820717
4.1616834500189606e-8  10.114253488852292
4.439129013353558e-8  10.171024184056074
4.7165745766881556e-8  10.289620904102645
4.9940201400227525e-8  10.322217425938637
5.27146570335735e-8  10.378211416995887
5.5489112666919475e-8  10.448418455948582
5.826356830026545e-8  10.524954542264748
6.103802393361143e-8  10.511683082593052
6.38124795669574e-8  10.660052997206492
6.658693520030338e-8  10.673724296567677
6.936139083364934e-8  10.694110193478208
7.213584646699531e-8  10.696892455238192
7.49103021003413e-8  10.735269002905211
7.768475773368726e-8  10.786781782994181
8.045921336703324e-8  10.843172161249168
8.323366900037921e-8  10.823560092294999
8.600812463372518e-8  10.858685319721024
8.878258026707116e-8  10.951334082345598
9.155703590041713e-8  10.979511788028557
9.433149153376311e-8  11.00470891897359
9.710594716710908e-8  11.01111893914508
9.988040280045505e-8  11.017480118167592
1.0265485843380103e-7  11.085761401481514
1.05429314067147e-7  11.077621894472419
1.0820376970049298e-7  11.142923891778556
1.1097822533383895e-7  11.193665840551525
1.1375268096718492e-7  11.222676643824414
1.165271366005309e-7  11.228939887350661
1.1930159223387688e-7  11.216183164593062
1.2207604786722285e-7  11.250408290664597
1.2485050350056882e-7  11.318724883618513
1.276249591339148e-7  11.326300560555321
1.3039941476726076e-7  11.373813235592213
1.3317387040060675e-7  11.403860148016609
1.3594832603395272e-7  11.38489668285646
1.387227816672987e-7  11.44585394011923
