2.774455633345974e-9  6.0291115981593
5.548911266691948e-9  6.591160966935041
8.323366900037922e-9  6.920953628687457
1.1097822533383895e-8  7.156736005252933
1.3872278166729869e-8  7.348220675414876
1.6646733800075844e-8  7.483094957274204
1.9421189433421816e-8  7.612989287907705
2.219564506676779e-8  7.744877256096147
2.4970100700113762e-8  7.810117339366274
2.7744556333459737e-8  7.887628298615533
3.051901196680571e-8  7.983625520451549
3.329346760015169e-8  8.052438915693456
3.6067923233497656e-8  8.108108048080929
3.884237886684363e-8  8.175858187459564
4.1616834500189606e-8  8.22682103577344
4.439129013353558e-8  8.332391845936815
4.7165745766881556e-8  8.401826790595045
4.9940201400227525e-8  8.422006646658222
5.27146570335735e-8  8.410355119797105
5.5489112666919475e-8  8.452602748735542
5.826356830026545e-8  8.517512095052679
6.103802393361143e-8  8.521616314933974
6.38124795669574e-8  8.559076387994272
6.658693520030338e-8  8.593123373536955
6.936139083364934e-8  8.645621346174238
7.213584646699531e-8  8.671284323710909
7.49103021003413e-8  8.68702469822103
7.768475773368726e-8  8.734672190960856
8.045921336703324e-8  8.753218492811696
8.323366900037921e-8  8.802336538731215
8.600812463372518e-8  8.815626867384527
8.878258026707116e-8  8.899141338692422
9.155703590041713e-8  8.91892380481478
9.433149153376311e-8  8.942277875106834
9.710594716710908e-8  8.921945405793847
9.988040280045505e-8  8.961821090461234
1.0265485843380103e-7  8.981089721081629
1.05429314067147e-7  8.968650912700657
1.0820376970049298e-7  9.019778657123473
1.1097822533383895e-7  9.053689992081722
1.1375268096718492e-7  9.059220418415228
1.165271366005309e-7  9.039348260785253
1.1930159223387688e-7  9.044254847632999
1.2207604786722285e-7  9.085383926629293
1.2485050350056882e-7  9.057197238729284
1.276249591339148e-7  9.13643277006374
1.3039941476726076e-7  9.151167081772225
1.3317387040060675e-7  9.192121825519429
1.3594832603395272e-7  9.20866421650055
1.387227816672987e-7  9.196008353917625
