2.774455633345974e-9  2303.1487177849517
5.548911266691948e-9  4626.416889857437
8.323366900037922e-9  6950.292782884626
1.1097822533383895e-8  9274.427411716215
1.3872278166729869e-8  11600.585830826616
1.6646733800075844e-8  13925.833398168805
1.9421189433421816e-8  16248.683894513768
2.219564506676779e-8  18582.700795996676
2.4970100700113762e-8  20898.21545049651
2.7744556333459737e-8  23223.76941129651
3.051901196680571e-8  25546.747313482734
3.329346760015169e-8  27871.528624107286
3.6067923233497656e-8  30192.028988736238
3.884237886684363e-8  32521.868212133857
4.1616834500189606e-8  34848.15690480824
4.439129013353558e-8  37173.15101123972
4.7165745766881556e-8  39496.02187514331
4.9940201400227525e-8  41822.193651423935
5.27146570335735e-8  44145.49962633763
5.5489112666919475e-8  46470.105953161554
5.826356830026545e-8  48797.97458033521
6.103802393361143e-8  51128.61316672157
6.38124795669574e-8  53446.42316204289
6.658693520030338e-8  55772.43788799597
6.936139083364934e-8  58048.64767816324
7.213584646699531e-8  60424.68979282604
7.49103021003413e-8  62756.04791105864
7.768475773368726e-8  65075.50015154281
8.045921336703324e-8  67408.03118892343
8.323366900037921e-8  69730.47065601185
8.600812463372518e-8  72060.54306239747
8.878258026707116e-8  74364.68785442958
9.155703590041713e-8  76693.8826206218
9.433149153376311e-8  79032.85192441191
9.710594716710908e-8  81344.66528595063
9.988040280045505e-8  83677.75103001359
1.0265485843380103e-7  85995.93827240606
1.05429314067147e-7  88327.55024407749
1.0820376970049298e-7  90686.11397527988
1.1097822533383895e-7  92976.73240634496
1.1375268096718492e-7  95310.02674262464
1.165271366005309e-7  97616.14366506848
1.1930159223387688e-7  99950.0184891062
1.2207604786722285e-7  102274.90386653536
1.2485050350056882e-7  104600.59453729258
1.276249591339148e-7  106915.57917354899
1.3039941476726076e-7  109253.91975372047
1.3317387040060675e-7  111576.32517195329
1.3594832603395272e-7  113901.00529087946
1.387227816672987e-7  116224.86871231129
