2.774455633345974e-9  33.35148418163462
5.548911266691948e-9  37.755077942761716
8.323366900037922e-9  40.34132630972792
1.1097822533383895e-8  42.16347993967268
1.3872278166729869e-8  43.56241182560249
1.6646733800075844e-8  44.69793031489711
1.9421189433421816e-8  45.6631863807965
2.219564506676779e-8  46.512410323902074
2.4970100700113762e-8  47.26674516808088
2.7744556333459737e-8  47.934343825263014
3.051901196680571e-8  48.537562698085814
3.329346760015169e-8  49.081003442209116
3.6067923233497656e-8  49.59623364558196
3.884237886684363e-8  50.06721890787702
4.1616834500189606e-8  50.504978135310154
4.439129013353558e-8  50.91082906626069
4.7165745766881556e-8  51.29951047602313
4.9940201400227525e-8  51.64526273828346
5.27146570335735e-8  51.978012218879805
5.5489112666919475e-8  52.33953974187349
5.826356830026545e-8  52.68762390211103
6.103802393361143e-8  52.96518349996679
6.38124795669574e-8  53.213086465957645
6.658693520030338e-8  53.520429887006756
6.936139083364934e-8  53.799707695494355
7.213584646699531e-8  54.06138424748808
7.49103021003413e-8  54.27877769385279
7.768475773368726e-8  54.486737748391604
8.045921336703324e-8  54.68357004083761
8.323366900037921e-8  54.9756585210076
8.600812463372518e-8  55.15943281398845
8.878258026707116e-8  55.29934294803053
9.155703590041713e-8  55.54926210497662
9.433149153376311e-8  55.77380565354619
9.710594716710908e-8  55.91204413656586
9.988040280045505e-8  56.16032178466872
1.0265485843380103e-7  56.33731415131137
1.05429314067147e-7  56.509264147689464
1.0820376970049298e-7  56.683815447262006
1.1097822533383895e-7  56.76627744416259
1.1375268096718492e-7  56.869506824011395
1.165271366005309e-7  57.17354844102678
1.1930159223387688e-7  57.20995769033752
1.2207604786722285e-7  57.405497393686694
1.2485050350056882e-7  57.5028094793544
1.276249591339148e-7  57.74184186514027
1.3039941476726076e-7  57.853311083821666
1.3317387040060675e-7  58.00319977846226
1.3594832603395272e-7  58.19703454526293
1.387227816672987e-7  58.15177832525765
