2.774455633345974e-9  8.304596638223408
5.548911266691948e-9  9.340822591965086
8.323366900037922e-9  9.948583815623925
1.1097822533383895e-8  10.378904662257058
1.3872278166729869e-8  10.712905277449348
1.6646733800075844e-8  10.986261070251187
1.9421189433421816e-8  11.21611272004827
2.219564506676779e-8  11.416415088040447
2.4970100700113762e-8  11.591936155435901
2.7744556333459737e-8  11.751065906631423
3.051901196680571e-8  11.892829741024244
3.329346760015169e-8  12.022909568180893
3.6067923233497656e-8  12.142279645307084
3.884237886684363e-8  12.257344881966587
4.1616834500189606e-8  12.36436517650883
4.439129013353558e-8  12.45868852811797
4.7165745766881556e-8  12.551304893837747
4.9940201400227525e-8  12.632785689025967
5.27146570335735e-8  12.724536932512004
5.5489112666919475e-8  12.796643941840404
5.826356830026545e-8  12.869041979474162
6.103802393361143e-8  12.948492347588498
6.38124795669574e-8  12.842546104758956
6.658693520030338e-8  13.073095563761015
6.936139083364934e-8  13.137192659416577
7.213584646699531e-8  13.201459710831935
7.49103021003413e-8  13.256196797435804
7.768475773368726e-8  13.316753103544631
8.045921336703324e-8  13.363004987661654
8.323366900037921e-8  13.418961777968086
8.600812463372518e-8  13.473846363213028
8.878258026707116e-8  13.52440871448945
9.155703590041713e-8  13.564923164086638
9.433149153376311e-8  13.623940073164885
9.710594716710908e-8  13.655516111452297
9.988040280045505e-8  13.716273515082426
1.0265485843380103e-7  13.735348568634908
1.05429314067147e-7  13.791804607297742
1.0820376970049298e-7  13.8306184730654
1.1097822533383895e-7  13.838152189861718
1.1375268096718492e-7  13.865357306897215
1.165271366005309e-7  13.926323844866266
1.1930159223387688e-7  13.959398755194265
1.2207604786722285e-7  14.02341523642064
1.2485050350056882e-7  14.016147755646257
1.276249591339148e-7  14.04677912911269
1.3039941476726076e-7  14.094091955574028
1.3317387040060675e-7  14.112397617178335
1.3594832603395272e-7  14.161625299475899
1.387227816672987e-7  14.195762880404814
