2.774455633345974e-9  10.56847041708335
5.548911266691948e-9  11.648220961851779
8.323366900037922e-9  12.28025984356203
1.1097822533383895e-8  12.731867670836923
1.3872278166729869e-8  13.086801288257247
1.6646733800075844e-8  13.372086070410582
1.9421189433421816e-8  13.621432994582314
2.219564506676779e-8  13.827696540570505
2.4970100700113762e-8  14.024560098182098
2.7744556333459737e-8  14.167583143846501
3.051901196680571e-8  14.359345773274159
3.329346760015169e-8  14.456297442030348
3.6067923233497656e-8  14.563597919663195
3.884237886684363e-8  14.710197480449597
4.1616834500189606e-8  14.82522125871279
4.439129013353558e-8  14.889756922561487
4.7165745766881556e-8  15.040046329469547
4.9940201400227525e-8  15.142209018703555
5.27146570335735e-8  15.113068816331886
5.5489112666919475e-8  15.270075439832308
5.826356830026545e-8  15.396874571243988
6.103802393361143e-8  15.39216127528551
6.38124795669574e-8  15.533829460737875
6.658693520030338e-8  15.534673562980638
6.936139083364934e-8  15.57573583137721
7.213584646699531e-8  15.684931579470245
7.49103021003413e-8  15.691251756694703
7.768475773368726e-8  15.757474335644433
8.045921336703324e-8  15.808765612306985
8.323366900037921e-8  15.840713942833553
8.600812463372518e-8  15.93343699261833
8.878258026707116e-8  16.0187666348056
9.155703590041713e-8  16.097655395652087
9.433149153376311e-8  16.127442238934517
9.710594716710908e-8  16.21266406325978
9.988040280045505e-8  16.190126821101767
1.0265485843380103e-7  16.262098289569142
1.05429314067147e-7  16.300150741852104
1.0820376970049298e-7  16.400207012771443
1.1097822533383895e-7  16.423805458909246
1.1375268096718492e-7  16.343482809346128
1.165271366005309e-7  16.455215914020993
1.1930159223387688e-7  16.57189914781138
1.2207604786722285e-7  16.501143124043775
1.2485050350056882e-7  16.503309761929373
1.276249591339148e-7  16.625971450665368
1.3039941476726076e-7  16.56997603840733
1.3317387040060675e-7  16.65752980247048
1.3594832603395272e-7  16.675255286341073
1.387227816672987e-7  16.640397597589942
