2.774455633345974e-9  37.27424574979626
5.548911266691948e-9  41.78006066248269
8.323366900037922e-9  44.41637518468683
1.1097822533383895e-8  46.28706352496509
1.3872278166729869e-8  47.738734095066775
1.6646733800075844e-8  48.92223610028202
1.9421189433421816e-8  49.92875279550686
2.219564506676779e-8  50.79803816962797
2.4970100700113762e-8  51.57033152342348
2.7744556333459737e-8  52.256339987263466
3.051901196680571e-8  52.89010511107271
3.329346760015169e-8  53.453872695129874
3.6067923233497656e-8  53.95736330684144
3.884237886684363e-8  54.44103674218787
4.1616834500189606e-8  54.921305999075734
4.439129013353558e-8  55.31110375645022
4.7165745766881556e-8  55.775483780234836
4.9940201400227525e-8  56.153443190795365
5.27146570335735e-8  56.441812438254864
5.5489112666919475e-8  56.8356653088495
5.826356830026545e-8  57.16747455692359
6.103802393361143e-8  57.47707830043009
6.38124795669574e-8  57.790239759183336
6.658693520030338e-8  58.00593673669103
6.936139083364934e-8  58.25860920913585
7.213584646699531e-8  58.52557282201867
7.49103021003413e-8  58.754276457938104
7.768475773368726e-8  59.0577738679029
8.045921336703324e-8  59.28295440358074
8.323366900037921e-8  59.5140196196483
8.600812463372518e-8  59.627750640968145
8.878258026707116e-8  59.94890633217752
9.155703590041713e-8  60.138542711923556
9.433149153376311e-8  60.33410069489091
9.710594716710908e-8  60.69090024482551
9.988040280045505e-8  60.739346185759906
1.0265485843380103e-7  61.00360664922053
1.05429314067147e-7  61.059796333712455
1.0820376970049298e-7  61.32030678869577
1.1097822533383895e-7  61.36291608426222
1.1375268096718492e-7  61.79462283266171
1.165271366005309e-7  61.807108540539986
1.1930159223387688e-7  61.918512286654845
1.2207604786722285e-7  62.08001626762668
1.2485050350056882e-7  62.05906487154004
1.276249591339148e-7  62.202573412828684
1.3039941476726076e-7  62.406802380916574
1.3317387040060675e-7  62.59233856488471
1.3594832603395272e-7  62.68235854561253
1.387227816672987e-7  62.87970801662054
