2.774455633345974e-9  7.742911290520205
5.548911266691948e-9  8.568274375688361
8.323366900037922e-9  9.051401782595871
1.1097822533383895e-8  9.394793963683162
1.3872278166729869e-8  9.660401902751097
1.6646733800075844e-8  9.880676104403127
1.9421189433421816e-8  10.065301055059413
2.219564506676779e-8  10.225502030087434
2.4970100700113762e-8  10.370929271105503
2.7744556333459737e-8  10.500537155876783
3.051901196680571e-8  10.633872548203204
3.329346760015169e-8  10.727134499199867
3.6067923233497656e-8  10.831895680927007
3.884237886684363e-8  10.913915501143698
4.1616834500189606e-8  10.98722962478649
4.439129013353558e-8  11.062041258223957
4.7165745766881556e-8  11.154462318130623
4.9940201400227525e-8  11.20317117003532
5.27146570335735e-8  11.263877978003029
5.5489112666919475e-8  11.34324063872015
5.826356830026545e-8  11.399493406287252
6.103802393361143e-8  11.451065092015831
6.38124795669574e-8  11.543895908967855
6.658693520030338e-8  11.58981660483089
6.936139083364934e-8  11.615016166776128
7.213584646699531e-8  11.6747873209141
7.49103021003413e-8  11.701738626032046
7.768475773368726e-8  11.757180774092575
8.045921336703324e-8  11.774381583645136
8.323366900037921e-8  11.81642823678486
8.600812463372518e-8  11.839518404318898
8.878258026707116e-8  11.897354236402927
9.155703590041713e-8  11.900161269120474
9.433149153376311e-8  11.976661016998808
9.710594716710908e-8  11.968301406577798
9.988040280045505e-8  12.06964889123678
1.0265485843380103e-7  12.096751816582703
1.05429314067147e-7  12.109732128644852
1.0820376970049298e-7  12.136141862196435
1.1097822533383895e-7  12.1936990623316
1.1375268096718492e-7  12.22212225333359
1.165271366005309e-7  12.2150549390344
1.1930159223387688e-7  12.266533945906863
1.2207604786722285e-7  12.257365590006618
1.2485050350056882e-7  12.276239684347026
1.276249591339148e-7  12.310310226159219
1.3039941476726076e-7  12.38268185152179
1.3317387040060675e-7  12.420048983457256
1.3594832603395272e-7  12.42297274513926
1.387227816672987e-7  12.48703465649525
