2.774455633345974e-9  4.1148292459651366
5.548911266691948e-9  4.496218102783362
8.323366900037922e-9  4.7205399224957
1.1097822533383895e-8  4.879517166085386
1.3872278166729869e-8  5.010985460331882
1.6646733800075844e-8  5.101483430562482
1.9421189433421816e-8  5.190390830580527
2.219564506676779e-8  5.273799918882876
2.4970100700113762e-8  5.346231331594017
2.7744556333459737e-8  5.392706219858456
3.051901196680571e-8  5.443150340410186
3.329346760015169e-8  5.4978551935409605
3.6067923233497656e-8  5.545248281708813
3.884237886684363e-8  5.574412520677122
4.1616834500189606e-8  5.603211239626019
4.439129013353558e-8  5.654862119734028
4.7165745766881556e-8  5.705563156693859
4.9940201400227525e-8  5.757805651372686
5.27146570335735e-8  5.781081738904785
5.5489112666919475e-8  5.806749239975987
5.826356830026545e-8  5.835370943839875
6.103802393361143e-8  5.831926479207383
6.38124795669574e-8  5.839282630304271
6.658693520030338e-8  5.871981341684584
6.936139083364934e-8  5.89925237980423
7.213584646699531e-8  5.903046087899718
7.49103021003413e-8  5.956066882278962
7.768475773368726e-8  5.972716474538022
8.045921336703324e-8  5.987027119637404
8.323366900037921e-8  5.9825512832882515
8.600812463372518e-8  6.018333048904256
8.878258026707116e-8  6.047771647397534
9.155703590041713e-8  6.048051800576305
9.433149153376311e-8  6.100093693870689
9.710594716710908e-8  6.089280716859787
9.988040280045505e-8  6.100672921161655
1.0265485843380103e-7  6.148657651245548
1.05429314067147e-7  6.13997500434446
1.0820376970049298e-7  6.180154869278781
1.1097822533383895e-7  6.163579754332987
1.1375268096718492e-7  6.1358651507010435
1.165271366005309e-7  6.2069838032514975
1.1930159223387688e-7  6.182980421541573
1.2207604786722285e-7  6.2160575760235215
1.2485050350056882e-7  6.20602154736111
1.276249591339148e-7  6.204708064110845
1.3039941476726076e-7  6.218824351935834
1.3317387040060675e-7  6.261872703221331
1.3594832603395272e-7  6.254103209005115
1.387227816672987e-7  6.245673853714396
