2.774455633345974e-9  3.4211215809566986
5.548911266691948e-9  3.762274104039245
8.323366900037922e-9  3.9637516066004763
1.1097822533383895e-8  4.105750452785974
1.3872278166729869e-8  4.217130795040381
1.6646733800075844e-8  4.307136028062454
1.9421189433421816e-8  4.3848474883493775
2.219564506676779e-8  4.45180055595184
2.4970100700113762e-8  4.512829210375932
2.7744556333459737e-8  4.565159829940348
3.051901196680571e-8  4.6192153703487255
3.329346760015169e-8  4.659374131850307
3.6067923233497656e-8  4.70058735918821
3.884237886684363e-8  4.739680886949666
4.1616834500189606e-8  4.774490047432625
4.439129013353558e-8  4.799175475522896
4.7165745766881556e-8  4.842180049970002
4.9940201400227525e-8  4.865270143952563
5.27146570335735e-8  4.891357344769181
5.5489112666919475e-8  4.920936699633679
5.826356830026545e-8  4.947930055558931
6.103802393361143e-8  4.9701841451461855
6.38124795669574e-8  5.000503926496236
6.658693520030338e-8  5.02594087980332
6.936139083364934e-8  5.042631618025302
7.213584646699531e-8  5.055934679853896
7.49103021003413e-8  5.068388191383088
7.768475773368726e-8  5.109490277559139
8.045921336703324e-8  5.1210769553619
8.323366900037921e-8  5.120303649707252
8.600812463372518e-8  5.127601202619342
8.878258026707116e-8  5.158733433442456
9.155703590041713e-8  5.169844914534695
9.433149153376311e-8  5.192445479895508
9.710594716710908e-8  5.186828405972534
9.988040280045505e-8  5.217462898192045
1.0265485843380103e-7  5.234120283044951
1.05429314067147e-7  5.242302328804137
1.0820376970049298e-7  5.244484179225084
1.1097822533383895e-7  5.278684439557444
1.1375268096718492e-7  5.297161414877958
1.165271366005309e-7  5.301201200954214
1.1930159223387688e-7  5.312871693326341
1.2207604786722285e-7  5.317811065456526
1.2485050350056882e-7  5.317851148803023
1.276249591339148e-7  5.360134928758502
1.3039941476726076e-7  5.356365571231247
1.3317387040060675e-7  5.3565833079951215
1.3594832603395272e-7  5.3435395720332775
1.387227816672987e-7  5.401027885297311
