2.774455633345974e-9  14.012249986307545
5.548911266691948e-9  15.73269403021634
8.323366900037922e-9  16.74605725256398
1.1097822533383895e-8  17.4605015895534
1.3872278166729869e-8  18.016293956728145
1.6646733800075844e-8  18.47072564540041
1.9421189433421816e-8  18.85403740892237
2.219564506676779e-8  19.18847360428411
2.4970100700113762e-8  19.484798580767155
2.7744556333459737e-8  19.743631788050696
3.051901196680571e-8  19.98225705176064
3.329346760015169e-8  20.203562895725952
3.6067923233497656e-8  20.40522120364882
3.884237886684363e-8  20.586969136320782
4.1616834500189606e-8  20.767959033519887
4.439129013353558e-8  20.944114787285034
4.7165745766881556e-8  21.089353988751373
4.9940201400227525e-8  21.23287937040806
5.27146570335735e-8  21.373125963518795
5.5489112666919475e-8  21.509657013697776
5.826356830026545e-8  21.62133695378674
6.103802393361143e-8  21.75761425319173
6.38124795669574e-8  21.849820137239348
6.658693520030338e-8  21.981734053989488
6.936139083364934e-8  22.057367927399266
7.213584646699531e-8  22.158623543609075
7.49103021003413e-8  22.24543315489441
7.768475773368726e-8  22.35611993074686
8.045921336703324e-8  22.451424454236747
8.323366900037921e-8  22.53091772915633
8.600812463372518e-8  22.625877205961263
8.878258026707116e-8  22.708489874261126
9.155703590041713e-8  22.794128263584803
9.433149153376311e-8  22.906421302660576
9.710594716710908e-8  22.925550018389764
9.988040280045505e-8  23.041080381689056
1.0265485843380103e-7  23.051873464682995
1.05429314067147e-7  23.13333888877965
1.0820376970049298e-7  23.220241575697624
1.1097822533383895e-7  23.287979225984145
1.1375268096718492e-7  23.344586604698552
1.165271366005309e-7  23.386802879154324
1.1930159223387688e-7  23.431677986666738
1.2207604786722285e-7  23.55946075174707
1.2485050350056882e-7  23.637048826727995
1.276249591339148e-7  23.70978578401828
1.3039941476726076e-7  23.705316655537445
1.3317387040060675e-7  23.74426741893676
1.3594832603395272e-7  23.787337460472425
1.387227816672987e-7  23.86338894765971
