2.774455633345974e-9  1248.2589766660562
5.548911266691948e-9  2514.323071812902
8.323366900037922e-9  3781.3454750375718
1.1097822533383895e-8  5048.994815366856
1.3872278166729869e-8  6316.3998950454725
1.6646733800075844e-8  7567.9164933982565
1.9421189433421816e-8  8851.529042155313
2.219564506676779e-8  10119.964883459697
2.4970100700113762e-8  11388.113406576322
2.7744556333459737e-8  12654.209113977611
3.051901196680571e-8  13925.833398168805
3.329346760015169e-8  15193.14661539514
3.6067923233497656e-8  16490.06727842281
3.884237886684363e-8  17727.258810886393
4.1616834500189606e-8  18996.472399835755
4.439129013353558e-8  20266.486281041696
4.7165745766881556e-8  21520.861198326744
4.9940201400227525e-8  22789.26605372828
5.27146570335735e-8  24067.201033254547
5.5489112666919475e-8  25338.509156797303
5.826356830026545e-8  26605.502681382644
6.103802393361143e-8  27871.5286241073
6.38124795669574e-8  29142.163353660264
6.658693520030338e-8  30409.470293049395
6.936139083364934e-8  31678.351545561734
7.213584646699531e-8  32952.32729494136
7.49103021003413e-8  34219.05452804954
7.768475773368726e-8  35483.899736087136
8.045921336703324e-8  36753.156115498685
8.323366900037921e-8  38016.58969728986
8.600812463372518e-8  39284.129026594055
8.878258026707116e-8  40554.16900291822
9.155703590041713e-8  41822.193651423935
9.433149153376311e-8  43094.444210394126
9.710594716710908e-8  44361.743061354995
9.988040280045505e-8  45629.48304773762
1.0265485843380103e-7  46895.21628215872
1.05429314067147e-7  48161.44532422745
1.0820376970049298e-7  49430.114608369186
1.1097822533383895e-7  50719.97754279535
1.1375268096718492e-7  51965.70035108344
1.165271366005309e-7  53242.635985944624
1.1930159223387688e-7  54497.06169030103
1.2207604786722285e-7  55772.43788799597
1.2485050350056882e-7  57049.20885406119
1.276249591339148e-7  58316.13681697844
1.3039941476726076e-7  59577.3774403466
1.3317387040060675e-7  60849.24796357875
1.3594832603395272e-7  62129.93365577221
1.387227816672987e-7  63380.30803786887
