2.774455633345974e-9  910.8150423956082
5.548911266691948e-9  1838.9573102912154
8.323366900037922e-9  2767.826824593916
1.1097822533383895e-8  3697.2494461613574
1.3872278166729869e-8  4626.416889857437
1.6646733800075844e-8  5556.087906057421
1.9421189433421816e-8  6485.593623748583
2.219564506676779e-8  7414.707173641746
2.4970100700113762e-8  8343.936603934408
2.7744556333459737e-8  9274.427411716215
3.051901196680571e-8  10204.493098439487
3.329346760015169e-8  11135.26877073119
3.6067923233497656e-8  12064.734608856852
3.884237886684363e-8  12993.914130498393
4.1616834500189606e-8  13925.833398168805
4.439129013353558e-8  14853.570488686382
4.7165745766881556e-8  15783.737337765822
4.9940201400227525e-8  16713.091622091077
5.27146570335735e-8  17643.519380973667
5.5489112666919475e-8  18582.700795996676
5.826356830026545e-8  19503.10775714937
6.103802393361143e-8  20431.53761437508
6.38124795669574e-8  21361.850958629933
6.658693520030338e-8  22283.711104003512
6.936139083364934e-8  23223.76941129651
7.213584646699531e-8  24154.857714449547
7.49103021003413e-8  25079.44792123366
7.768475773368726e-8  26012.405320373044
8.045921336703324e-8  26945.436960386854
8.323366900037921e-8  27871.5286241073
8.600812463372518e-8  28803.13300890424
8.878258026707116e-8  29735.402143478026
9.155703590041713e-8  30664.186382315012
9.433149153376311e-8  31593.299544715905
9.710594716710908e-8  32521.868212133853
9.988040280045505e-8  33453.359966785385
1.0265485843380103e-7  34381.53784615705
1.05429314067147e-7  35310.5944078889
1.0820376970049298e-7  36246.81994212836
1.1097822533383895e-7  37173.15101123972
1.1375268096718492e-7  38105.460842035754
1.165271366005309e-7  39031.67349321552
1.1930159223387688e-7  39963.02104805743
1.2207604786722285e-7  40895.30018362731
1.2485050350056882e-7  41822.193651423935
1.276249591339148e-7  42751.57572438672
1.3039941476726076e-7  43683.13687906746
1.3317387040060675e-7  44614.504284746334
1.3594832603395272e-7  45542.655959984615
1.387227816672987e-7  46470.105953161554
