2.774455633345974e-9  4.714381122587908
5.548911266691948e-9  5.197469070380049
8.323366900037922e-9  5.481498328427115
1.1097822533383895e-8  5.682213523104853
1.3872278166729869e-8  5.8385473689973555
1.6646733800075844e-8  5.966721646315827
1.9421189433421816e-8  6.075730492078244
2.219564506676779e-8  6.171662906183995
2.4970100700113762e-8  6.258735520880986
2.7744556333459737e-8  6.331575201925276
3.051901196680571e-8  6.410080725747223
3.329346760015169e-8  6.466073719828546
3.6067923233497656e-8  6.522954790327597
3.884237886684363e-8  6.577962165903498
4.1616834500189606e-8  6.626005065326151
4.439129013353558e-8  6.6587122237761545
4.7165745766881556e-8  6.718165728529026
4.9940201400227525e-8  6.7543729001358095
5.27146570335735e-8  6.805206485450649
5.5489112666919475e-8  6.8315065765571035
5.826356830026545e-8  6.867726978367835
6.103802393361143e-8  6.896974587479277
6.38124795669574e-8  6.9481325148177815
6.658693520030338e-8  6.972363680781558
6.936139083364934e-8  6.989231829949219
7.213584646699531e-8  7.019050748839268
7.49103021003413e-8  7.038928379231773
7.768475773368726e-8  7.080020018625216
8.045921336703324e-8  7.102441807191628
8.323366900037921e-8  7.113643411489988
8.600812463372518e-8  7.125410324786265
8.878258026707116e-8  7.174924890629478
9.155703590041713e-8  7.180093339025918
9.433149153376311e-8  7.2040906322456975
9.710594716710908e-8  7.213411737038573
9.988040280045505e-8  7.210015799585697
1.0265485843380103e-7  7.27609119798777
1.05429314067147e-7  7.294082302756096
1.0820376970049298e-7  7.315855009955741
1.1097822533383895e-7  7.338762261718832
1.1375268096718492e-7  7.338696105018763
1.165271366005309e-7  7.361551222719598
1.1930159223387688e-7  7.365780029021275
1.2207604786722285e-7  7.3950293704325345
1.2485050350056882e-7  7.407087771471134
1.276249591339148e-7  7.4274217900787605
1.3039941476726076e-7  7.458643922473645
1.3317387040060675e-7  7.456938307160256
1.3594832603395272e-7  7.485893131064258
1.387227816672987e-7  7.5031435082558495
