2.774455633345974e-9  15.79045109869322
5.548911266691948e-9  17.435766880142022
8.323366900037922e-9  18.402134822154235
1.1097822533383895e-8  19.088313482604335
1.3872278166729869e-8  19.615382163195406
1.6646733800075844e-8  20.053745526527873
1.9421189433421816e-8  20.420187381731846
2.219564506676779e-8  20.733524539791535
2.4970100700113762e-8  21.01596276857208
2.7744556333459737e-8  21.280846448433646
3.051901196680571e-8  21.525691566181614
3.329346760015169e-8  21.750409647323334
3.6067923233497656e-8  21.90726698428471
3.884237886684363e-8  22.08273883628996
4.1616834500189606e-8  22.255551496678898
4.439129013353558e-8  22.406045414976493
4.7165745766881556e-8  22.59250673283048
4.9940201400227525e-8  22.71847037380975
5.27146570335735e-8  22.79535738380391
5.5489112666919475e-8  23.008104858804245
5.826356830026545e-8  23.11244785183163
6.103802393361143e-8  23.246607063907376
6.38124795669574e-8  23.345353324697623
6.658693520030338e-8  23.3849874090887
6.936139083364934e-8  23.475792927669545
7.213584646699531e-8  23.57407230804541
7.49103021003413e-8  23.65678516480377
7.768475773368726e-8  23.743035954072873
8.045921336703324e-8  23.765957713874712
8.323366900037921e-8  23.88338134355256
8.600812463372518e-8  23.98546009538022
8.878258026707116e-8  24.021038571729633
9.155703590041713e-8  24.056834773781087
9.433149153376311e-8  24.18861140099186
9.710594716710908e-8  24.255051182071067
9.988040280045505e-8  24.323094501541593
1.0265485843380103e-7  24.370944185253716
1.05429314067147e-7  24.508933671318818
1.0820376970049298e-7  24.631257935611792
1.1097822533383895e-7  24.726010913662243
1.1375268096718492e-7  24.73107404111461
1.165271366005309e-7  24.72804023756921
1.1930159223387688e-7  24.877457739388976
1.2207604786722285e-7  24.91629582225179
1.2485050350056882e-7  24.834576113640463
1.276249591339148e-7  25.070493862320987
1.3039941476726076e-7  25.00225214646107
1.3317387040060675e-7  25.216541653455266
1.3594832603395272e-7  25.166580305058464
1.387227816672987e-7  25.09342956389837
