2.774455633345974e-9  3149.2848032366937
5.548911266691948e-9  6316.3998950454725
8.323366900037922e-9  9485.629293155669
1.1097822533383895e-8  12654.209113977611
1.3872278166729869e-8  15826.73179523397
1.6646733800075844e-8  18996.472399835755
1.9421189433421816e-8  22165.912586868788
2.219564506676779e-8  25338.509156797303
2.4970100700113762e-8  28507.664812082057
2.7744556333459737e-8  31678.351545561734
3.051901196680571e-8  34848.15690480824
3.329346760015169e-8  38016.58969728986
3.6067923233497656e-8  41186.65467814645
3.884237886684363e-8  44361.743061354995
4.1616834500189606e-8  47528.11994629081
4.439129013353558e-8  50719.97754279535
4.7165745766881556e-8  53870.51557959866
4.9940201400227525e-8  57049.20885406119
5.27146570335735e-8  60212.38792991083
5.5489112666919475e-8  63380.30803786887
5.826356830026545e-8  66558.06773462253
6.103802393361143e-8  69730.47065601185
6.38124795669574e-8  72901.53698506678
6.658693520030338e-8  76066.99739352732
6.936139083364934e-8  79231.8289034115
7.213584646699531e-8  82409.77707931928
7.49103021003413e-8  85577.45644351216
7.768475773368726e-8  88764.94025387122
8.045921336703324e-8  91916.15471052335
8.323366900037921e-8  95088.64019471305
8.600812463372518e-8  98260.2732221684
8.878258026707116e-8  101421.54238740401
9.155703590041713e-8  104600.59453729258
9.433149153376311e-8  107775.27938126789
9.710594716710908e-8  110937.17373568995
9.988040280045505e-8  114116.83737936452
1.0265485843380103e-7  117277.46587334045
1.05429314067147e-7  120448.24953658883
1.0820376970049298e-7  123600.34877609064
1.1097822533383895e-7  126798.89270273899
1.1375268096718492e-7  129935.28137460092
1.165271366005309e-7  133136.00725903796
1.1930159223387688e-7  136311.69148450837
1.2207604786722285e-7  139478.45915868186
1.2485050350056882e-7  142645.35830829162
1.276249591339148e-7  145822.38116112768
1.3039941476726076e-7  148990.60415658145
1.3317387040060675e-7  152150.5693803484
1.3594832603395272e-7  155338.80092349087
1.387227816672987e-7  158497.14935363957
