2.774455633345974e-9  9.723538376234426
5.548911266691948e-9  10.694696060996387
8.323366900037922e-9  11.262997922792238
1.1097822533383895e-8  11.665017971541735
1.3872278166729869e-8  11.989170756700082
1.6646733800075844e-8  12.241708300297917
1.9421189433421816e-8  12.47239287219344
2.219564506676779e-8  12.647395356595695
2.4970100700113762e-8  12.815867421341725
2.7744556333459737e-8  12.96769084254656
3.051901196680571e-8  13.120288770493827
3.329346760015169e-8  13.243001702852327
3.6067923233497656e-8  13.354239724572274
3.884237886684363e-8  13.448828406214176
4.1616834500189606e-8  13.498609710791888
4.439129013353558e-8  13.618285489600517
4.7165745766881556e-8  13.70765125004454
4.9940201400227525e-8  13.80600028532509
5.27146570335735e-8  13.893802523684435
5.5489112666919475e-8  14.056686024719479
5.826356830026545e-8  14.091886877124919
6.103802393361143e-8  14.143645519526617
6.38124795669574e-8  14.100583240991345
6.658693520030338e-8  14.16776374977765
6.936139083364934e-8  14.189388874392655
7.213584646699531e-8  14.274719550751225
7.49103021003413e-8  14.308052361073903
7.768475773368726e-8  14.415251077286293
8.045921336703324e-8  14.462545619671717
8.323366900037921e-8  14.435360037117517
8.600812463372518e-8  14.537297179243797
8.878258026707116e-8  14.608087460301354
9.155703590041713e-8  14.578094737370346
9.433149153376311e-8  14.684163719019304
9.710594716710908e-8  14.655715507471191
9.988040280045505e-8  14.724258535333608
1.0265485843380103e-7  14.810477271712362
1.05429314067147e-7  14.899326796265044
1.0820376970049298e-7  14.920822079939093
1.1097822533383895e-7  14.850570716886901
1.1375268096718492e-7  14.831880640349373
1.165271366005309e-7  15.039747394299898
1.1930159223387688e-7  14.983314598903322
1.2207604786722285e-7  15.081768083714431
1.2485050350056882e-7  15.107409256277403
1.276249591339148e-7  15.100965764566846
1.3039941476726076e-7  15.156724267170963
1.3317387040060675e-7  15.159159118252264
1.3594832603395272e-7  15.127872916960714
1.387227816672987e-7  15.058993958074367
