2.774455633345974e-9  5.222841482165796
5.548911266691948e-9  5.756417775298264
8.323366900037922e-9  6.068604404060201
1.1097822533383895e-8  6.291188249233829
1.3872278166729869e-8  6.463647245048537
1.6646733800075844e-8  6.604714263179485
1.9421189433421816e-8  6.725349242807416
2.219564506676779e-8  6.829322215959741
2.4970100700113762e-8  6.923296700350716
2.7744556333459737e-8  7.0025180838962635
3.051901196680571e-8  7.082032155280101
3.329346760015169e-8  7.150957639561598
3.6067923233497656e-8  7.208918404579079
3.884237886684363e-8  7.281492200550577
4.1616834500189606e-8  7.326754409905703
4.439129013353558e-8  7.408715011477006
4.7165745766881556e-8  7.427709620508523
4.9940201400227525e-8  7.458435581063921
5.27146570335735e-8  7.4995444586367785
5.5489112666919475e-8  7.554783307668954
5.826356830026545e-8  7.583612152897591
6.103802393361143e-8  7.624055383074884
6.38124795669574e-8  7.64119541290975
6.658693520030338e-8  7.6744260891785085
6.936139083364934e-8  7.721592863841103
7.213584646699531e-8  7.747889288897462
7.49103021003413e-8  7.764288783918276
7.768475773368726e-8  7.8246204589416655
8.045921336703324e-8  7.868871719212802
8.323366900037921e-8  7.852592574568246
8.600812463372518e-8  7.884098332158055
8.878258026707116e-8  7.918079447491813
9.155703590041713e-8  7.9481711654504545
9.433149153376311e-8  7.99244060515348
9.710594716710908e-8  7.983247745638357
9.988040280045505e-8  8.002841345503748
1.0265485843380103e-7  8.007076158714503
1.05429314067147e-7  8.011694501444433
1.0820376970049298e-7  8.046733144349801
1.1097822533383895e-7  8.054482791851088
1.1375268096718492e-7  8.083668690940135
1.165271366005309e-7  8.109328782245283
1.1930159223387688e-7  8.126942733983293
1.2207604786722285e-7  8.167675793605136
1.2485050350056882e-7  8.191217451486166
1.276249591339148e-7  8.20634466613829
1.3039941476726076e-7  8.194194174615916
1.3317387040060675e-7  8.196329290109272
1.3594832603395272e-7  8.200877749227189
1.387227816672987e-7  8.235139585643143
