2.774455633345974e-9  7.033518238594336
5.548911266691948e-9  7.791785124506303
8.323366900037922e-9  8.234982989116906
1.1097822533383895e-8  8.550393459342311
1.3872278166729869e-8  8.794109517154267
1.6646733800075844e-8  8.994983727274628
1.9421189433421816e-8  9.16297024831179
2.219564506676779e-8  9.309533644691394
2.4970100700113762e-8  9.448784084095537
2.7744556333459737e-8  9.56261769277084
3.051901196680571e-8  9.66827091621326
3.329346760015169e-8  9.767717437225356
3.6067923233497656e-8  9.843102918621723
3.884237886684363e-8  9.935257050726488
4.1616834500189606e-8  10.023020610432381
4.439129013353558e-8  10.109562234449518
4.7165745766881556e-8  10.154183450307585
4.9940201400227525e-8  10.223344305708185
5.27146570335735e-8  10.2624254469596
5.5489112666919475e-8  10.329723781848312
5.826356830026545e-8  10.374592067387638
6.103802393361143e-8  10.44829196982299
6.38124795669574e-8  10.467020249693526
6.658693520030338e-8  10.536351183584841
6.936139083364934e-8  10.56630799890092
7.213584646699531e-8  10.596529120613162
7.49103021003413e-8  10.650896447715594
7.768475773368726e-8  10.699861222117184
8.045921336703324e-8  10.767219341033933
8.323366900037921e-8  10.801839134521234
8.600812463372518e-8  10.795092184743888
8.878258026707116e-8  10.829264437040809
9.155703590041713e-8  10.922651587629641
9.433149153376311e-8  10.95544618278879
9.710594716710908e-8  10.936693362916651
9.988040280045505e-8  11.012038212524217
1.0265485843380103e-7  10.972653904647716
1.05429314067147e-7  11.036468194220943
1.0820376970049298e-7  11.046060619276457
1.1097822533383895e-7  11.083782736461368
1.1375268096718492e-7  11.1171739231752
1.165271366005309e-7  11.112259493601911
1.1930159223387688e-7  11.127093568607648
1.2207604786722285e-7  11.193689655715069
1.2485050350056882e-7  11.21957692656063
1.276249591339148e-7  11.22636440904324
1.3039941476726076e-7  11.24477275105653
1.3317387040060675e-7  11.268447957918164
1.3594832603395272e-7  11.308425463001253
1.387227816672987e-7  11.360394970299412
