2.774455633345974e-9  7.384111217827493
5.548911266691948e-9  8.193370632279025
8.323366900037922e-9  8.666697048049583
1.1097822533383895e-8  9.002560659257377
1.3872278166729869e-8  9.264413068643085
1.6646733800075844e-8  9.476328381021409
1.9421189433421816e-8  9.658544597000613
2.219564506676779e-8  9.81617002497755
2.4970100700113762e-8  9.96561320091265
2.7744556333459737e-8  10.090773471351886
3.051901196680571e-8  10.195381459540258
3.329346760015169e-8  10.298116703868983
3.6067923233497656e-8  10.399885292633131
3.884237886684363e-8  10.48071770544189
4.1616834500189606e-8  10.567194328361703
4.439129013353558e-8  10.638591934817175
4.7165745766881556e-8  10.72167790085063
4.9940201400227525e-8  10.790215523624173
5.27146570335735e-8  10.84836549007274
5.5489112666919475e-8  10.907402460119197
5.826356830026545e-8  10.95104229947973
6.103802393361143e-8  11.013638875725878
6.38124795669574e-8  11.054812293445096
6.658693520030338e-8  11.127646164098902
6.936139083364934e-8  11.152245928644094
7.213584646699531e-8  11.202612220252995
7.49103021003413e-8  11.258802070660426
7.768475773368726e-8  11.30376224751052
8.045921336703324e-8  11.361077484858205
8.323366900037921e-8  11.406272222289164
8.600812463372518e-8  11.410474954637817
8.878258026707116e-8  11.46809922626466
9.155703590041713e-8  11.534589889020499
9.433149153376311e-8  11.496200998187277
9.710594716710908e-8  11.588449691736088
9.988040280045505e-8  11.66071238643005
1.0265485843380103e-7  11.650242600764528
1.05429314067147e-7  11.679315048596234
1.0820376970049298e-7  11.674941224649006
1.1097822533383895e-7  11.726036914680463
1.1375268096718492e-7  11.736509223613849
1.165271366005309e-7  11.77324932356464
1.1930159223387688e-7  11.784217041039506
1.2207604786722285e-7  11.819096379206623
1.2485050350056882e-7  11.83818018619975
1.276249591339148e-7  11.915399407645024
1.3039941476726076e-7  11.849074832254882
1.3317387040060675e-7  11.87141395679532
1.3594832603395272e-7  11.957945682405756
1.387227816672987e-7  11.968966628128749
