2.774455633345974e-9  4.620963392567447
5.548911266691948e-9  5.060212602288497
8.323366900037922e-9  5.31737468205455
1.1097822533383895e-8  5.5013892982401655
1.3872278166729869e-8  5.646345120190781
1.6646733800075844e-8  5.762723606984663
1.9421189433421816e-8  5.861318404700994
2.219564506676779e-8  5.9459035641682245
2.4970100700113762e-8  6.019316206316267
2.7744556333459737e-8  6.103553408437581
3.051901196680571e-8  6.176339854058049
3.329346760015169e-8  6.210643671391922
3.6067923233497656e-8  6.2552303702480865
3.884237886684363e-8  6.303576858960867
4.1616834500189606e-8  6.345920722611672
4.439129013353558e-8  6.386297070318538
4.7165745766881556e-8  6.4358837213958715
4.9940201400227525e-8  6.473737532673012
5.27146570335735e-8  6.519622219229026
5.5489112666919475e-8  6.545668358164985
5.826356830026545e-8  6.580113367710401
6.103802393361143e-8  6.595498454627873
6.38124795669574e-8  6.652965156913241
6.658693520030338e-8  6.659207733461539
6.936139083364934e-8  6.661231757767488
7.213584646699531e-8  6.690573723605239
7.49103021003413e-8  6.71417548867095
7.768475773368726e-8  6.7524366888543526
8.045921336703324e-8  6.770715558346054
8.323366900037921e-8  6.79379325457989
8.600812463372518e-8  6.799968459630179
8.878258026707116e-8  6.843591743333566
9.155703590041713e-8  6.840184776196822
9.433149153376311e-8  6.85428358594151
9.710594716710908e-8  6.869238876223656
9.988040280045505e-8  6.907533224600332
1.0265485843380103e-7  6.954064538548627
1.05429314067147e-7  6.964266338500139
1.0820376970049298e-7  6.952835162166573
1.1097822533383895e-7  6.994679945048065
1.1375268096718492e-7  7.042557024662732
1.165271366005309e-7  7.008926327570312
1.1930159223387688e-7  7.067533170564365
1.2207604786722285e-7  7.032731407979275
1.2485050350056882e-7  7.057038530603087
1.276249591339148e-7  7.075604960189516
1.3039941476726076e-7  7.096904194035324
1.3317387040060675e-7  7.113459347466828
1.3594832603395272e-7  7.057074336450641
1.387227816672987e-7  7.116453453117602
