2.774455633345974e-9  62.88914749114698
5.548911266691948e-9  71.83805383591546
8.323366900037922e-9  77.15686858561683
1.1097822533383895e-8  80.87102721723232
1.3872278166729869e-8  83.78229142866773
1.6646733800075844e-8  86.15935457545777
1.9421189433421816e-8  88.15015976573251
2.219564506676779e-8  89.90103058085352
2.4970100700113762e-8  91.41959299353897
2.7744556333459737e-8  92.79802603668432
3.051901196680571e-8  94.03777405799427
3.329346760015169e-8  95.15841915802032
3.6067923233497656e-8  96.20842208573109
3.884237886684363e-8  97.17417916974334
4.1616834500189606e-8  98.0726148187305
4.439129013353558e-8  98.92605680650041
4.7165745766881556e-8  99.70053512585152
4.9940201400227525e-8  100.4524128220957
5.27146570335735e-8  101.1597410034531
5.5489112666919475e-8  101.83108626111294
5.826356830026545e-8  102.46306308789413
6.103802393361143e-8  103.04214168946523
6.38124795669574e-8  103.64424234641187
6.658693520030338e-8  104.20802183218933
6.936139083364934e-8  104.73325743217865
7.213584646699531e-8  105.26039030630552
7.49103021003413e-8  105.71843203663953
7.768475773368726e-8  106.23874083008631
8.045921336703324e-8  106.70193624590843
8.323366900037921e-8  107.12442116872221
8.600812463372518e-8  107.57755466024733
8.878258026707116e-8  107.94713138143135
9.155703590041713e-8  108.42390934692386
9.433149153376311e-8  108.7734546741092
9.710594716710908e-8  109.16482979623775
9.988040280045505e-8  109.54054458212772
1.0265485843380103e-7  109.88659092794057
1.05429314067147e-7  110.27550136155904
1.0820376970049298e-7  110.67751864851436
1.1097822533383895e-7  110.99184883847018
1.1375268096718492e-7  111.32031722783299
1.165271366005309e-7  111.6734535428875
1.1930159223387688e-7  112.00402993723029
1.2207604786722285e-7  112.1280309623154
1.2485050350056882e-7  112.53618180588282
1.276249591339148e-7  112.8182293237553
1.3039941476726076e-7  113.03036501188332
1.3317387040060675e-7  113.37691247854774
1.3594832603395272e-7  113.7552686529771
1.387227816672987e-7  113.86758894497561
