2.774455633345974e-9  17.797952252144373
5.548911266691948e-9  19.82670378831012
8.323366900037922e-9  21.013716281620027
1.1097822533383895e-8  21.857347116096165
1.3872278166729869e-8  22.51229517301607
1.6646733800075844e-8  23.04278012480399
1.9421189433421816e-8  23.49692668895163
2.219564506676779e-8  23.87731834142202
2.4970100700113762e-8  24.249755588715043
2.7744556333459737e-8  24.5465410692536
3.051901196680571e-8  24.840747420771333
3.329346760015169e-8  25.085983877188372
3.6067923233497656e-8  25.30906660087959
3.884237886684363e-8  25.552218541435224
4.1616834500189606e-8  25.748251905128775
4.439129013353558e-8  25.946525126626852
4.7165745766881556e-8  26.091116737342023
4.9940201400227525e-8  26.312279639873008
5.27146570335735e-8  26.48955125218853
5.5489112666919475e-8  26.611026876171422
5.826356830026545e-8  26.75705285367366
6.103802393361143e-8  26.923124549712945
6.38124795669574e-8  27.00422503895366
6.658693520030338e-8  27.15227923275661
6.936139083364934e-8  27.256488534284735
7.213584646699531e-8  27.37232190537123
7.49103021003413e-8  27.515009269034508
7.768475773368726e-8  27.524324410480343
8.045921336703324e-8  27.63055819665277
8.323366900037921e-8  27.788458142042042
8.600812463372518e-8  27.890252942774776
8.878258026707116e-8  27.908706033833848
9.155703590041713e-8  28.098828954963224
9.433149153376311e-8  28.207005022762107
9.710594716710908e-8  28.36572356790055
9.988040280045505e-8  28.41910768071434
1.0265485843380103e-7  28.48049761839251
1.05429314067147e-7  28.542542089614287
1.0820376970049298e-7  28.633014902234848
1.1097822533383895e-7  28.788778383132637
1.1375268096718492e-7  28.65849042416282
1.165271366005309e-7  28.82573777457942
1.1930159223387688e-7  28.88599208501323
1.2207604786722285e-7  28.932906763771683
1.2485050350056882e-7  29.032753240287263
1.276249591339148e-7  28.969187784558045
1.3039941476726076e-7  29.0886888540751
1.3317387040060675e-7  29.219269914480506
1.3594832603395272e-7  29.22298938001165
1.387227816672987e-7  29.251822741000296
