2.774455633345974e-9  668.6950532107679
5.548911266691948e-9  1353.4818876142301
8.323366900037922e-9  2039.382402341384
1.1097822533383895e-8  2724.970830272193
1.3872278166729869e-8  3411.854072820529
1.6646733800075844e-8  4097.926544561221
1.9421189433421816e-8  4785.174554660545
2.219564506676779e-8  5472.10996927348
2.4970100700113762e-8  6158.172739619634
2.7744556333459737e-8  6844.352046318502
3.051901196680571e-8  7531.816466263321
3.329346760015169e-8  8218.258512267394
3.6067923233497656e-8  8905.219165626984
3.884237886684363e-8  9592.201248984742
4.1616834500189606e-8  10279.371416219146
4.439129013353558e-8  10966.136271796546
4.7165745766881556e-8  11651.976155882316
4.9940201400227525e-8  12338.572045804389
5.27146570335735e-8  13025.097296557591
5.5489112666919475e-8  13712.683674536598
5.826356830026545e-8  14399.253805368959
6.103802393361143e-8  15086.53757527491
6.38124795669574e-8  15772.294095107747
6.658693520030338e-8  16490.06727842282
6.936139083364934e-8  17150.975540948177
7.213584646699531e-8  17833.134531112886
7.49103021003413e-8  18520.082423958276
7.768475773368726e-8  19207.12108060488
8.045921336703324e-8  19882.59222865367
8.323366900037921e-8  20581.794031954607
8.600812463372518e-8  21268.63245624277
8.878258026707116e-8  21956.52424029632
9.155703590041713e-8  22649.319503135786
9.433149153376311e-8  23329.3946062762
9.710594716710908e-8  24015.389871614487
9.988040280045505e-8  24701.51191713908
1.0265485843380103e-7  25388.31146568138
1.05429314067147e-7  26076.783513651648
1.0820376970049298e-7  26768.064583151878
1.1097822533383895e-7  27451.493416735728
1.1375268096718492e-7  28137.96726968946
1.165271366005309e-7  28824.27979847703
1.1930159223387688e-7  29510.957241949596
1.2207604786722285e-7  30192.028988736238
1.2485050350056882e-7  30882.360910518808
1.276249591339148e-7  31570.257366473325
1.3039941476726076e-7  32260.22887541279
1.3317387040060675e-7  32952.32729494136
1.3594832603395272e-7  33622.71767733607
1.387227816672987e-7  34318.30016445909
