2.774455633345974e-9  80.54504272073106
5.548911266691948e-9  91.43131153995317
8.323366900037922e-9  97.80176560579152
1.1097822533383895e-8  102.32009593533338
1.3872278166729869e-8  105.82866537714763
1.6646733800075844e-8  108.68929960431652
1.9421189433421816e-8  111.11108088761314
2.219564506676779e-8  113.21430267129621
2.4970100700113762e-8  115.05815327280223
2.7744556333459737e-8  116.708013712651
3.051901196680571e-8  118.2174267849272
3.329346760015169e-8  119.59634118211969
3.6067923233497656e-8  120.84396355752956
3.884237886684363e-8  121.99596670967199
4.1616834500189606e-8  123.10157379442217
4.439129013353558e-8  124.09187750943074
4.7165745766881556e-8  125.09628359341316
4.9940201400227525e-8  125.99098319506649
5.27146570335735e-8  126.84763026644144
5.5489112666919475e-8  127.69612078241555
5.826356830026545e-8  128.48120055403376
6.103802393361143e-8  129.13849483754274
6.38124795669574e-8  129.89553346051252
6.658693520030338e-8  130.52138696360606
6.936139083364934e-8  131.1569509244767
7.213584646699531e-8  131.73541189510522
7.49103021003413e-8  132.36260867030734
7.768475773368726e-8  132.98639836588868
8.045921336703324e-8  133.51015495436272
8.323366900037921e-8  134.10685715929003
8.600812463372518e-8  134.62561776440208
8.878258026707116e-8  135.07607741401807
9.155703590041713e-8  135.51037950172727
9.433149153376311e-8  136.16340206324142
9.710594716710908e-8  136.54027084490428
9.988040280045505e-8  136.95625321677585
1.0265485843380103e-7  137.32456785818223
1.05429314067147e-7  137.90327110856424
1.0820376970049298e-7  138.36900032702056
1.1097822533383895e-7  138.71232892439164
1.1375268096718492e-7  139.02988339371012
1.165271366005309e-7  139.4662985889146
1.1930159223387688e-7  139.87985187227673
1.2207604786722285e-7  140.2480649420014
1.2485050350056882e-7  140.38567549154507
1.276249591339148e-7  141.03151883655244
1.3039941476726076e-7  141.22434759800925
1.3317387040060675e-7  141.780540702689
1.3594832603395272e-7  142.15056341879685
1.387227816672987e-7  142.2488553769644
