2.774455633345974e-9  10.237672407743604
5.548911266691948e-9  11.342993744396864
8.323366900037922e-9  11.989184835112335
1.1097822533383895e-8  12.449467930953192
1.3872278166729869e-8  12.809024756133265
1.6646733800075844e-8  13.099310651748294
1.9421189433421816e-8  13.348284355280324
2.219564506676779e-8  13.56540422349758
2.4970100700113762e-8  13.764894887616137
2.7744556333459737e-8  13.931741233758427
3.051901196680571e-8  14.085543794684739
3.329346760015169e-8  14.224857740644518
3.6067923233497656e-8  14.381259483901873
3.884237886684363e-8  14.485396852742122
4.1616834500189606e-8  14.57753102348344
4.439129013353558e-8  14.694497444587899
4.7165745766881556e-8  14.811229309929502
4.9940201400227525e-8  14.91493188244106
5.27146570335735e-8  14.983377558509124
5.5489112666919475e-8  15.09843647546194
5.826356830026545e-8  15.167174812799393
6.103802393361143e-8  15.253866355142957
6.38124795669574e-8  15.28411849081555
6.658693520030338e-8  15.391989294942725
6.936139083364934e-8  15.489788468999555
7.213584646699531e-8  15.514973190954587
7.49103021003413e-8  15.570493158437877
7.768475773368726e-8  15.604000997682338
8.045921336703324e-8  15.647863114977538
8.323366900037921e-8  15.733587812469247
8.600812463372518e-8  15.755987662616821
8.878258026707116e-8  15.806551899388557
9.155703590041713e-8  15.82817091265055
9.433149153376311e-8  15.902481438969271
9.710594716710908e-8  15.942459750509652
9.988040280045505e-8  15.950921641366737
1.0265485843380103e-7  16.06319509155211
1.05429314067147e-7  16.132384733451705
1.0820376970049298e-7  16.176333765285424
1.1097822533383895e-7  16.190516599483765
1.1375268096718492e-7  16.168027133295467
1.165271366005309e-7  16.30364799189773
1.1930159223387688e-7  16.208939646458226
1.2207604786722285e-7  16.36409220221436
1.2485050350056882e-7  16.4175652857061
1.276249591339148e-7  16.398450068281115
1.3039941476726076e-7  16.43208398583167
1.3317387040060675e-7  16.53259155198291
1.3594832603395272e-7  16.612395245780107
1.387227816672987e-7  16.517946455023846
