2.774455633345974e-9  4203.59777737569
5.548911266691948e-9  8431.37504351631
8.323366900037922e-9  12654.209113977611
1.1097822533383895e-8  16881.89433085394
1.3872278166729869e-8  21109.274190288805
1.6646733800075844e-8  25338.509156797303
1.9421189433421816e-8  29564.863715836575
2.219564506676779e-8  33786.70515148851
2.4970100700113762e-8  38016.589697289855
2.7744556333459737e-8  42248.55983783844
3.051901196680571e-8  46470.105953161554
3.329346760015169e-8  50719.97754279535
3.6067923233497656e-8  54923.34296094476
3.884237886684363e-8  59156.983280220455
4.1616834500189606e-8  63380.30803786887
4.439129013353558e-8  67605.80885304848
4.7165745766881556e-8  71841.60910056984
4.9940201400227525e-8  76066.9973935273
5.27146570335735e-8  80282.84264760876
5.5489112666919475e-8  84552.8184418456
5.826356830026545e-8  88764.94025387122
6.103802393361143e-8  92976.73240634496
6.38124795669574e-8  97215.10708173503
6.658693520030338e-8  101421.54238740401
6.936139083364934e-8  105658.1502907015
7.213584646699531e-8  109882.22258114291
7.49103021003413e-8  114116.83737936452
7.768475773368726e-8  118339.41242747668
8.045921336703324e-8  122589.17930750165
8.323366900037921e-8  126798.89270273899
8.600812463372518e-8  131025.93481039647
8.878258026707116e-8  135245.9783714665
9.155703590041713e-8  139478.45915868186
9.433149153376311e-8  143710.31365556078
9.710594716710908e-8  147921.21103871983
9.988040280045505e-8  152150.56938034837
1.0265485843380103e-7  156381.78265451363
1.05429314067147e-7  160618.28494336735
1.0820376970049298e-7  164829.50695340664
1.1097822533383895e-7  169096.1360287693
1.1375268096718492e-7  173305.77294880876
1.165271366005309e-7  177647.24533618978
1.1930159223387688e-7  181715.15389040762
1.2207604786722285e-7  186007.4826047631
1.2485050350056882e-7  190206.33752829197
1.276249591339148e-7  194443.97501752706
1.3039941476726076e-7  198626.0741560163
1.3317387040060675e-7  202890.1989911956
1.3594832603395272e-7  207115.00180377127
1.387227816672987e-7  211355.55101266553
