2.774455633345974e-9  21.07752656655155
5.548911266691948e-9  23.545902374537672
8.323366900037922e-9  25.002997476166946
1.1097822533383895e-8  26.02503494535319
1.3872278166729869e-8  26.830028937475856
1.6646733800075844e-8  27.479048592496465
1.9421189433421816e-8  28.03680297283439
2.219564506676779e-8  28.514872899455323
2.4970100700113762e-8  28.938871897801537
2.7744556333459737e-8  29.31547635141867
3.051901196680571e-8  29.671273034782217
3.329346760015169e-8  29.977743680106556
3.6067923233497656e-8  30.26649542233584
3.884237886684363e-8  30.54067157991425
4.1616834500189606e-8  30.815648965084183
4.439129013353558e-8  31.036773083877687
4.7165745766881556e-8  31.269942834544565
4.9940201400227525e-8  31.512068105797564
5.27146570335735e-8  31.6727771922555
5.5489112666919475e-8  31.87842625916701
5.826356830026545e-8  32.04060661999423
6.103802393361143e-8  32.20894846608128
6.38124795669574e-8  32.40088323294089
6.658693520030338e-8  32.52354477124935
6.936139083364934e-8  32.63721881944588
7.213584646699531e-8  32.81453499658345
7.49103021003413e-8  32.93439899802607
7.768475773368726e-8  33.16213203853956
8.045921336703324e-8  33.23125654669838
8.323366900037921e-8  33.337442160161736
8.600812463372518e-8  33.44407073326291
8.878258026707116e-8  33.536594811587676
9.155703590041713e-8  33.657065954036064
9.433149153376311e-8  33.80572467767762
9.710594716710908e-8  33.87216311845525
9.988040280045505e-8  34.01190099111389
1.0265485843380103e-7  34.034529568167336
1.05429314067147e-7  34.17130720179892
1.0820376970049298e-7  34.29818210722483
1.1097822533383895e-7  34.42233082724076
1.1375268096718492e-7  34.45660279927274
1.165271366005309e-7  34.571173005887616
1.1930159223387688e-7  34.67413549669519
1.2207604786722285e-7  34.68901068639739
1.2485050350056882e-7  34.72986228971953
1.276249591339148e-7  34.908783332344925
1.3039941476726076e-7  34.96647704693833
1.3317387040060675e-7  35.158796825848626
1.3594832603395272e-7  35.18868216418288
1.387227816672987e-7  35.217109216087024
