2.774455633345974e-9  5.418643038610268
5.548911266691948e-9  5.991993163285533
8.323366900037922e-9  6.327407460476969
1.1097822533383895e-8  6.566219827831858
1.3872278166729869e-8  6.749887972026504
1.6646733800075844e-8  6.901021764922487
1.9421189433421816e-8  7.029037204938448
2.219564506676779e-8  7.140629399763303
2.4970100700113762e-8  7.244284098240594
2.7744556333459737e-8  7.329918101048331
3.051901196680571e-8  7.422703192944893
3.329346760015169e-8  7.482832686819074
3.6067923233497656e-8  7.550193144233589
3.884237886684363e-8  7.614384569400325
4.1616834500189606e-8  7.67797392643865
4.439129013353558e-8  7.7252950599444725
4.7165745766881556e-8  7.787317713195512
4.9940201400227525e-8  7.8364287016878365
5.27146570335735e-8  7.871128880178884
5.5489112666919475e-8  7.928663761052949
5.826356830026545e-8  7.965721267291309
6.103802393361143e-8  7.997319174998744
6.38124795669574e-8  8.06637210720485
6.658693520030338e-8  8.093233746782154
6.936139083364934e-8  8.105757817644294
7.213584646699531e-8  8.136429930221178
7.49103021003413e-8  8.17895710243387
7.768475773368726e-8  8.212155091002861
8.045921336703324e-8  8.251309697394909
8.323366900037921e-8  8.250159400257743
8.600812463372518e-8  8.269422530573568
8.878258026707116e-8  8.321023080728844
9.155703590041713e-8  8.311447679615524
9.433149153376311e-8  8.364137440966314
9.710594716710908e-8  8.373014713030665
9.988040280045505e-8  8.392341371755256
1.0265485843380103e-7  8.441702797975537
1.05429314067147e-7  8.464944536869016
1.0820376970049298e-7  8.465647348926092
1.1097822533383895e-7  8.5080960141563
1.1375268096718492e-7  8.544266203705465
1.165271366005309e-7  8.529884503889827
1.1930159223387688e-7  8.552233029087787
1.2207604786722285e-7  8.56421067922501
1.2485050350056882e-7  8.601430084540073
1.276249591339148e-7  8.621251441723823
1.3039941476726076e-7  8.633108296991423
1.3317387040060675e-7  8.652760093336253
1.3594832603395272e-7  8.636581361482554
1.387227816672987e-7  8.734387412123153
