2.774455633345974e-9  5.398172599144263
5.548911266691948e-9  5.917845511835098
8.323366900037922e-9  6.222707762483466
1.1097822533383895e-8  6.439058225751752
1.3872278166729869e-8  6.608263952844318
1.6646733800075844e-8  6.7458288688307375
1.9421189433421816e-8  6.8656067200394295
2.219564506676779e-8  6.966944124535945
2.4970100700113762e-8  7.05720637581526
2.7744556333459737e-8  7.135730938718598
3.051901196680571e-8  7.241415747875618
3.329346760015169e-8  7.277520250993638
3.6067923233497656e-8  7.332626255406039
3.884237886684363e-8  7.3812788925435315
4.1616834500189606e-8  7.4393614568111195
4.439129013353558e-8  7.480338544162278
4.7165745766881556e-8  7.5491948261993285
4.9940201400227525e-8  7.5856855300041195
5.27146570335735e-8  7.616670197827918
5.5489112666919475e-8  7.687404900919682
5.826356830026545e-8  7.7284972975601045
6.103802393361143e-8  7.7506167756822535
6.38124795669574e-8  7.807529811541939
6.658693520030338e-8  7.7994582332212685
6.936139083364934e-8  7.822424342982269
7.213584646699531e-8  7.836581853193811
7.49103021003413e-8  7.868460712866857
7.768475773368726e-8  7.919058570527376
8.045921336703324e-8  7.938914600948876
8.323366900037921e-8  7.931646223221345
8.600812463372518e-8  7.959166186750942
8.878258026707116e-8  8.020352038849706
9.155703590041713e-8  8.040418574291094
9.433149153376311e-8  8.059285575899498
9.710594716710908e-8  8.08131011672685
9.988040280045505e-8  8.100344945325908
1.0265485843380103e-7  8.12647461364427
1.05429314067147e-7  8.139727105173444
1.0820376970049298e-7  8.147077504582938
1.1097822533383895e-7  8.19506131123567
1.1375268096718492e-7  8.25515110654459
1.165271366005309e-7  8.247128234536998
1.1930159223387688e-7  8.239857944565616
1.2207604786722285e-7  8.224981064137642
1.2485050350056882e-7  8.220656513419174
1.276249591339148e-7  8.302963123891553
1.3039941476726076e-7  8.290125063396763
1.3317387040060675e-7  8.300099191924568
1.3594832603395272e-7  8.29789893253425
1.387227816672987e-7  8.320655909463714
