2.774455633345974e-9  2724.970830272193
5.548911266691948e-9  5472.10996927348
8.323366900037922e-9  8218.258512267394
1.1097822533383895e-8  10966.136271796546
1.3872278166729869e-8  13712.683674536598
1.6646733800075844e-8  16490.06727842282
1.9421189433421816e-8  19207.12108060488
2.219564506676779e-8  21956.52424029632
2.4970100700113762e-8  24701.51191713908
2.7744556333459737e-8  27451.493416735728
3.051901196680571e-8  30192.028988736238
3.329346760015169e-8  32952.32729494136
3.6067923233497656e-8  35693.00954346496
3.884237886684363e-8  38438.00111864303
4.1616834500189606e-8  41186.65467814645
4.439129013353558e-8  43938.49521281696
4.7165745766881556e-8  46680.420878499994
4.9940201400227525e-8  49430.114608369186
5.27146570335735e-8  52180.936688650676
5.5489112666919475e-8  54923.34296094476
5.826356830026545e-8  57673.72166764779
6.103802393361143e-8  60424.68979282603
6.38124795669574e-8  63169.44260598914
6.658693520030338e-8  65922.51158765912
6.936139083364934e-8  68666.92471285567
7.213584646699531e-8  71415.11315525051
7.49103021003413e-8  74171.5023269814
7.768475773368726e-8  76914.44657357795
8.045921336703324e-8  79654.86126582736
8.323366900037921e-8  82409.77707931928
8.600812463372518e-8  85159.33181654855
8.878258026707116e-8  87900.84233931797
9.155703590041713e-8  90686.11397527988
9.433149153376311e-8  93395.39352417331
9.710594716710908e-8  96158.34976628564
9.988040280045505e-8  98901.7042713189
1.0265485843380103e-7  101640.84630246651
1.05429314067147e-7  104392.14864826786
1.0820376970049298e-7  107132.91723441478
1.1097822533383895e-7  109882.22258114291
1.1375268096718492e-7  112634.60920788762
1.165271366005309e-7  115379.71464700578
1.1930159223387688e-7  118127.92440690758
1.2207604786722285e-7  120868.50352418152
1.2485050350056882e-7  123600.34877609064
1.276249591339148e-7  126368.15229954896
1.3039941476726076e-7  129124.01665053058
1.3317387040060675e-7  131867.8400618808
1.3594832603395272e-7  134611.13245188282
1.387227816672987e-7  137393.7122170277
