2.774455633345974e-9  70.50097838890797
5.548911266691948e-9  79.52801767534906
8.323366900037922e-9  84.80989304554322
1.1097822533383895e-8  88.55723573098085
1.3872278166729869e-8  91.46452299266718
1.6646733800075844e-8  93.84295084945686
1.9421189433421816e-8  95.86099161446784
2.219564506676779e-8  97.59820129810967
2.4970100700113762e-8  99.12542422994899
2.7744556333459737e-8  100.50896801106562
3.051901196680571e-8  101.75034511426539
3.329346760015169e-8  102.88268158752504
3.6067923233497656e-8  103.94186585169363
3.884237886684363e-8  104.93121814086011
4.1616834500189606e-8  105.79075839080481
4.439129013353558e-8  106.64247037160862
4.7165745766881556e-8  107.42562395061093
4.9940201400227525e-8  108.16728590410615
5.27146570335735e-8  108.88375241553615
5.5489112666919475e-8  109.60798709623121
5.826356830026545e-8  110.26969488403275
6.103802393361143e-8  110.89815471831737
6.38124795669574e-8  111.41427927121649
6.658693520030338e-8  112.03447844805541
6.936139083364934e-8  112.46060494978711
7.213584646699531e-8  113.06756557001296
7.49103021003413e-8  113.51841997173209
7.768475773368726e-8  114.07687647698498
8.045921336703324e-8  114.41574602970206
8.323366900037921e-8  114.90318005444583
8.600812463372518e-8  115.28614647676497
8.878258026707116e-8  115.7234533709635
9.155703590041713e-8  116.04161917100346
9.433149153376311e-8  116.68049264838297
9.710594716710908e-8  116.8113560507126
9.988040280045505e-8  117.29490071613476
1.0265485843380103e-7  117.7746407767799
1.05429314067147e-7  118.06385484718821
1.0820376970049298e-7  118.37974365361843
1.1097822533383895e-7  118.64673132815348
1.1375268096718492e-7  119.04803845102296
1.165271366005309e-7  119.46242154409116
1.1930159223387688e-7  119.76305388643424
1.2207604786722285e-7  120.1179492859159
1.2485050350056882e-7  120.25810459027609
1.276249591339148e-7  120.64687177195118
1.3039941476726076e-7  120.9245271344287
1.3317387040060675e-7  121.2367790188919
1.3594832603395272e-7  121.61960778344799
1.387227816672987e-7  121.55321283688033
