2.774455633345974e-9  27.240071881606887
5.548911266691948e-9  30.33833348248087
8.323366900037922e-9  32.15171944355925
1.1097822533383895e-8  33.43772058669773
1.3872278166729869e-8  34.437008169176636
1.6646733800075844e-8  35.25739141904726
1.9421189433421816e-8  35.948911781469015
2.219564506676779e-8  36.549734240453056
2.4970100700113762e-8  37.07417982103766
2.7744556333459737e-8  37.55004350480429
3.051901196680571e-8  37.999426309687145
3.329346760015169e-8  38.38923554066788
3.6067923233497656e-8  38.729981141441954
3.884237886684363e-8  39.06209882646381
4.1616834500189606e-8  39.388428438723324
4.439129013353558e-8  39.68289501800184
4.7165745766881556e-8  39.997988265004714
4.9940201400227525e-8  40.21433544350297
5.27146570335735e-8  40.490479930658275
5.5489112666919475e-8  40.72348631016561
5.826356830026545e-8  40.91420081349053
6.103802393361143e-8  41.12080255576027
6.38124795669574e-8  41.3188845271728
6.658693520030338e-8  41.494723124704784
6.936139083364934e-8  41.665069928148185
7.213584646699531e-8  41.83411451828578
7.49103021003413e-8  42.015324352884335
7.768475773368726e-8  42.244871434978094
8.045921336703324e-8  42.39119181894995
8.323366900037921e-8  42.54201040686132
8.600812463372518e-8  42.7166844687226
8.878258026707116e-8  42.97513039015547
9.155703590041713e-8  42.92253804936548
9.433149153376311e-8  43.058204225243166
9.710594716710908e-8  43.40219087983427
9.988040280045505e-8  43.346863479826645
1.0265485843380103e-7  43.56873170865756
1.05429314067147e-7  43.574611998596254
1.0820376970049298e-7  43.706785019453775
1.1097822533383895e-7  43.72886666200335
1.1375268096718492e-7  43.97834881597215
1.165271366005309e-7  43.98098026201105
1.1930159223387688e-7  44.11312747186112
1.2207604786722285e-7  44.26545551731699
1.2485050350056882e-7  44.29703538454046
1.276249591339148e-7  44.484276607894614
1.3039941476726076e-7  44.41791480042838
1.3317387040060675e-7  44.600538968795306
1.3594832603395272e-7  44.649965531938975
1.387227816672987e-7  44.749941442481
