2.774455633345974e-9  11.097952519369308
5.548911266691948e-9  12.363107092963348
8.323366900037922e-9  13.103255875422882
1.1097822533383895e-8  13.62820338921498
1.3872278166729869e-8  14.036209791127233
1.6646733800075844e-8  14.36884637928736
1.9421189433421816e-8  14.650681946299057
2.219564506676779e-8  14.898069389038687
2.4970100700113762e-8  15.112787475590997
2.7744556333459737e-8  15.319065769844919
3.051901196680571e-8  15.493900784517331
3.329346760015169e-8  15.650987167267134
3.6067923233497656e-8  15.802464344763814
3.884237886684363e-8  15.92234161504261
4.1616834500189606e-8  16.048048355044052
4.439129013353558e-8  16.19499538009278
4.7165745766881556e-8  16.313657283201564
4.9940201400227525e-8  16.40486792660015
5.27146570335735e-8  16.500995946474017
5.5489112666919475e-8  16.600812034475037
5.826356830026545e-8  16.705112163314766
6.103802393361143e-8  16.76365995645138
6.38124795669574e-8  16.865956275300615
6.658693520030338e-8  16.957556464192443
6.936139083364934e-8  16.98970541863215
7.213584646699531e-8  17.059908820751026
7.49103021003413e-8  17.125442114660487
7.768475773368726e-8  17.186457357187187
8.045921336703324e-8  17.283419946647264
8.323366900037921e-8  17.38197533365913
8.600812463372518e-8  17.40404472728338
8.878258026707116e-8  17.490705585765678
9.155703590041713e-8  17.56768445243982
9.433149153376311e-8  17.58822189246637
9.710594716710908e-8  17.703681126771915
9.988040280045505e-8  17.7533231861871
1.0265485843380103e-7  17.74530857646489
1.05429314067147e-7  17.843598391470223
1.0820376970049298e-7  17.8128803828379
1.1097822533383895e-7  17.853710620634843
1.1375268096718492e-7  17.96892164753169
1.165271366005309e-7  18.031606328645953
1.1930159223387688e-7  18.058606865246723
1.2207604786722285e-7  18.097602421664224
1.2485050350056882e-7  18.114543030813238
1.276249591339148e-7  18.183137401500115
1.3039941476726076e-7  18.148518054096222
1.3317387040060675e-7  18.159020619853635
1.3594832603395272e-7  18.257578764292226
1.387227816672987e-7  18.193198095093823
