2.774455633345974e-9  45.35858527010938
5.548911266691948e-9  52.32353557602422
8.323366900037922e-9  56.39767948521599
1.1097822533383895e-8  59.28853254291184
1.3872278166729869e-8  61.53047281437752
1.6646733800075844e-8  63.3626207609237
1.9421189433421816e-8  64.91155823728745
2.219564506676779e-8  66.2526525519047
2.4970100700113762e-8  67.4357198941268
2.7744556333459737e-8  68.49468800097664
3.051901196680571e-8  69.4519840646834
3.329346760015169e-8  70.32629120248053
3.6067923233497656e-8  71.12852837612397
3.884237886684363e-8  71.87475859906851
4.1616834500189606e-8  72.56544911395099
4.439129013353558e-8  73.21609856983099
4.7165745766881556e-8  73.82722936777712
4.9940201400227525e-8  74.39993238424434
5.27146570335735e-8  74.94036464645963
5.5489112666919475e-8  75.46325507036461
5.826356830026545e-8  75.9497634171325
6.103802393361143e-8  76.42413709246742
6.38124795669574e-8  76.8688706115479
6.658693520030338e-8  77.2942958524323
6.936139083364934e-8  77.69993901925345
7.213584646699531e-8  78.09711459689765
7.49103021003413e-8  78.48177804615617
7.768475773368726e-8  78.85561243678313
8.045921336703324e-8  79.21055843295271
8.323366900037921e-8  79.55258183946101
8.600812463372518e-8  79.87820935742269
8.878258026707116e-8  80.18585877706339
9.155703590041713e-8  80.5113094875831
9.433149153376311e-8  80.80582346196083
9.710594716710908e-8  81.11780397965299
9.988040280045505e-8  81.40178261329687
1.0265485843380103e-7  81.6497875881855
1.05429314067147e-7  81.93056138616728
1.0820376970049298e-7  82.19218765663571
1.1097822533383895e-7  82.45843503289687
1.1375268096718492e-7  82.7041143707637
1.165271366005309e-7  82.96728091768595
1.1930159223387688e-7  83.15544575985405
1.2207604786722285e-7  83.43875451109704
1.2485050350056882e-7  83.6800758447612
1.276249591339148e-7  83.91366625003269
1.3039941476726076e-7  84.11759686646732
1.3317387040060675e-7  84.28531933855204
1.3594832603395272e-7  84.56340422516877
1.387227816672987e-7  84.71196752807575
