2.774455633345974e-9  3.6245388859645913
5.548911266691948e-9  3.996308682482974
8.323366900037922e-9  4.2141040438712185
1.1097822533383895e-8  4.368784368744669
1.3872278166729869e-8  4.488500438070751
1.6646733800075844e-8  4.586563543412463
1.9421189433421816e-8  4.670832253336223
2.219564506676779e-8  4.743417780085826
2.4970100700113762e-8  4.811890727918877
2.7744556333459737e-8  4.864626880978093
3.051901196680571e-8  4.917632556436909
3.329346760015169e-8  4.96818226380476
3.6067923233497656e-8  5.0126521961407144
3.884237886684363e-8  5.05269326179164
4.1616834500189606e-8  5.087715545880831
4.439129013353558e-8  5.141196591690292
4.7165745766881556e-8  5.1617831630283115
4.9940201400227525e-8  5.1932550211755455
5.27146570335735e-8  5.21922771165135
5.5489112666919475e-8  5.2489152586620875
5.826356830026545e-8  5.266510374573383
6.103802393361143e-8  5.31080017332213
6.38124795669574e-8  5.320877397800806
6.658693520030338e-8  5.354169031420483
6.936139083364934e-8  5.370289447781901
7.213584646699531e-8  5.391051647360361
7.49103021003413e-8  5.4103162213300156
7.768475773368726e-8  5.430903332926334
8.045921336703324e-8  5.464735668826595
8.323366900037921e-8  5.4719339631891675
8.600812463372518e-8  5.482271024946863
8.878258026707116e-8  5.515666456186129
9.155703590041713e-8  5.536281395282015
9.433149153376311e-8  5.556418771613633
9.710594716710908e-8  5.560760717262386
9.988040280045505e-8  5.5807375818229215
1.0265485843380103e-7  5.563713035743714
1.05429314067147e-7  5.589583770629577
1.0820376970049298e-7  5.608796229418984
1.1097822533383895e-7  5.613233526614132
1.1375268096718492e-7  5.636727424735869
1.165271366005309e-7  5.631034161068802
1.1930159223387688e-7  5.640783135234609
1.2207604786722285e-7  5.690002862353033
1.2485050350056882e-7  5.708391046989737
1.276249591339148e-7  5.696624734780162
1.3039941476726076e-7  5.7067630228948625
1.3317387040060675e-7  5.703287933635216
1.3594832603395272e-7  5.735416142169451
1.387227816672987e-7  5.753439731015853
