2.774455633345974e-9  50.06053904284375
5.548911266691948e-9  57.30836197688837
8.323366900037922e-9  61.52320965527155
1.1097822533383895e-8  64.51025723515617
1.3872278166729869e-8  66.82613081692926
1.6646733800075844e-8  68.7175397399756
1.9421189433421816e-8  70.31918883157546
2.219564506676779e-8  71.70815036625864
2.4970100700113762e-8  72.92850034432888
2.7744556333459737e-8  74.01973028740545
3.051901196680571e-8  75.0181708682058
3.329346760015169e-8  75.9206228408058
3.6067923233497656e-8  76.75310879391871
3.884237886684363e-8  77.52647065152178
4.1616834500189606e-8  78.24869389027303
4.439129013353558e-8  78.92387043126271
4.7165745766881556e-8  79.56432725952364
4.9940201400227525e-8  80.16548902214984
5.27146570335735e-8  80.71399193826505
5.5489112666919475e-8  81.25449079951507
5.826356830026545e-8  81.76990918685925
6.103802393361143e-8  82.27220405379143
6.38124795669574e-8  82.76271179353228
6.658693520030338e-8  83.16697365984552
6.936139083364934e-8  83.60035079539007
7.213584646699531e-8  84.03617741677047
7.49103021003413e-8  84.42704537034669
7.768475773368726e-8  84.85394681479771
8.045921336703324e-8  85.13885820766087
8.323366900037921e-8  85.53960757912785
8.600812463372518e-8  85.87443960518983
8.878258026707116e-8  86.15549773019339
9.155703590041713e-8  86.52459175838324
9.433149153376311e-8  86.84588934213177
9.710594716710908e-8  87.11078161891778
9.988040280045505e-8  87.41450588993852
1.0265485843380103e-7  87.69311475633658
1.05429314067147e-7  88.03683881841019
1.0820376970049298e-7  88.30809525913372
1.1097822533383895e-7  88.56931433561184
1.1375268096718492e-7  88.7721532065146
1.165271366005309e-7  89.08925569543592
1.1930159223387688e-7  89.37073816052327
1.2207604786722285e-7  89.53899141845766
1.2485050350056882e-7  89.78223254400905
1.276249591339148e-7  90.08361790290301
1.3039941476726076e-7  90.22430931899332
1.3317387040060675e-7  90.6128209958916
1.3594832603395272e-7  90.80671988779477
1.387227816672987e-7  90.87398621311519
