2.774455633345974e-9  2556.5810189837066
5.548911266691948e-9  5133.131521101625
8.323366900037922e-9  7711.177720863854
1.1097822533383895e-8  10289.189498374257
1.3872278166729869e-8  12866.578950853696
1.6646733800075844e-8  15445.542510824116
1.9421189433421816e-8  18027.286039301882
2.219564506676779e-8  20602.866691445488
2.4970100700113762e-8  23180.33981088456
2.7744556333459737e-8  25757.97341732326
3.051901196680571e-8  28337.69633511844
3.329346760015169e-8  30915.752108750596
3.6067923233497656e-8  33494.073286437124
3.884237886684363e-8  36075.16554198789
4.1616834500189606e-8  38652.27249055846
4.439129013353558e-8  41230.26080863166
4.7165745766881556e-8  43810.033672295445
4.9940201400227525e-8  46388.368749821835
5.27146570335735e-8  48968.598681316646
5.5489112666919475e-8  51549.66034663434
5.826356830026545e-8  54126.53683701272
6.103802393361143e-8  56702.54023780448
6.38124795669574e-8  59283.392865278096
6.658693520030338e-8  61856.338831124944
6.936139083364934e-8  64441.42173782188
7.213584646699531e-8  67008.70824570548
7.49103021003413e-8  69593.65549889575
7.768475773368726e-8  72175.95369452362
8.045921336703324e-8  74753.2544913766
8.323366900037921e-8  77334.74549963526
8.600812463372518e-8  79917.65667367214
8.878258026707116e-8  82492.54773781473
9.155703590041713e-8  85068.84354753599
9.433149153376311e-8  87645.70782603972
9.710594716710908e-8  90223.51173198983
9.988040280045505e-8  92807.27719459539
1.0265485843380103e-7  95389.38526546895
1.05429314067147e-7  97969.06143250145
1.0820376970049298e-7  100540.75855577094
1.1097822533383895e-7  103118.18789979289
1.1375268096718492e-7  105689.65957470158
1.165271366005309e-7  108278.22746886771
1.1930159223387688e-7  110858.27312454245
1.2207604786722285e-7  113435.90922771172
1.2485050350056882e-7  116013.9727063356
1.276249591339148e-7  118599.71345280351
1.3039941476726076e-7  121179.54786897152
1.3317387040060675e-7  123751.52175957957
1.3594832603395272e-7  126318.87140391427
1.387227816672987e-7  128915.31022399996
