2.774455633345974e-9  9.32341223577295
5.548911266691948e-9  10.558599339036503
8.323366900037922e-9  11.280838769479558
1.1097822533383895e-8  11.793530292211939
1.3872278166729869e-8  12.191100610314729
1.6646733800075844e-8  12.515928322466364
1.9421189433421816e-8  12.790698057352074
2.219564506676779e-8  13.028592711173237
2.4970100700113762e-8  13.23811421303596
2.7744556333459737e-8  13.426386380846711
3.051901196680571e-8  13.595476669216948
3.329346760015169e-8  13.752160653354535
3.6067923233497656e-8  13.908439417778807
3.884237886684363e-8  14.027822976272633
4.1616834500189606e-8  14.15017133667057
4.439129013353558e-8  14.268530705443048
4.7165745766881556e-8  14.371912720842433
4.9940201400227525e-8  14.476592263851288
5.27146570335735e-8  14.568814918852132
5.5489112666919475e-8  14.662960586750291
5.826356830026545e-8  14.748739466245743
6.103802393361143e-8  14.83652037068471
6.38124795669574e-8  14.91428037481097
6.658693520030338e-8  14.992536830146934
6.936139083364934e-8  15.073439286747087
7.213584646699531e-8  15.138974397628422
7.49103021003413e-8  15.204166371164929
7.768475773368726e-8  15.275621598238729
8.045921336703324e-8  15.336891283496895
8.323366900037921e-8  15.397679017329839
8.600812463372518e-8  15.44433974585498
8.878258026707116e-8  15.513290693837876
9.155703590041713e-8  15.577806878673291
9.433149153376311e-8  15.61819229107531
9.710594716710908e-8  15.677370622320995
9.988040280045505e-8  15.725617209244433
1.0265485843380103e-7  15.775979665729839
1.05429314067147e-7  15.817169410994325
1.0820376970049298e-7  15.866089340990056
1.1097822533383895e-7  15.906922096739912
1.1375268096718492e-7  15.948746285075776
1.165271366005309e-7  15.998025293250507
1.1930159223387688e-7  16.02677486048499
1.2207604786722285e-7  16.09226314114468
1.2485050350056882e-7  16.127437554420727
1.276249591339148e-7  16.17249152230463
1.3039941476726076e-7  16.21082012257957
1.3317387040060675e-7  16.261685338610384
1.3594832603395272e-7  16.30207999783236
1.387227816672987e-7  16.32354194792396
