2.774455633345974e-9  31.14286505587451
5.548911266691948e-9  34.87697571000765
8.323366900037922e-9  37.0618756705964
1.1097822533383895e-8  38.61199298914202
1.3872278166729869e-8  39.81672975993326
1.6646733800075844e-8  40.798596514990905
1.9421189433421816e-8  41.63423456559367
2.219564506676779e-8  42.35462029321617
2.4970100700113762e-8  42.99677817051312
2.7744556333459737e-8  43.57071311298861
3.051901196680571e-8  44.060257745563916
3.329346760015169e-8  44.557306502327584
3.6067923233497656e-8  44.97248190936566
3.884237886684363e-8  45.38997508634183
4.1616834500189606e-8  45.74952236446291
4.439129013353558e-8  46.11484691497542
4.7165745766881556e-8  46.45194500195477
4.9940201400227525e-8  46.76918014767209
5.27146570335735e-8  47.057053517430695
5.5489112666919475e-8  47.37829881511033
5.826356830026545e-8  47.703386767911745
6.103802393361143e-8  47.87254412312245
6.38124795669574e-8  48.11753297886567
6.658693520030338e-8  48.4183902216631
6.936139083364934e-8  48.55354380367121
7.213584646699531e-8  48.71679157315181
7.49103021003413e-8  48.95665060770744
7.768475773368726e-8  49.18880627892803
8.045921336703324e-8  49.31444778004237
8.323366900037921e-8  49.547143979596385
8.600812463372518e-8  49.72976540396306
8.878258026707116e-8  49.9209157411494
9.155703590041713e-8  50.160257258293115
9.433149153376311e-8  50.359395159936135
9.710594716710908e-8  50.52619149729276
9.988040280045505e-8  50.60803308796753
1.0265485843380103e-7  50.71738536241662
1.05429314067147e-7  50.9198374119909
1.0820376970049298e-7  51.143480094524534
1.1097822533383895e-7  51.135903208787006
1.1375268096718492e-7  51.28468837025955
1.165271366005309e-7  51.48137021863072
1.1930159223387688e-7  51.62694298679991
1.2207604786722285e-7  51.53421634220101
1.2485050350056882e-7  51.79735395398923
1.276249591339148e-7  51.837045985702126
1.3039941476726076e-7  51.947694023619874
1.3317387040060675e-7  52.01839905296765
1.3594832603395272e-7  52.13358994372087
1.387227816672987e-7  52.253451606134654
