2.774455633345974e-9  5.325834421041421
5.548911266691948e-9  5.8329691186297286
8.323366900037922e-9  6.13031577144934
1.1097822533383895e-8  6.34144757481158
1.3872278166729869e-8  6.514606796743225
1.6646733800075844e-8  6.642588265308107
1.9421189433421816e-8  6.764625851692824
2.219564506676779e-8  6.866049785144259
2.4970100700113762e-8  6.963546620534877
2.7744556333459737e-8  7.015625132347282
3.051901196680571e-8  7.094254504287962
3.329346760015169e-8  7.152416561657184
3.6067923233497656e-8  7.203091139866785
3.884237886684363e-8  7.2884186603042105
4.1616834500189606e-8  7.340709722812279
4.439129013353558e-8  7.388090154901451
4.7165745766881556e-8  7.470281384786099
4.9940201400227525e-8  7.51061889298746
5.27146570335735e-8  7.504892699604712
5.5489112666919475e-8  7.5416872834068585
5.826356830026545e-8  7.580243722786511
6.103802393361143e-8  7.619623504919631
6.38124795669574e-8  7.6302255141462325
6.658693520030338e-8  7.659821077665102
6.936139083364934e-8  7.69454126712468
7.213584646699531e-8  7.721966694372816
7.49103021003413e-8  7.754508211741857
7.768475773368726e-8  7.792938760989809
8.045921336703324e-8  7.83391997761339
8.323366900037921e-8  7.8349623351201325
8.600812463372518e-8  7.8308895127427265
8.878258026707116e-8  7.901505092307632
9.155703590041713e-8  7.929964183934842
9.433149153376311e-8  7.9302418908840435
9.710594716710908e-8  7.944562700370307
9.988040280045505e-8  7.980540484983753
1.0265485843380103e-7  7.998753462902096
1.05429314067147e-7  8.025566701374691
1.0820376970049298e-7  8.041119805476507
1.1097822533383895e-7  8.06024614569134
1.1375268096718492e-7  8.038985701423911
1.165271366005309e-7  8.086873669794736
1.1930159223387688e-7  8.07043988072735
1.2207604786722285e-7  8.098735268378293
1.2485050350056882e-7  8.10773779792575
1.276249591339148e-7  8.124597313257501
1.3039941476726076e-7  8.120278903269982
1.3317387040060675e-7  8.189838573103886
1.3594832603395272e-7  8.173727394843008
1.387227816672987e-7  8.193973980938528
