2.774455633345974e-9  232.03727612577515
5.548911266691948e-9  272.1561702143044
8.323366900037922e-9  295.6338461029735
1.1097822533383895e-8  312.292058427169
1.3872278166729869e-8  325.2151644094143
1.6646733800075844e-8  335.7792335270271
1.9421189433421816e-8  344.714486093235
2.219564506676779e-8  352.4585483824784
2.4970100700113762e-8  359.284487578305
2.7744556333459737e-8  365.3959572634458
3.051901196680571e-8  370.91445117415947
3.329346760015169e-8  375.9918072227097
3.6067923233497656e-8  380.6523410369912
3.884237886684363e-8  384.8884187295573
4.1616834500189606e-8  388.8814462276612
4.439129013353558e-8  392.62288203935475
4.7165745766881556e-8  396.1469217440732
4.9940201400227525e-8  399.475131127433
5.27146570335735e-8  402.59441210362223
5.5489112666919475e-8  405.5881365968957
5.826356830026545e-8  408.4134651572795
6.103802393361143e-8  411.1073945624329
6.38124795669574e-8  413.6668572630449
6.658693520030338e-8  416.1643765842696
6.936139083364934e-8  418.4975033116456
7.213584646699531e-8  420.8298497690105
7.49103021003413e-8  422.98265594135626
7.768475773368726e-8  424.99084159481697
8.045921336703324e-8  427.09745509447566
8.323366900037921e-8  429.0674079845749
8.600812463372518e-8  431.00038355295817
8.878258026707116e-8  432.83257396533344
9.155703590041713e-8  434.6268134394356
9.433149153376311e-8  436.36752317418416
9.710594716710908e-8  438.1046868970565
9.988040280045505e-8  439.6679692517792
1.0265485843380103e-7  441.32334347436944
1.05429314067147e-7  442.860448744983
1.0820376970049298e-7  444.3477921577022
1.1097822533383895e-7  445.74171276421697
1.1375268096718492e-7  447.12000342620206
1.165271366005309e-7  448.6410470869309
1.1930159223387688e-7  449.96638959822917
1.2207604786722285e-7  451.3488704253633
1.2485050350056882e-7  452.6408321971739
1.276249591339148e-7  453.90163495096965
1.3039941476726076e-7  455.12534804246167
1.3317387040060675e-7  456.4412872022876
1.3594832603395272e-7  457.5367490776592
1.387227816672987e-7  458.75129252625123
