2.774455633345974e-9  30.42202208635483
5.548911266691948e-9  34.29775075300861
8.323366900037922e-9  36.56487809858302
1.1097822533383895e-8  38.173399967641764
1.3872278166729869e-8  39.42212150656427
1.6646733800075844e-8  40.44094938422892
1.9421189433421816e-8  41.30550396472157
2.219564506676779e-8  42.055346849900964
2.4970100700113762e-8  42.69439156536431
2.7744556333459737e-8  43.30192059859917
3.051901196680571e-8  43.8397540249137
3.329346760015169e-8  44.32289453545729
3.6067923233497656e-8  44.77648137099433
3.884237886684363e-8  45.18980036412341
4.1616834500189606e-8  45.573307099682154
4.439129013353558e-8  45.95397917794092
4.7165745766881556e-8  46.27061542798401
4.9940201400227525e-8  46.61872015419562
5.27146570335735e-8  46.885639892372616
5.5489112666919475e-8  47.19256673529771
5.826356830026545e-8  47.48134185820943
6.103802393361143e-8  47.75051181351444
6.38124795669574e-8  47.98803292003339
6.658693520030338e-8  48.27764671904103
6.936139083364934e-8  48.470623686859554
7.213584646699531e-8  48.649591405004074
7.49103021003413e-8  48.94209806351777
7.768475773368726e-8  49.1469788270809
8.045921336703324e-8  49.336191600688664
8.323366900037921e-8  49.526791450766275
8.600812463372518e-8  49.70702677619687
8.878258026707116e-8  49.85188732495768
9.155703590041713e-8  49.986971654397166
9.433149153376311e-8  50.25961692227641
9.710594716710908e-8  50.34959212000779
9.988040280045505e-8  50.573230203905204
1.0265485843380103e-7  50.66896956282577
1.05429314067147e-7  50.820400849391234
1.0820376970049298e-7  50.99588794301882
1.1097822533383895e-7  51.12226441061096
1.1375268096718492e-7  51.261139425919936
1.165271366005309e-7  51.32097579456072
1.1930159223387688e-7  51.55264017106616
1.2207604786722285e-7  51.69725223022593
1.2485050350056882e-7  51.903135865032795
1.276249591339148e-7  52.12029684549703
1.3039941476726076e-7  52.17544228273274
1.3317387040060675e-7  52.25427572331434
1.3594832603395272e-7  52.42970467121193
1.387227816672987e-7  52.51116188406595
