2.774455633345974e-9  5.564041439702393
5.548911266691948e-9  6.128068966827162
8.323366900037922e-9  6.45838231664666
1.1097822533383895e-8  6.693374745382334
1.3872278166729869e-8  6.875799979954091
1.6646733800075844e-8  7.026920867796933
1.9421189433421816e-8  7.1537819577503985
2.219564506676779e-8  7.264709052271487
2.4970100700113762e-8  7.367149200583902
2.7744556333459737e-8  7.4584088016933485
3.051901196680571e-8  7.549467995321922
3.329346760015169e-8  7.610431636360284
3.6067923233497656e-8  7.677042080772122
3.884237886684363e-8  7.730497349458829
4.1616834500189606e-8  7.7837968937273985
4.439129013353558e-8  7.8319147968699445
4.7165745766881556e-8  7.903193830182262
4.9940201400227525e-8  7.946269473734607
5.27146570335735e-8  7.998380838590917
5.5489112666919475e-8  8.025725826767944
5.826356830026545e-8  8.079527194831769
6.103802393361143e-8  8.104540562605465
6.38124795669574e-8  8.186823522320319
6.658693520030338e-8  8.218434280687543
6.936139083364934e-8  8.217721984416839
7.213584646699531e-8  8.220567446287943
7.49103021003413e-8  8.273077427693588
7.768475773368726e-8  8.30352807054387
8.045921336703324e-8  8.342853854290178
8.323366900037921e-8  8.351522971333429
8.600812463372518e-8  8.381003899660739
8.878258026707116e-8  8.421596175936394
9.155703590041713e-8  8.449041552134124
9.433149153376311e-8  8.450893258488641
9.710594716710908e-8  8.482458532541772
9.988040280045505e-8  8.481681429383332
1.0265485843380103e-7  8.545343266831757
1.05429314067147e-7  8.55788156843257
1.0820376970049298e-7  8.585510877208938
1.1097822533383895e-7  8.60295701961253
1.1375268096718492e-7  8.647651943543785
1.165271366005309e-7  8.658848438442515
1.1930159223387688e-7  8.67444734196462
1.2207604786722285e-7  8.6597354020385
1.2485050350056882e-7  8.703666632666947
1.276249591339148e-7  8.727986875413757
1.3039941476726076e-7  8.733861575972318
1.3317387040060675e-7  8.784485816333364
1.3594832603395272e-7  8.781785741751452
1.387227816672987e-7  8.809562032662726
