2.774455633345974e-9  5.880235261116116
5.548911266691948e-9  6.460125251281983
8.323366900037922e-9  6.798418371361731
1.1097822533383895e-8  7.040735435327422
1.3872278166729869e-8  7.231267502911217
1.6646733800075844e-8  7.391623517801644
1.9421189433421816e-8  7.51289263212148
2.219564506676779e-8  7.629872004454849
2.4970100700113762e-8  7.727008639229669
2.7744556333459737e-8  7.824949098801671
3.051901196680571e-8  7.9146162553083155
3.329346760015169e-8  7.978124711175285
3.6067923233497656e-8  8.053114847328363
3.884237886684363e-8  8.099641249977262
4.1616834500189606e-8  8.168162674750741
4.439129013353558e-8  8.210788050660856
4.7165745766881556e-8  8.253248503911145
4.9940201400227525e-8  8.292312078959487
5.27146570335735e-8  8.337396123670759
5.5489112666919475e-8  8.417179514741461
5.826356830026545e-8  8.424360076871576
6.103802393361143e-8  8.504665369252129
6.38124795669574e-8  8.547524973435904
6.658693520030338e-8  8.625773503748405
6.936139083364934e-8  8.610755780284457
7.213584646699531e-8  8.634291944440124
7.49103021003413e-8  8.64985168361654
7.768475773368726e-8  8.688721340690064
8.045921336703324e-8  8.688718374498098
8.323366900037921e-8  8.733204593791271
8.600812463372518e-8  8.741747789202556
8.878258026707116e-8  8.748780292942776
9.155703590041713e-8  8.837504191480278
9.433149153376311e-8  8.874163931608985
9.710594716710908e-8  8.878457145101635
9.988040280045505e-8  8.859559613137337
1.0265485843380103e-7  8.919769964966815
1.05429314067147e-7  8.94779890901118
1.0820376970049298e-7  8.958299989167303
1.1097822533383895e-7  8.94921535430314
1.1375268096718492e-7  9.013915949691626
1.165271366005309e-7  9.037229669736528
1.1930159223387688e-7  9.056213657891378
1.2207604786722285e-7  9.11265672507677
1.2485050350056882e-7  9.081187024472928
1.276249591339148e-7  9.132407028860872
1.3039941476726076e-7  9.145462219284152
1.3317387040060675e-7  9.14388823392577
1.3594832603395272e-7  9.20268601144581
1.387227816672987e-7  9.179325793241038
