2.774455633345974e-9  27.950498256219817
5.548911266691948e-9  31.542636611502008
8.323366900037922e-9  33.63775108580883
1.1097822533383895e-8  35.121956285121094
1.3872278166729869e-8  36.2746278003699
1.6646733800075844e-8  37.22133148462823
1.9421189433421816e-8  38.02244100578192
2.219564506676779e-8  38.72120805255799
2.4970100700113762e-8  39.336394535360974
2.7744556333459737e-8  39.88816105542661
3.051901196680571e-8  40.39600925962304
3.329346760015169e-8  40.837688864314366
3.6067923233497656e-8  41.24761191557773
3.884237886684363e-8  41.64040706210777
4.1616834500189606e-8  41.998702433679085
4.439129013353558e-8  42.34380147733964
4.7165745766881556e-8  42.67835761654755
4.9940201400227525e-8  42.94876911824884
5.27146570335735e-8  43.24147988665478
5.5489112666919475e-8  43.51749789724763
5.826356830026545e-8  43.77438454062243
6.103802393361143e-8  44.003010449420046
6.38124795669574e-8  44.295432857897936
6.658693520030338e-8  44.50185932094837
6.936139083364934e-8  44.72356291094506
7.213584646699531e-8  44.91428580013087
7.49103021003413e-8  45.15543633789739
7.768475773368726e-8  45.3638373758214
8.045921336703324e-8  45.554681104864386
8.323366900037921e-8  45.691231377377974
8.600812463372518e-8  45.849340219248795
8.878258026707116e-8  46.07728783045825
9.155703590041713e-8  46.16806999661524
9.433149153376311e-8  46.34923110526492
9.710594716710908e-8  46.5152506795425
9.988040280045505e-8  46.61581361747886
1.0265485843380103e-7  46.85108889817104
1.05429314067147e-7  46.95030703050961
1.0820376970049298e-7  47.0894240231317
1.1097822533383895e-7  47.126862001051585
1.1375268096718492e-7  47.36257480355674
1.165271366005309e-7  47.493208976895616
1.1930159223387688e-7  47.571121916884174
1.2207604786722285e-7  47.719610179217845
1.2485050350056882e-7  47.76556958905273
1.276249591339148e-7  47.95142183694971
1.3039941476726076e-7  48.02145872151954
1.3317387040060675e-7  48.24783548185818
1.3594832603395272e-7  48.262923245855276
1.387227816672987e-7  48.43171291429662
