2.774455633345974e-9  35.60928597867299
5.548911266691948e-9  40.31185143349055
8.323366900037922e-9  43.19036842705304
1.1097822533383895e-8  45.144026953132894
1.3872278166729869e-8  46.702174616796796
1.6646733800075844e-8  47.97448516681313
1.9421189433421816e-8  49.02198558654606
2.219564506676779e-8  49.96966070161455
2.4970100700113762e-8  50.7732103929866
2.7744556333459737e-8  51.50985390244088
3.051901196680571e-8  52.182211021183335
3.329346760015169e-8  52.77730077516211
3.6067923233497656e-8  53.3421655911553
3.884237886684363e-8  53.85007870344573
4.1616834500189606e-8  54.330138903830495
4.439129013353558e-8  54.78599971813436
4.7165745766881556e-8  55.20990091852402
4.9940201400227525e-8  55.6075151148766
5.27146570335735e-8  55.95912269862076
5.5489112666919475e-8  56.33401415117333
5.826356830026545e-8  56.672310133823395
6.103802393361143e-8  56.99535066659361
6.38124795669574e-8  57.33894925618593
6.658693520030338e-8  57.63163854854368
6.936139083364934e-8  57.90867133233254
7.213584646699531e-8  58.202220501288764
7.49103021003413e-8  58.46428986308174
7.768475773368726e-8  58.742723345864626
8.045921336703324e-8  58.9829128569614
8.323366900037921e-8  59.21764183309489
8.600812463372518e-8  59.42109334890783
8.878258026707116e-8  59.72313991303727
9.155703590041713e-8  59.87066012886102
9.433149153376311e-8  60.073098143330974
9.710594716710908e-8  60.343659166611054
9.988040280045505e-8  60.4386852209604
1.0265485843380103e-7  60.76524792665775
1.05429314067147e-7  60.86297621931825
1.0820376970049298e-7  61.067587523966004
1.1097822533383895e-7  61.1886409415852
1.1375268096718492e-7  61.44112268324936
1.165271366005309e-7  61.603908427356146
1.1930159223387688e-7  61.74966143133574
1.2207604786722285e-7  61.782424096048786
1.2485050350056882e-7  62.01936575295424
1.276249591339148e-7  62.20318555070769
1.3039941476726076e-7  62.34680251799469
1.3317387040060675e-7  62.595651012245604
1.3594832603395272e-7  62.658067247120876
1.387227816672987e-7  62.85495883871625
