2.774455633345974e-9  4.5793772772030525
5.548911266691948e-9  5.0038565286425385
8.323366900037922e-9  5.252662213035931
1.1097822533383895e-8  5.429002751710587
1.3872278166729869e-8  5.575694053508178
1.6646733800075844e-8  5.684325708267064
1.9421189433421816e-8  5.7780162793357075
2.219564506676779e-8  5.8628726954668045
2.4970100700113762e-8  5.934554444814395
2.7744556333459737e-8  6.015021078322047
3.051901196680571e-8  6.077977370254725
3.329346760015169e-8  6.110970500299672
3.6067923233497656e-8  6.162498744446362
3.884237886684363e-8  6.206686034526829
4.1616834500189606e-8  6.260413150576456
4.439129013353558e-8  6.264241084035764
4.7165745766881556e-8  6.3295339494501075
4.9940201400227525e-8  6.361714311774634
5.27146570335735e-8  6.395231623246319
5.5489112666919475e-8  6.456556993429934
5.826356830026545e-8  6.4688168406501445
6.103802393361143e-8  6.483099898740297
6.38124795669574e-8  6.528113774790627
6.658693520030338e-8  6.544818545225389
6.936139083364934e-8  6.557200943047299
7.213584646699531e-8  6.583564055146807
7.49103021003413e-8  6.6105803472975095
7.768475773368726e-8  6.645273695315593
8.045921336703324e-8  6.660326600974513
8.323366900037921e-8  6.660489746519925
8.600812463372518e-8  6.653836085446952
8.878258026707116e-8  6.712561503187473
9.155703590041713e-8  6.729804614804846
9.433149153376311e-8  6.745295304259827
9.710594716710908e-8  6.755845512970382
9.988040280045505e-8  6.783420241604615
1.0265485843380103e-7  6.819916875194437
1.05429314067147e-7  6.846529238235463
1.0820376970049298e-7  6.876428763577628
1.1097822533383895e-7  6.922971526290182
1.1375268096718492e-7  6.916492605640214
1.165271366005309e-7  6.8898992233040435
1.1930159223387688e-7  6.881054986955494
1.2207604786722285e-7  6.901263465827876
1.2485050350056882e-7  6.922022108651095
1.276249591339148e-7  6.927375149949689
1.3039941476726076e-7  6.940574299852564
1.3317387040060675e-7  6.962243118658222
1.3594832603395272e-7  6.9625983880032125
1.387227816672987e-7  6.98064002949292
