2.774455633345974e-9  24.357635599847043
5.548911266691948e-9  27.50770056794329
8.323366900037922e-9  29.415774708004747
1.1097822533383895e-8  30.7094389462984
1.3872278166729869e-8  31.767816210239587
1.6646733800075844e-8  32.585918882238076
1.9421189433421816e-8  33.31470580904522
2.219564506676779e-8  33.91564917795675
2.4970100700113762e-8  34.471156331701906
2.7744556333459737e-8  34.955346921537455
3.051901196680571e-8  35.399163856370414
3.329346760015169e-8  35.80607668920302
3.6067923233497656e-8  36.16201585268379
3.884237886684363e-8  36.52002277080895
4.1616834500189606e-8  36.82690962523324
4.439129013353558e-8  37.144414695481096
4.7165745766881556e-8  37.413458409446186
4.9940201400227525e-8  37.68143421444931
5.27146570335735e-8  37.93551873671691
5.5489112666919475e-8  38.1776315050271
5.826356830026545e-8  38.427926047290995
6.103802393361143e-8  38.61193544385027
6.38124795669574e-8  38.8341646366692
6.658693520030338e-8  39.049495321295105
6.936139083364934e-8  39.256952550327945
7.213584646699531e-8  39.416945964675016
7.49103021003413e-8  39.58550314894986
7.768475773368726e-8  39.764604557573875
8.045921336703324e-8  39.94271074961825
8.323366900037921e-8  40.11320672819223
8.600812463372518e-8  40.249906617478636
8.878258026707116e-8  40.40329697089658
9.155703590041713e-8  40.56677646588911
9.433149153376311e-8  40.70903989106245
9.710594716710908e-8  40.83861815196215
9.988040280045505e-8  40.97089515644804
1.0265485843380103e-7  41.05974408751255
1.05429314067147e-7  41.22104507630973
1.0820376970049298e-7  41.34228931749299
1.1097822533383895e-7  41.44007429311928
1.1375268096718492e-7  41.5208190283712
1.165271366005309e-7  41.666676425309554
1.1930159223387688e-7  41.847799426121206
1.2207604786722285e-7  41.868890833639746
1.2485050350056882e-7  42.00982188549027
1.276249591339148e-7  42.12284170402531
1.3039941476726076e-7  42.22696197466429
1.3317387040060675e-7  42.29352530976912
1.3594832603395272e-7  42.44547004744979
1.387227816672987e-7  42.53487513685725
