2.774455633345974e-9  47.89697784389186
5.548911266691948e-9  54.8306956558415
8.323366900037922e-9  58.911649678814335
1.1097822533383895e-8  61.78521205456662
1.3872278166729869e-8  64.03587078975468
1.6646733800075844e-8  65.84973191832565
1.9421189433421816e-8  67.41147355515719
2.219564506676779e-8  68.74238491059306
2.4970100700113762e-8  69.93064447141995
2.7744556333459737e-8  70.97899502659814
3.051901196680571e-8  71.9458611149258
3.329346760015169e-8  72.80818983641238
3.6067923233497656e-8  73.62003988465077
3.884237886684363e-8  74.36280193333202
4.1616834500189606e-8  75.05882764819286
4.439129013353558e-8  75.69723129669933
4.7165745766881556e-8  76.31203281669734
4.9940201400227525e-8  76.87949701863249
5.27146570335735e-8  77.43879161132705
5.5489112666919475e-8  77.93246453956775
5.826356830026545e-8  78.43990462816696
6.103802393361143e-8  78.91209971561025
6.38124795669574e-8  79.35574431051029
6.658693520030338e-8  79.7812736927033
6.936139083364934e-8  80.1990505716353
7.213584646699531e-8  80.59056013462165
7.49103021003413e-8  81.00724542154894
7.768475773368726e-8  81.32192840672155
8.045921336703324e-8  81.69011441689852
8.323366900037921e-8  82.03042479212574
8.600812463372518e-8  82.35858682945063
8.878258026707116e-8  82.69391569761568
9.155703590041713e-8  82.97997063432045
9.433149153376311e-8  83.33637317070695
9.710594716710908e-8  83.60365392025184
9.988040280045505e-8  83.90221439294457
1.0265485843380103e-7  84.18517451514477
1.05429314067147e-7  84.45030341182554
1.0820376970049298e-7  84.69088470804427
1.1097822533383895e-7  85.01415207103918
1.1375268096718492e-7  85.19135623785304
1.165271366005309e-7  85.50313037854552
1.1930159223387688e-7  85.70683391815393
1.2207604786722285e-7  86.00398085415311
1.2485050350056882e-7  86.25939331846999
1.276249591339148e-7  86.42492623120822
1.3039941476726076e-7  86.58704896776398
1.3317387040060675e-7  86.93643666201724
1.3594832603395272e-7  87.04488571078456
1.387227816672987e-7  87.28097224558331
