2.774455633345974e-9  77.08755853356529
5.548911266691948e-9  89.48721380866067
8.323366900037922e-9  96.92460441831369
1.1097822533383895e-8  102.03907885008748
1.3872278166729869e-8  106.16478979039427
1.6646733800075844e-8  109.38266334871163
1.9421189433421816e-8  112.24997423455157
2.219564506676779e-8  114.59433804230306
2.4970100700113762e-8  116.79825297612497
2.7744556333459737e-8  118.6399269770216
3.051901196680571e-8  120.41756232933427
3.329346760015169e-8  121.93979116028679
3.6067923233497656e-8  123.43514750003197
3.884237886684363e-8  124.73983080203628
4.1616834500189606e-8  126.02080559008967
4.439129013353558e-8  127.15927354567474
4.7165745766881556e-8  128.27575340683566
4.9940201400227525e-8  129.30010185130467
5.27146570335735e-8  130.2786644005368
5.5489112666919475e-8  131.2163040283451
5.826356830026545e-8  132.09611956151215
6.103802393361143e-8  132.94531128493512
6.38124795669574e-8  133.7333591444454
6.658693520030338e-8  134.52728997626883
6.936139083364934e-8  135.24418158852473
7.213584646699531e-8  135.9743427196513
7.49103021003413e-8  136.64813488592569
7.768475773368726e-8  137.33081611853189
8.045921336703324e-8  137.9502369772584
8.323366900037921e-8  138.57868070756388
8.600812463372518e-8  139.15860650278634
8.878258026707116e-8  139.73577665099384
9.155703590041713e-8  140.3124964237163
9.433149153376311e-8  140.85173033700903
9.710594716710908e-8  141.3825691315228
9.988040280045505e-8  141.86684530205935
1.0265485843380103e-7  142.36217186419444
1.05429314067147e-7  142.85233073256853
1.0820376970049298e-7  143.3534101617241
1.1097822533383895e-7  143.76780639961314
1.1375268096718492e-7  144.26334657996452
1.165271366005309e-7  144.70122051269055
1.1930159223387688e-7  145.0936896730044
1.2207604786722285e-7  145.50665528681904
1.2485050350056882e-7  145.96922331547844
1.276249591339148e-7  146.32631018617656
1.3039941476726076e-7  146.68624264994077
1.3317387040060675e-7  147.08755252612002
1.3594832603395272e-7  147.56728962040657
1.387227816672987e-7  147.83425537363166
