2.774455633345974e-9  22.38968031335179
5.548911266691948e-9  25.042672721909874
8.323366900037922e-9  26.59453858056443
1.1097822533383895e-8  27.69678346591741
1.3872278166729869e-8  28.550235487300867
1.6646733800075844e-8  29.250468754850562
1.9421189433421816e-8  29.856868504782888
2.219564506676779e-8  30.35374369197961
2.4970100700113762e-8  30.803090667604145
2.7744556333459737e-8  31.214893456557437
3.051901196680571e-8  31.57531078745702
3.329346760015169e-8  31.91780750264403
3.6067923233497656e-8  32.22446535234495
3.884237886684363e-8  32.504847967435744
4.1616834500189606e-8  32.77391022496502
4.439129013353558e-8  33.034754544551404
4.7165745766881556e-8  33.25089934843428
4.9940201400227525e-8  33.44536335140673
5.27146570335735e-8  33.67703328427414
5.5489112666919475e-8  33.880312798954115
5.826356830026545e-8  34.09186561548277
6.103802393361143e-8  34.33507186913536
6.38124795669574e-8  34.428757953375886
6.658693520030338e-8  34.6574122759206
6.936139083364934e-8  34.76373228858585
7.213584646699531e-8  34.88436254091352
7.49103021003413e-8  35.042102879064736
7.768475773368726e-8  35.16826589799978
8.045921336703324e-8  35.33749438586372
8.323366900037921e-8  35.46193067053593
8.600812463372518e-8  35.58479609693285
8.878258026707116e-8  35.726399519361536
9.155703590041713e-8  35.787557540614365
9.433149153376311e-8  35.97170010276815
9.710594716710908e-8  36.036658803018945
9.988040280045505e-8  36.17366498378468
1.0265485843380103e-7  36.232426244498086
1.05429314067147e-7  36.362734873699914
1.0820376970049298e-7  36.48010473063728
1.1097822533383895e-7  36.572314378028224
1.1375268096718492e-7  36.70294395919324
1.165271366005309e-7  36.82168893866857
1.1930159223387688e-7  36.899038299441266
1.2207604786722285e-7  37.05601172611671
1.2485050350056882e-7  37.19588667407412
1.276249591339148e-7  37.39355401071437
1.3039941476726076e-7  37.254465986675505
1.3317387040060675e-7  37.32337216516804
1.3594832603395272e-7  37.46265859238573
1.387227816672987e-7  37.41275021758532
