2.774455633345974e-9  35.89584481883007
5.548911266691948e-9  40.752801662126934
8.323366900037922e-9  43.6389387225109
1.1097822533383895e-8  45.64387224907549
1.3872278166729869e-8  47.24075601373223
1.6646733800075844e-8  48.50522956794226
1.9421189433421816e-8  49.61331299795896
2.219564506676779e-8  50.53453684624902
2.4970100700113762e-8  51.3872036561283
2.7744556333459737e-8  52.11694950093615
3.051901196680571e-8  52.79912279727886
3.329346760015169e-8  53.40312069002852
3.6067923233497656e-8  53.98144792185141
3.884237886684363e-8  54.50157620889326
4.1616834500189606e-8  54.99243954574784
4.439129013353558e-8  55.43573535556235
4.7165745766881556e-8  55.8657421340993
4.9940201400227525e-8  56.27720165163857
5.27146570335735e-8  56.68085949457432
5.5489112666919475e-8  57.046848877623006
5.826356830026545e-8  57.3965319236401
6.103802393361143e-8  57.71766985920749
6.38124795669574e-8  58.02707584293076
6.658693520030338e-8  58.35275069849049
6.936139083364934e-8  58.51568153352066
7.213584646699531e-8  58.89894458376291
7.49103021003413e-8  59.190694457149874
7.768475773368726e-8  59.46234687352693
8.045921336703324e-8  59.69136366592207
8.323366900037921e-8  59.957141424686
8.600812463372518e-8  60.15663758919926
8.878258026707116e-8  60.409399184504736
9.155703590041713e-8  60.6865470010397
9.433149153376311e-8  60.85133447270564
9.710594716710908e-8  61.079759491869
9.988040280045505e-8  61.28691061140554
1.0265485843380103e-7  61.44085490575259
1.05429314067147e-7  61.65630334283822
1.0820376970049298e-7  61.87348937167212
1.1097822533383895e-7  62.00743521151162
1.1375268096718492e-7  62.16793872855423
1.165271366005309e-7  62.343356125355264
1.1930159223387688e-7  62.59694798599363
1.2207604786722285e-7  62.60454480172408
1.2485050350056882e-7  62.848254625766835
1.276249591339148e-7  62.98129639493051
1.3039941476726076e-7  63.140280608710064
1.3317387040060675e-7  63.27993441726995
1.3594832603395272e-7  63.470577419506625
1.387227816672987e-7  63.58452612939593
