2.774455633345974e-9  33.965876639665574
5.548911266691948e-9  38.957212710575675
8.323366900037922e-9  41.876960191368944
1.1097822533383895e-8  43.947877032910306
1.3872278166729869e-8  45.55497331980546
1.6646733800075844e-8  46.867695189592254
1.9421189433421816e-8  47.97840891636904
2.219564506676779e-8  48.93849599149211
2.4970100700113762e-8  49.78919168996656
2.7744556333459737e-8  50.548236542929985
3.051901196680571e-8  51.23321042697782
3.329346760015169e-8  51.85836041588603
3.6067923233497656e-8  52.43678141479744
3.884237886684363e-8  52.96713395894747
4.1616834500189606e-8  53.46956316802653
4.439129013353558e-8  53.93340139485081
4.7165745766881556e-8  54.36998998922299
4.9940201400227525e-8  54.78636663286728
5.27146570335735e-8  55.16759731390677
5.5489112666919475e-8  55.54460576818177
5.826356830026545e-8  55.897267310906955
6.103802393361143e-8  56.238342956481866
6.38124795669574e-8  56.554268592125204
6.658693520030338e-8  56.85029783171981
6.936139083364934e-8  57.15051518099794
7.213584646699531e-8  57.436612627975215
7.49103021003413e-8  57.71581800395043
7.768475773368726e-8  57.96607487169083
8.045921336703324e-8  58.22993725189563
8.323366900037921e-8  58.475690076667526
8.600812463372518e-8  58.72405183751394
8.878258026707116e-8  58.93569376487432
9.155703590041713e-8  59.13767442953415
9.433149153376311e-8  59.37047993970604
9.710594716710908e-8  59.572133873288806
9.988040280045505e-8  59.79454392907423
1.0265485843380103e-7  59.998269709808525
1.05429314067147e-7  60.191717045646875
1.0820376970049298e-7  60.39913046786376
1.1097822533383895e-7  60.57633383085555
1.1375268096718492e-7  60.7173205103216
1.165271366005309e-7  60.903538357747195
1.1930159223387688e-7  61.13716935808125
1.2207604786722285e-7  61.23604468711206
1.2485050350056882e-7  61.42377811119527
1.276249591339148e-7  61.63189105183666
1.3039941476726076e-7  61.751290970589515
1.3317387040060675e-7  61.914116415076236
1.3594832603395272e-7  62.06887808409729
1.387227816672987e-7  62.25410420445615
