2.774455633345974e-9  225.33201867762534
5.548911266691948e-9  265.97848259156353
8.323366900037922e-9  291.1750405371807
1.1097822533383895e-8  307.88641068847954
1.3872278166729869e-8  321.9513843382488
1.6646733800075844e-8  332.4049633736843
1.9421189433421816e-8  342.2205371580653
2.219564506676779e-8  349.81489306752655
2.4970100700113762e-8  357.3438838635206
2.7744556333459737e-8  363.3319243361141
3.051901196680571e-8  369.41453431277205
3.329346760015169e-8  374.39230566199166
3.6067923233497656e-8  379.44754003422435
3.884237886684363e-8  383.74147929173245
4.1616834500189606e-8  388.05689109990453
4.439129013353558e-8  391.85457062655325
4.7165745766881556e-8  395.56825425577915
4.9940201400227525e-8  399.0016151765786
5.27146570335735e-8  402.2126387450815
5.5489112666919475e-8  405.42968221964094
5.826356830026545e-8  408.2461222010844
6.103802393361143e-8  411.13298438797375
6.38124795669574e-8  413.73147355854366
6.658693520030338e-8  416.3973363536605
6.936139083364934e-8  418.72295800303243
7.213584646699531e-8  421.2635749315687
7.49103021003413e-8  423.391322867158
7.768475773368726e-8  425.72581989939266
8.045921336703324e-8  427.68113573529973
8.323366900037921e-8  429.8958851633895
8.600812463372518e-8  431.74971985484746
8.878258026707116e-8  433.7485045204589
9.155703590041713e-8  435.53986605909984
9.433149153376311e-8  437.3783619109673
9.710594716710908e-8  439.13655169577333
9.988040280045505e-8  440.8336332187601
1.0265485843380103e-7  442.53699046021933
1.05429314067147e-7  444.0719570517893
1.0820376970049298e-7  445.67374067386
1.1097822533383895e-7  447.1838397538639
1.1375268096718492e-7  448.667281650795
1.165271366005309e-7  450.1007466363943
1.1930159223387688e-7  451.6466321200599
1.2207604786722285e-7  452.95909211902045
1.2485050350056882e-7  454.3468730411945
1.276249591339148e-7  455.64410858232225
1.3039941476726076e-7  456.88850601292455
1.3317387040060675e-7  458.2693352990758
1.3594832603395272e-7  459.5931753520064
1.387227816672987e-7  460.63921999360815
