2.774455633345974e-9  2514.323071812902
5.548911266691948e-9  5048.994815366856
8.323366900037922e-9  7567.9164933982565
1.1097822533383895e-8  10119.964883459697
1.3872278166729869e-8  12654.209113977611
1.6646733800075844e-8  15193.14661539514
1.9421189433421816e-8  17727.258810886393
2.219564506676779e-8  20266.486281041696
2.4970100700113762e-8  22789.26605372828
2.7744556333459737e-8  25338.509156797303
3.051901196680571e-8  27871.5286241073
3.329346760015169e-8  30409.470293049395
3.6067923233497656e-8  32952.32729494136
3.884237886684363e-8  35483.899736087136
4.1616834500189606e-8  38016.58969728986
4.439129013353558e-8  40554.16900291822
4.7165745766881556e-8  43094.444210394126
4.9940201400227525e-8  45629.48304773762
5.27146570335735e-8  48161.44532422745
5.5489112666919475e-8  50719.97754279535
5.826356830026545e-8  53242.635985944624
6.103802393361143e-8  55772.43788799597
6.38124795669574e-8  58316.13681697844
6.658693520030338e-8  60849.24796357875
6.936139083364934e-8  63380.30803786887
7.213584646699531e-8  65922.51158765912
7.49103021003413e-8  68454.6791529674
7.768475773368726e-8  70988.54270126042
8.045921336703324e-8  73524.6088792485
8.323366900037921e-8  76066.99739352732
8.600812463372518e-8  78603.77926926785
8.878258026707116e-8  81136.43410874147
9.155703590041713e-8  83677.75103001359
9.433149153376311e-8  86211.31978694249
9.710594716710908e-8  88764.94025387122
9.988040280045505e-8  91285.52451696202
1.0265485843380103e-7  93819.9630132454
1.05429314067147e-7  96353.9729893924
1.0820376970049298e-7  98901.7042713189
1.1097822533383895e-7  101421.54238740401
1.1375268096718492e-7  103973.32430795186
1.165271366005309e-7  106508.4231057699
1.1930159223387688e-7  109039.03503545174
1.2207604786722285e-7  111576.3251719533
1.2485050350056882e-7  114116.83737936452
1.276249591339148e-7  116649.57870019984
1.3039941476726076e-7  119186.77818845777
1.3317387040060675e-7  121712.59382274584
1.3594832603395272e-7  124263.70999730582
1.387227816672987e-7  126798.89270273899
