2.774455633345974e-9  24.930389249784678
5.548911266691948e-9  27.980952423894504
8.323366900037922e-9  29.77803637057971
1.1097822533383895e-8  31.046606999753863
1.3872278166729869e-8  32.03187365501851
1.6646733800075844e-8  32.83933137953833
1.9421189433421816e-8  33.51975147854955
2.219564506676779e-8  34.11080007517142
2.4970100700113762e-8  34.63406054573788
2.7744556333459737e-8  35.092743944924564
3.051901196680571e-8  35.52153234015664
3.329346760015169e-8  35.912227422684104
3.6067923233497656e-8  36.27412865863394
3.884237886684363e-8  36.6149905773444
4.1616834500189606e-8  36.922983031933676
4.439129013353558e-8  37.19739173338351
4.7165745766881556e-8  37.490195602179085
4.9940201400227525e-8  37.74408954605737
5.27146570335735e-8  37.95934018714974
5.5489112666919475e-8  38.22467759279178
5.826356830026545e-8  38.43830498008052
6.103802393361143e-8  38.64782949438791
6.38124795669574e-8  38.8940559107512
6.658693520030338e-8  39.06421853298294
6.936139083364934e-8  39.2364408823586
7.213584646699531e-8  39.42305694549614
7.49103021003413e-8  39.592676139671866
7.768475773368726e-8  39.77827789646024
8.045921336703324e-8  39.99058196300518
8.323366900037921e-8  40.103813956866105
8.600812463372518e-8  40.203249720914144
8.878258026707116e-8  40.40970666911925
9.155703590041713e-8  40.46729392369798
9.433149153376311e-8  40.63295575098907
9.710594716710908e-8  40.808601174139966
9.988040280045505e-8  40.85666740117132
1.0265485843380103e-7  41.09679333767039
1.05429314067147e-7  41.13728940294078
1.0820376970049298e-7  41.276510706665974
1.1097822533383895e-7  41.336712353883335
1.1375268096718492e-7  41.54232565137388
1.165271366005309e-7  41.592553365550344
1.1930159223387688e-7  41.63425292304213
1.2207604786722285e-7  41.760893521150706
1.2485050350056882e-7  41.8004334987346
1.276249591339148e-7  41.98144160605921
1.3039941476726076e-7  42.068979464626985
1.3317387040060675e-7  42.15230523567531
1.3594832603395272e-7  42.27392822281769
1.387227816672987e-7  42.41695637035859
