2.774455633345974e-9  75.62854138604857
5.548911266691948e-9  85.99076400331359
8.323366900037922e-9  92.05193855414555
1.1097822533383895e-8  96.35385039963438
1.3872278166729869e-8  99.69085142090395
1.6646733800075844e-8  102.41804211632711
1.9421189433421816e-8  104.72983130743309
2.219564506676779e-8  106.72584437943237
2.4970100700113762e-8  108.48321393113103
2.7744556333459737e-8  110.06510783671268
3.051901196680571e-8  111.50529798363384
3.329346760015169e-8  112.78609116508834
3.6067923233497656e-8  113.98566994156789
3.884237886684363e-8  115.14820428703455
4.1616834500189606e-8  116.14824804472859
4.439129013353558e-8  117.096883003229
4.7165745766881556e-8  118.02907985411295
4.9940201400227525e-8  118.88418169833028
5.27146570335735e-8  119.6595073542804
5.5489112666919475e-8  120.46429113681539
5.826356830026545e-8  121.18887800725365
6.103802393361143e-8  121.90077285495123
6.38124795669574e-8  122.58541831782435
6.658693520030338e-8  123.18257752073406
6.936139083364934e-8  123.79423105292706
7.213584646699531e-8  124.37959129601491
7.49103021003413e-8  124.94467552857985
7.768475773368726e-8  125.59165350641483
8.045921336703324e-8  126.12821769597124
8.323366900037921e-8  126.62438849675863
8.600812463372518e-8  127.12001900334387
8.878258026707116e-8  127.65080940471114
9.155703590041713e-8  127.97063757438553
9.433149153376311e-8  128.43094220866664
9.710594716710908e-8  128.93211933189906
9.988040280045505e-8  129.27564133455252
1.0265485843380103e-7  129.73087374994313
1.05429314067147e-7  130.200065802172
1.0820376970049298e-7  130.50865804884
1.1097822533383895e-7  130.91523834792793
1.1375268096718492e-7  131.2898222098611
1.165271366005309e-7  131.50156491846747
1.1930159223387688e-7  131.9953923580982
1.2207604786722285e-7  132.19797041381452
1.2485050350056882e-7  132.6859049994758
1.276249591339148e-7  133.07466897160992
1.3039941476726076e-7  133.24401237134978
1.3317387040060675e-7  133.74401651557372
1.3594832603395272e-7  134.04273636445055
1.387227816672987e-7  134.3867452077607
