2.774455633345974e-9  4.851309957692255
5.548911266691948e-9  5.325746812985199
8.323366900037922e-9  5.603110854865264
1.1097822533383895e-8  5.801613044847681
1.3872278166729869e-8  5.956809378033039
1.6646733800075844e-8  6.081751401290624
1.9421189433421816e-8  6.189724073001671
2.219564506676779e-8  6.283147075697516
2.4970100700113762e-8  6.366910172978349
2.7744556333459737e-8  6.422383823965344
3.051901196680571e-8  6.503301844873127
3.329346760015169e-8  6.557023200177475
3.6067923233497656e-8  6.634248287795988
3.884237886684363e-8  6.679784139503821
4.1616834500189606e-8  6.7152275923362845
4.439129013353558e-8  6.763559343152488
4.7165745766881556e-8  6.775587904037838
4.9940201400227525e-8  6.832702575612806
5.27146570335735e-8  6.882953152980008
5.5489112666919475e-8  6.920122112836964
5.826356830026545e-8  6.949671288408085
6.103802393361143e-8  6.979989210383917
6.38124795669574e-8  7.013066210433923
6.658693520030338e-8  7.054559406442457
6.936139083364934e-8  7.094901271980041
7.213584646699531e-8  7.132092816256797
7.49103021003413e-8  7.1606806848996944
7.768475773368726e-8  7.151606087418142
8.045921336703324e-8  7.153068768099838
8.323366900037921e-8  7.214822708150143
8.600812463372518e-8  7.204803782362844
8.878258026707116e-8  7.216607393453952
9.155703590041713e-8  7.25467233489087
9.433149153376311e-8  7.26551108655613
9.710594716710908e-8  7.306833674514853
9.988040280045505e-8  7.320170528525557
1.0265485843380103e-7  7.3329346362655725
1.05429314067147e-7  7.298631081763102
1.0820376970049298e-7  7.353156472051136
1.1097822533383895e-7  7.374246682783788
1.1375268096718492e-7  7.402754896028994
1.165271366005309e-7  7.442758519517201
1.1930159223387688e-7  7.402661027909322
1.2207604786722285e-7  7.420987038553858
1.2485050350056882e-7  7.464222451098915
1.276249591339148e-7  7.479525005972883
1.3039941476726076e-7  7.44758373872294
1.3317387040060675e-7  7.5385507610512725
1.3594832603395272e-7  7.519456646003624
1.387227816672987e-7  7.563481490628433
