2.774455633345974e-9  18.800190366776405
5.548911266691948e-9  21.179161845253006
8.323366900037922e-9  22.574077156364527
1.1097822533383895e-8  23.56672390229113
1.3872278166729869e-8  24.334644402143496
1.6646733800075844e-8  24.960318550195918
1.9421189433421816e-8  25.490544065744416
2.219564506676779e-8  25.949689478250274
2.4970100700113762e-8  26.360761632588257
2.7744556333459737e-8  26.721312529368102
3.051901196680571e-8  27.055091086221662
3.329346760015169e-8  27.353020267097467
3.6067923233497656e-8  27.630744696694425
3.884237886684363e-8  27.88386710194404
4.1616834500189606e-8  28.122690934707713
4.439129013353558e-8  28.345981521482262
4.7165745766881556e-8  28.55951638420782
4.9940201400227525e-8  28.764867714544025
5.27146570335735e-8  28.964903135305132
5.5489112666919475e-8  29.14272056840786
5.826356830026545e-8  29.310966630075175
6.103802393361143e-8  29.45582569000867
6.38124795669574e-8  29.629424074739312
6.658693520030338e-8  29.82187408185604
6.936139083364934e-8  29.929359290674157
7.213584646699531e-8  30.057300606471088
7.49103021003413e-8  30.214428914844238
7.768475773368726e-8  30.335423653084984
8.045921336703324e-8  30.446233418017943
8.323366900037921e-8  30.576452021590597
8.600812463372518e-8  30.653463610651954
8.878258026707116e-8  30.78767304088942
9.155703590041713e-8  30.885874542187498
9.433149153376311e-8  30.989239535221337
9.710594716710908e-8  31.1346428502057
9.988040280045505e-8  31.230272088318415
1.0265485843380103e-7  31.29468649531422
1.05429314067147e-7  31.43060538021125
1.0820376970049298e-7  31.514661348848623
1.1097822533383895e-7  31.620286190874626
1.1375268096718492e-7  31.676367579530403
1.165271366005309e-7  31.760074831913112
1.1930159223387688e-7  31.85278956348289
1.2207604786722285e-7  31.931561290778383
1.2485050350056882e-7  32.01474517677838
1.276249591339148e-7  32.11252223710158
1.3039941476726076e-7  32.124789535730415
1.3317387040060675e-7  32.176501508558445
1.3594832603395272e-7  32.33337280870959
1.387227816672987e-7  32.347804405447825
