2.774455633345974e-9  14.445050049605296
5.548911266691948e-9  16.161869684642177
8.323366900037922e-9  17.166164485049375
1.1097822533383895e-8  17.879215766451722
1.3872278166729869e-8  18.4318057151879
1.6646733800075844e-8  18.88339830841953
1.9421189433421816e-8  19.267629769457365
2.219564506676779e-8  19.596858146761445
2.4970100700113762e-8  19.895437399292536
2.7744556333459737e-8  20.15466219928025
3.051901196680571e-8  20.39300630790238
3.329346760015169e-8  20.6136135334039
3.6067923233497656e-8  20.812650134147646
3.884237886684363e-8  21.000523983606893
4.1616834500189606e-8  21.165778856285502
4.439129013353558e-8  21.342179369133017
4.7165745766881556e-8  21.495209162973687
4.9940201400227525e-8  21.655238585320074
5.27146570335735e-8  21.785218512767173
5.5489112666919475e-8  21.907539216946862
5.826356830026545e-8  22.033101396839584
6.103802393361143e-8  22.16774470668318
6.38124795669574e-8  22.26898913184009
6.658693520030338e-8  22.38819637622428
6.936139083364934e-8  22.463983328088425
7.213584646699531e-8  22.565956029200528
7.49103021003413e-8  22.64134313538148
7.768475773368726e-8  22.70409009572536
8.045921336703324e-8  22.846832231359556
8.323366900037921e-8  22.920769349232817
8.600812463372518e-8  23.016102248281847
8.878258026707116e-8  23.08679518359281
9.155703590041713e-8  23.18387669505879
9.433149153376311e-8  23.2784479572902
9.710594716710908e-8  23.36479754993645
9.988040280045505e-8  23.455871378587496
1.0265485843380103e-7  23.454344794557297
1.05429314067147e-7  23.5481034220735
1.0820376970049298e-7  23.57202034414908
1.1097822533383895e-7  23.67127776366184
1.1375268096718492e-7  23.75660426280656
1.165271366005309e-7  23.835369840849534
1.1930159223387688e-7  23.843842244871
1.2207604786722285e-7  23.98090167434528
1.2485050350056882e-7  24.026110224867708
1.276249591339148e-7  24.06860208460585
1.3039941476726076e-7  24.094760982678093
1.3317387040060675e-7  24.057198409356054
1.3594832603395272e-7  24.160425225969643
1.387227816672987e-7  24.214673232150236
