2.774455633345974e-9  28.359282308596484
5.548911266691948e-9  31.804143091259064
8.323366900037922e-9  33.8174797038031
1.1097822533383895e-8  35.248104414025484
1.3872278166729869e-8  36.35590229932249
1.6646733800075844e-8  37.26151587731668
1.9421189433421816e-8  38.032653072767175
2.219564506676779e-8  38.692613788684966
2.4970100700113762e-8  39.27951410503886
2.7744556333459737e-8  39.80074385982121
3.051901196680571e-8  40.28730964422025
3.329346760015169e-8  40.73405768551735
3.6067923233497656e-8  41.11361901310905
3.884237886684363e-8  41.48795615051526
4.1616834500189606e-8  41.84737029032928
4.439129013353558e-8  42.16716525390964
4.7165745766881556e-8  42.504977795892295
4.9940201400227525e-8  42.77631361826119
5.27146570335735e-8  43.02616195952979
5.5489112666919475e-8  43.334141340282635
5.826356830026545e-8  43.58243660710883
6.103802393361143e-8  43.77690736035418
6.38124795669574e-8  44.01893919558002
6.658693520030338e-8  44.233012970473204
6.936139083364934e-8  44.40418264520214
7.213584646699531e-8  44.63552789597572
7.49103021003413e-8  44.8185233335444
7.768475773368726e-8  45.06773608454432
8.045921336703324e-8  45.271505105893425
8.323366900037921e-8  45.42332722242255
8.600812463372518e-8  45.534779959944814
8.878258026707116e-8  45.75811060841382
9.155703590041713e-8  45.81604354372989
9.433149153376311e-8  46.0272289807553
9.710594716710908e-8  46.157862017713086
9.988040280045505e-8  46.28881972009117
1.0265485843380103e-7  46.56282404863114
1.05429314067147e-7  46.54214680824135
1.0820376970049298e-7  46.78738166795367
1.1097822533383895e-7  46.83742274980354
1.1375268096718492e-7  47.07314226819222
1.165271366005309e-7  47.14489888563051
1.1930159223387688e-7  47.09930566281386
1.2207604786722285e-7  47.28876198399109
1.2485050350056882e-7  47.32340466232088
1.276249591339148e-7  47.49032731126937
1.3039941476726076e-7  47.60535472341855
1.3317387040060675e-7  47.75977533561495
1.3594832603395272e-7  47.75028684130642
1.387227816672987e-7  47.969352793986225
