2.774455633345974e-9  44.95898278340307
5.548911266691948e-9  51.50133116131085
8.323366900037922e-9  55.32794113172643
1.1097822533383895e-8  58.04387844296974
1.3872278166729869e-8  60.15056082993174
1.6646733800075844e-8  61.87185482417916
1.9421189433421816e-8  63.327429524360056
2.219564506676779e-8  64.58895915763117
2.4970100700113762e-8  65.69802393769514
2.7744556333459737e-8  66.69446257576905
3.051901196680571e-8  67.59857640634266
3.329346760015169e-8  68.418585069684
3.6067923233497656e-8  69.1763173329377
3.884237886684363e-8  69.87867662093494
4.1616834500189606e-8  70.52281151588306
4.439129013353558e-8  71.13479654307977
4.7165745766881556e-8  71.70733584871364
4.9940201400227525e-8  72.25041667770901
5.27146570335735e-8  72.76911228656986
5.5489112666919475e-8  73.24117953486
5.826356830026545e-8  73.69635611021849
6.103802393361143e-8  74.16399039487335
6.38124795669574e-8  74.56978449977288
6.658693520030338e-8  75.00481897494649
6.936139083364934e-8  75.34920995340633
7.213584646699531e-8  75.73314726758571
7.49103021003413e-8  76.10980910922306
7.768475773368726e-8  76.45378882838465
8.045921336703324e-8  76.75903442600948
8.323366900037921e-8  77.09232513195721
8.600812463372518e-8  77.39895379542733
8.878258026707116e-8  77.67496594404626
9.155703590041713e-8  77.98729336487676
9.433149153376311e-8  78.31307412632634
9.710594716710908e-8  78.5514600181732
9.988040280045505e-8  78.827694810396
1.0265485843380103e-7  79.08959055521535
1.05429314067147e-7  79.32342427602116
1.0820376970049298e-7  79.60832184138043
1.1097822533383895e-7  79.84325592477073
1.1375268096718492e-7  80.06998275318125
1.165271366005309e-7  80.2803675657147
1.1930159223387688e-7  80.56747781881595
1.2207604786722285e-7  80.72781125681543
1.2485050350056882e-7  81.03798534003751
1.276249591339148e-7  81.2518938508136
1.3039941476726076e-7  81.40552715841211
1.3317387040060675e-7  81.56048073233312
1.3594832603395272e-7  81.86646946924992
1.387227816672987e-7  82.03565904928882
