2.774455633345974e-9  11.490045413620079
5.548911266691948e-9  12.95741105124819
8.323366900037922e-9  13.815431931537292
1.1097822533383895e-8  14.424568971774947
1.3872278166729869e-8  14.896676806217863
1.6646733800075844e-8  15.2830385708973
1.9421189433421816e-8  15.609340452119952
2.219564506676779e-8  15.892554150962889
2.4970100700113762e-8  16.14067866951083
2.7744556333459737e-8  16.36498833264107
3.051901196680571e-8  16.5679763431081
3.329346760015169e-8  16.752516880482997
3.6067923233497656e-8  16.919385060872337
3.884237886684363e-8  17.08013183725044
4.1616834500189606e-8  17.22599037327664
4.439129013353558e-8  17.36840902966863
4.7165745766881556e-8  17.499774938636122
4.9940201400227525e-8  17.617223218221433
5.27146570335735e-8  17.733818622679454
5.5489112666919475e-8  17.848613787355966
5.826356830026545e-8  17.948569372689025
6.103802393361143e-8  18.0523738739021
6.38124795669574e-8  18.14484835020025
6.658693520030338e-8  18.243428159620922
6.936139083364934e-8  18.327174863482806
7.213584646699531e-8  18.401813699961895
7.49103021003413e-8  18.47878180609026
7.768475773368726e-8  18.55400998339282
8.045921336703324e-8  18.631511324374593
8.323366900037921e-8  18.71109250934511
8.600812463372518e-8  18.802372854096
8.878258026707116e-8  18.8643202661461
9.155703590041713e-8  18.929299781446385
9.433149153376311e-8  18.997985521414638
9.710594716710908e-8  19.03594070482961
9.988040280045505e-8  19.14880799750314
1.0265485843380103e-7  19.175192565151224
1.05429314067147e-7  19.254515906494646
1.0820376970049298e-7  19.318578124983834
1.1097822533383895e-7  19.336680986376045
1.1375268096718492e-7  19.39221450578539
1.165271366005309e-7  19.454938432158553
1.1930159223387688e-7  19.476275276005527
1.2207604786722285e-7  19.556763383632177
1.2485050350056882e-7  19.596111327365165
1.276249591339148e-7  19.635157947070837
1.3039941476726076e-7  19.683529884586303
1.3317387040060675e-7  19.715982854524952
1.3594832603395272e-7  19.753832756303904
1.387227816672987e-7  19.79834037341836
