2.774455633345974e-9  22.294341484877258
5.548911266691948e-9  24.813451894277552
8.323366900037922e-9  26.28731124368875
1.1097822533383895e-8  27.33322157844502
1.3872278166729869e-8  28.14472317941425
1.6646733800075844e-8  28.808908588947894
1.9421189433421816e-8  29.369116497067864
2.219564506676779e-8  29.865290989718144
2.4970100700113762e-8  30.297262742504483
2.7744556333459737e-8  30.67366054265156
3.051901196680571e-8  31.045517857367827
3.329346760015169e-8  31.381354834160394
3.6067923233497656e-8  31.688851367900742
3.884237886684363e-8  31.94942162597079
4.1616834500189606e-8  32.15706348212837
4.439129013353558e-8  32.45479418774878
4.7165745766881556e-8  32.65266036708069
4.9940201400227525e-8  32.85931168494562
5.27146570335735e-8  33.044307468167
5.5489112666919475e-8  33.290341981541005
5.826356830026545e-8  33.45166996686615
6.103802393361143e-8  33.63242222925107
6.38124795669574e-8  33.78067046464079
6.658693520030338e-8  33.974823041520196
6.936139083364934e-8  34.21158963468575
7.213584646699531e-8  34.26363159657691
7.49103021003413e-8  34.47461685266999
7.768475773368726e-8  34.529408687030084
8.045921336703324e-8  34.59048628610513
8.323366900037921e-8  34.83091410830011
8.600812463372518e-8  34.93281535182359
8.878258026707116e-8  34.9787735717735
9.155703590041713e-8  35.07378385148237
9.433149153376311e-8  35.212114684738125
9.710594716710908e-8  35.324229940759466
9.988040280045505e-8  35.3595123548965
1.0265485843380103e-7  35.55845596819238
1.05429314067147e-7  35.62406862361382
1.0820376970049298e-7  35.69612997125918
1.1097822533383895e-7  35.73872306228779
1.1375268096718492e-7  35.868220922791394
1.165271366005309e-7  35.9497803729237
1.1930159223387688e-7  35.996898590331604
1.2207604786722285e-7  36.20876962630009
1.2485050350056882e-7  36.248883808164635
1.276249591339148e-7  36.3965011383449
1.3039941476726076e-7  36.37312505550966
1.3317387040060675e-7  36.52244865472994
1.3594832603395272e-7  36.67523286173235
1.387227816672987e-7  36.60904191132087
