2.774455633345974e-9  9.311248980172156
5.548911266691948e-9  10.360418677567239
8.323366900037922e-9  10.974183702362645
1.1097822533383895e-8  11.410154356547611
1.3872278166729869e-8  11.74829630702421
1.6646733800075844e-8  12.02418147201449
1.9421189433421816e-8  12.25695343589519
2.219564506676779e-8  12.464427907943493
2.4970100700113762e-8  12.645507349430044
2.7744556333459737e-8  12.804754158677044
3.051901196680571e-8  12.952012489146362
3.329346760015169e-8  13.087063451048838
3.6067923233497656e-8  13.208013177820025
3.884237886684363e-8  13.320690271559041
4.1616834500189606e-8  13.42402442416011
4.439129013353558e-8  13.550745792982228
4.7165745766881556e-8  13.634504998021786
4.9940201400227525e-8  13.71306855907178
5.27146570335735e-8  13.79585248514069
5.5489112666919475e-8  13.893995710417725
5.826356830026545e-8  13.96315820701792
6.103802393361143e-8  14.037688151841923
6.38124795669574e-8  14.075988967015949
6.658693520030338e-8  14.162480640982077
6.936139083364934e-8  14.204294234692195
7.213584646699531e-8  14.237436486432872
7.49103021003413e-8  14.30001161886651
7.768475773368726e-8  14.360307860374236
8.045921336703324e-8  14.451577423209235
8.323366900037921e-8  14.509123538516045
8.600812463372518e-8  14.530977564096858
8.878258026707116e-8  14.604670392228769
9.155703590041713e-8  14.671143454595324
9.433149153376311e-8  14.71625381266606
9.710594716710908e-8  14.705365158599482
9.988040280045505e-8  14.823106898456786
1.0265485843380103e-7  14.821465982900776
1.05429314067147e-7  14.89881745829582
1.0820376970049298e-7  14.884483858736163
1.1097822533383895e-7  14.929089289731923
1.1375268096718492e-7  14.991004626562384
1.165271366005309e-7  14.969173776781256
1.1930159223387688e-7  15.004928790058694
1.2207604786722285e-7  15.05254437738779
1.2485050350056882e-7  15.158760345171341
1.276249591339148e-7  15.177112442998103
1.3039941476726076e-7  15.15029402278585
1.3317387040060675e-7  15.172323871716683
1.3594832603395272e-7  15.172441409125632
1.387227816672987e-7  15.251068957743563
