2.774455633345974e-9  18.048323409773495
5.548911266691948e-9  20.208601334280708
8.323366900037922e-9  21.471852976798925
1.1097822533383895e-8  22.369053397369697
1.3872278166729869e-8  23.06380784827854
1.6646733800075844e-8  23.63274951191562
1.9421189433421816e-8  24.113215630744982
2.219564506676779e-8  24.531209728144955
2.4970100700113762e-8  24.895960548569292
2.7744556333459737e-8  25.22556268193434
3.051901196680571e-8  25.53618198888885
3.329346760015169e-8  25.800488677921223
3.6067923233497656e-8  26.03140143282196
3.884237886684363e-8  26.293353625496177
4.1616834500189606e-8  26.51267746547218
4.439129013353558e-8  26.734796634883207
4.7165745766881556e-8  26.897261055276214
4.9940201400227525e-8  27.092971969232526
5.27146570335735e-8  27.28950651297868
5.5489112666919475e-8  27.433832526936882
5.826356830026545e-8  27.609056320660947
6.103802393361143e-8  27.780179590507526
6.38124795669574e-8  27.86687183223564
6.658693520030338e-8  28.029551575964362
6.936139083364934e-8  28.133004343471416
7.213584646699531e-8  28.24121499621129
7.49103021003413e-8  28.397949378736257
7.768475773368726e-8  28.507793310188198
8.045921336703324e-8  28.56225977851143
8.323366900037921e-8  28.694832114880914
8.600812463372518e-8  28.81476220100342
8.878258026707116e-8  28.921496674574893
9.155703590041713e-8  29.055703052572774
9.433149153376311e-8  29.135304840932132
9.710594716710908e-8  29.323956507580057
9.988040280045505e-8  29.334193660145417
1.0265485843380103e-7  29.370474268095137
1.05429314067147e-7  29.44897807715502
1.0820376970049298e-7  29.55499029409509
1.1097822533383895e-7  29.690526397622097
1.1375268096718492e-7  29.706666368152543
1.165271366005309e-7  29.869858639775707
1.1930159223387688e-7  29.89034287942205
1.2207604786722285e-7  29.94367583415786
1.2485050350056882e-7  30.0819076864668
1.276249591339148e-7  30.052484252278646
1.3039941476726076e-7  30.08962361427365
1.3317387040060675e-7  30.21892558739468
1.3594832603395272e-7  30.254090701170067
1.387227816672987e-7  30.27853407779448
