2.774455633345974e-9  125.34080733568199
5.548911266691948e-9  143.1456059213158
8.323366900037922e-9  153.56409045481374
1.1097822533383895e-8  160.95641426271433
1.3872278166729869e-8  166.68995858580357
1.6646733800075844e-8  171.37514409708712
1.9421189433421816e-8  175.34337173335382
2.219564506676779e-8  178.77120517094536
2.4970100700113762e-8  181.8024938060222
2.7744556333459737e-8  184.5036249189776
3.051901196680571e-8  186.9607127201797
3.329346760015169e-8  189.19617800816206
3.6067923233497656e-8  191.26347701732604
3.884237886684363e-8  193.1612367247
4.1616834500189606e-8  194.9521892956118
4.439129013353558e-8  196.61612644556976
4.7165745766881556e-8  198.1688854564203
4.9940201400227525e-8  199.6502980731027
5.27146570335735e-8  201.01505658895533
5.5489112666919475e-8  202.3666382457829
5.826356830026545e-8  203.61308811407065
6.103802393361143e-8  204.83512177826657
6.38124795669574e-8  205.94573996951598
6.658693520030338e-8  207.02284892293758
6.936139083364934e-8  208.07559891770237
7.213584646699531e-8  209.09868609310766
7.49103021003413e-8  210.12048790660228
7.768475773368726e-8  211.071883435731
8.045921336703324e-8  211.91727012299629
8.323366900037921e-8  212.9444036260988
8.600812463372518e-8  213.79031741400962
8.878258026707116e-8  214.4256066218909
9.155703590041713e-8  215.2955126792409
9.433149153376311e-8  216.11408890008894
9.710594716710908e-8  216.81584751318923
9.988040280045505e-8  217.50849110273265
1.0265485843380103e-7  218.26960866142488
1.05429314067147e-7  219.0055364215371
1.0820376970049298e-7  219.65357295224777
1.1097822533383895e-7  220.3102508155292
1.1375268096718492e-7  220.91163835130448
1.165271366005309e-7  221.69858691929073
1.1930159223387688e-7  222.03766250004537
1.2207604786722285e-7  222.59209094777714
1.2485050350056882e-7  223.19117364574618
1.276249591339148e-7  223.98631977219043
1.3039941476726076e-7  224.5550986109466
1.3317387040060675e-7  225.2362890273942
1.3594832603395272e-7  225.73139746661272
1.387227816672987e-7  226.16615964217755
