2.774455633345974e-9  49.06983094534447
5.548911266691948e-9  55.59646096071663
8.323366900037922e-9  59.771721049541846
1.1097822533383895e-8  62.44855167071151
1.3872278166729869e-8  64.7198378382094
1.6646733800075844e-8  66.47821278519268
1.9421189433421816e-8  67.97608822003023
2.219564506676779e-8  69.33059145302077
2.4970100700113762e-8  70.43004351334312
2.7744556333459737e-8  71.51519257038908
3.051901196680571e-8  72.4249550988439
3.329346760015169e-8  73.29385207861377
3.6067923233497656e-8  74.08799273536464
3.884237886684363e-8  74.78877470319017
4.1616834500189606e-8  75.5002316357393
4.439129013353558e-8  76.09859714644331
4.7165745766881556e-8  76.73990232861539
4.9940201400227525e-8  77.27032580010558
5.27146570335735e-8  77.84294885256539
5.5489112666919475e-8  78.32253436774707
5.826356830026545e-8  78.80514125575775
6.103802393361143e-8  79.27833089779624
6.38124795669574e-8  79.71062062797705
6.658693520030338e-8  80.15453475803423
6.936139083364934e-8  80.52862613222852
7.213584646699531e-8  80.89788919679582
7.49103021003413e-8  81.30760542680748
7.768475773368726e-8  81.72434328861286
8.045921336703324e-8  81.99052574128778
8.323366900037921e-8  82.34721175237287
8.600812463372518e-8  82.6423645154843
8.878258026707116e-8  82.93107073396142
9.155703590041713e-8  83.26637827129869
9.433149153376311e-8  83.5570726584377
9.710594716710908e-8  83.86585394452231
9.988040280045505e-8  84.1514306859534
1.0265485843380103e-7  84.36460277507423
1.05429314067147e-7  84.70133865551706
1.0820376970049298e-7  84.969723495219
1.1097822533383895e-7  85.25973683643271
1.1375268096718492e-7  85.3646901102399
1.165271366005309e-7  85.6487088278935
1.1930159223387688e-7  85.94878682566886
1.2207604786722285e-7  86.19432402643726
1.2485050350056882e-7  86.32414489655073
1.276249591339148e-7  86.7249988404094
1.3039941476726076e-7  86.7471863118632
1.3317387040060675e-7  87.16610139034009
1.3594832603395272e-7  87.36410931815317
1.387227816672987e-7  87.34789856427352
