2.774455633345974e-9  748.2430447199991
5.548911266691948e-9  1004.6650066927742
8.323366900037922e-9  1159.8822966723492
1.1097822533383895e-8  1271.341422302047
1.3872278166729869e-8  1358.3701443658395
1.6646733800075844e-8  1429.780983605445
1.9421189433421816e-8  1490.3065334918647
2.219564506676779e-8  1542.7747108322083
2.4970100700113762e-8  1589.018806762252
2.7744556333459737e-8  1630.270869827533
3.051901196680571e-8  1667.4253515748494
3.329346760015169e-8  1701.2237709602339
3.6067923233497656e-8  1732.1529775982356
3.884237886684363e-8  1760.681852024365
4.1616834500189606e-8  1787.167783226305
4.439129013353558e-8  1811.918417631395
4.7165745766881556e-8  1835.1986990115072
4.9940201400227525e-8  1857.1740683345965
5.27146570335735e-8  1878.0746150850327
5.5489112666919475e-8  1897.9952788482497
5.826356830026545e-8  1917.0286586272534
6.103802393361143e-8  1935.2649658791497
6.38124795669574e-8  1952.7439931167341
6.658693520030338e-8  1969.5152273403603
6.936139083364934e-8  1985.5939957827711
7.213584646699531e-8  2001.010529869071
7.49103021003413e-8  2015.7941914702153
7.768475773368726e-8  2029.973251367663
8.045921336703324e-8  2043.574882944191
8.323366900037921e-8  2056.6613857532643
8.600812463372518e-8  2069.276353838641
8.878258026707116e-8  2081.4643564936196
9.155703590041713e-8  2093.285687142045
9.433149153376311e-8  2104.7516131030666
9.710594716710908e-8  2115.938800019101
9.988040280045505e-8  2126.8588692897233
1.0265485843380103e-7  2137.514391355568
1.05429314067147e-7  2147.979247613423
1.0820376970049298e-7  2158.1835216729364
1.1097822533383895e-7  2168.146551119924
1.1375268096718492e-7  2177.8900745670226
1.165271366005309e-7  2187.3755412722594
1.1930159223387688e-7  2196.571751669104
1.2207604786722285e-7  2205.553298096023
1.2485050350056882e-7  2214.293395064335
1.276249591339148e-7  2222.7613465767517
1.3039941476726076e-7  2231.073914614947
1.3317387040060675e-7  2239.156868390196
1.3594832603395272e-7  2247.023082536047
1.387227816672987e-7  2254.847269533706
