2.774455633345974e-9  2282.15951293068
5.548911266691948e-9  4583.324284988611
8.323366900037922e-9  6886.7658079899
1.1097822533383895e-8  9188.000371440748
1.3872278166729869e-8  11493.32704641969
1.6646733800075844e-8  13796.823130685005
1.9421189433421816e-8  16099.734185396188
2.219564506676779e-8  18404.061835036682
2.4970100700113762e-8  20704.638621734986
2.7744556333459737e-8  23008.323208495105
3.051901196680571e-8  25317.913785326185
3.329346760015169e-8  27621.31365699084
3.6067923233497656e-8  29923.627572386293
3.884237886684363e-8  32228.106260810444
4.1616834500189606e-8  34533.93060655941
4.439129013353558e-8  36832.94863743101
4.7165745766881556e-8  39137.02685527179
4.9940201400227525e-8  41442.855249218264
5.27146570335735e-8  43749.26891477265
5.5489112666919475e-8  46051.38625726866
5.826356830026545e-8  48347.24847711107
6.103802393361143e-8  50657.88095451869
6.38124795669574e-8  52963.68358621121
6.658693520030338e-8  55270.34575537326
6.936139083364934e-8  57567.342391339305
7.213584646699531e-8  59884.07553425217
7.49103021003413e-8  62182.737649410694
7.768475773368726e-8  64491.26953984453
8.045921336703324e-8  66784.64993180029
8.323366900037921e-8  69088.28594158693
8.600812463372518e-8  71394.82174115552
8.878258026707116e-8  73702.00037981741
9.155703590041713e-8  75999.78038828225
9.433149153376311e-8  78302.09199130852
9.710594716710908e-8  80610.90429084132
9.988040280045505e-8  82888.89252082538
1.0265485843380103e-7  85220.07421556473
1.05429314067147e-7  87521.15791556331
1.0820376970049298e-7  89828.48320683085
1.1097822533383895e-7  92129.07669273275
1.1375268096718492e-7  94433.55995845776
1.165271366005309e-7  96733.99136405965
1.1930159223387688e-7  99043.50992277147
1.2207604786722285e-7  101343.31880977361
1.2485050350056882e-7  103646.95853230925
1.276249591339148e-7  105950.80265482861
1.3039941476726076e-7  108259.44472227879
1.3317387040060675e-7  110555.85621687955
1.3594832603395272e-7  112866.03410063846
1.387227816672987e-7  115174.10540195346
