2.774455633345974e-9  22.5926636681965
5.548911266691948e-9  25.7328614463636
8.323366900037922e-9  27.58193165753946
1.1097822533383895e-8  28.88264254434773
1.3872278166729869e-8  29.90188274508243
1.6646733800075844e-8  30.72579328190174
1.9421189433421816e-8  31.42975051532521
2.219564506676779e-8  32.03405983642915
2.4970100700113762e-8  32.570432259785484
2.7744556333459737e-8  33.04859640208569
3.051901196680571e-8  33.48106026070879
3.329346760015169e-8  33.877964914691105
3.6067923233497656e-8  34.24015472235922
3.884237886684363e-8  34.57888722470649
4.1616834500189606e-8  34.89117991724912
4.439129013353558e-8  35.18941506187482
4.7165745766881556e-8  35.46929493079295
4.9940201400227525e-8  35.72863874039096
5.27146570335735e-8  35.96630637758007
5.5489112666919475e-8  36.2058312378686
5.826356830026545e-8  36.4255875645338
6.103802393361143e-8  36.643746972537365
6.38124795669574e-8  36.84727126720339
6.658693520030338e-8  37.0457978923006
6.936139083364934e-8  37.22376668739951
7.213584646699531e-8  37.41327055714677
7.49103021003413e-8  37.627519758280044
7.768475773368726e-8  37.762508712250614
8.045921336703324e-8  37.90196315382941
8.323366900037921e-8  38.067322569952914
8.600812463372518e-8  38.240086601468086
8.878258026707116e-8  38.37020983608854
9.155703590041713e-8  38.51999385089837
9.433149153376311e-8  38.675679228460865
9.710594716710908e-8  38.786920745816616
9.988040280045505e-8  38.946325086318964
1.0265485843380103e-7  39.033452055548715
1.05429314067147e-7  39.16093630422124
1.0820376970049298e-7  39.28592651340936
1.1097822533383895e-7  39.42512396463566
1.1375268096718492e-7  39.510713144853874
1.165271366005309e-7  39.649574641109
1.1930159223387688e-7  39.75468474693168
1.2207604786722285e-7  39.840990486232506
1.2485050350056882e-7  40.00126341994747
1.276249591339148e-7  40.088223840499005
1.3039941476726076e-7  40.197862863032505
1.3317387040060675e-7  40.25845087155027
1.3594832603395272e-7  40.36669963384159
1.387227816672987e-7  40.45922394501367
