2.774455633345974e-9  826.4889241965678
5.548911266691948e-9  1670.1931495498532
8.323366900037922e-9  2514.3230718129025
1.1097822533383895e-8  3358.869015518399
1.3872278166729869e-8  4203.59777737569
1.6646733800075844e-8  5048.994815366857
1.9421189433421816e-8  5895.372709467301
2.219564506676779e-8  6737.931029907364
2.4970100700113762e-8  7567.916493398253
2.7744556333459737e-8  8431.37504351631
3.051901196680571e-8  9274.427411716215
3.329346760015169e-8  10119.9648834597
3.6067923233497656e-8  10966.136271796546
3.884237886684363e-8  11802.858650610005
4.1616834500189606e-8  12654.209113977611
4.439129013353558e-8  13499.852204284887
4.7165745766881556e-8  14345.950052778655
4.9940201400227525e-8  15193.14661539514
5.27146570335735e-8  16037.2115208983
5.5489112666919475e-8  16881.89433085394
5.826356830026545e-8  17727.258810886397
6.103802393361143e-8  18582.700795996676
6.38124795669574e-8  19417.280200942398
6.658693520030338e-8  20266.486281041685
6.936139083364934e-8  21109.274190288805
7.213584646699531e-8  21956.52424029632
7.49103021003413e-8  22789.26605372828
7.768475773368726e-8  23647.9204345994
8.045921336703324e-8  24492.16249472859
8.323366900037921e-8  25338.509156797303
8.600812463372518e-8  26181.81969821063
8.878258026707116e-8  27034.157834562604
9.155703590041713e-8  27871.5286241073
9.433149153376311e-8  28722.543919446656
9.710594716710908e-8  29564.863715836575
9.988040280045505e-8  30409.4702930494
1.0265485843380103e-7  31253.74374406028
1.05429314067147e-7  32098.66106685772
1.0820376970049298e-7  32952.32729494136
1.1097822533383895e-7  33786.70515148851
1.1375268096718492e-7  34637.64803177978
1.165271366005309e-7  35483.89973608716
1.1930159223387688e-7  36325.86361051686
1.2207604786722285e-7  37173.15101123972
1.2485050350056882e-7  38016.58969728986
1.276249591339148e-7  38861.5620920048
1.3039941476726076e-7  39711.17641239156
1.3317387040060675e-7  40554.16900291823
1.3594832603395272e-7  41398.749254537615
1.387227816672987e-7  42248.55983783844
