2.774455633345974e-9  0.7814685917335366
5.548911266691948e-9  0.8261521744395075
8.323366900037922e-9  0.8524379915853773
1.1097822533383895e-8  0.8712214897459867
1.3872278166729869e-8  0.8862722844177535
1.6646733800075844e-8  0.8977195792193885
1.9421189433421816e-8  0.9068682731234399
2.219564506676779e-8  0.9167155849370597
2.4970100700113762e-8  0.927603351870876
2.7744556333459737e-8  0.9316328364348626
3.051901196680571e-8  0.9396478080647155
3.329346760015169e-8  0.9430053184867876
3.6067923233497656e-8  0.9416931858443421
3.884237886684363e-8  0.9510597039628745
4.1616834500189606e-8  0.9565760296246051
4.439129013353558e-8  0.9626504933296269
4.7165745766881556e-8  0.9650460037757685
4.9940201400227525e-8  0.9730160790855928
5.27146570335735e-8  0.9758820195030724
5.5489112666919475e-8  0.9784577459677867
5.826356830026545e-8  0.9765652327167242
6.103802393361143e-8  0.9821339011851855
6.38124795669574e-8  0.9820639638266166
6.658693520030338e-8  0.9825210737383985
6.936139083364934e-8  0.986445418717012
7.213584646699531e-8  0.9911104985141708
7.49103021003413e-8  0.9895663316245783
7.768475773368726e-8  0.9944376616937818
8.045921336703324e-8  0.9967101445236548
8.323366900037921e-8  1.002422021975752
8.600812463372518e-8  1.0035670389065263
8.878258026707116e-8  1.006650832489719
9.155703590041713e-8  0.9962531549466324
9.433149153376311e-8  1.0137033162181597
9.710594716710908e-8  1.0066038706582108
9.988040280045505e-8  1.011773569066792
1.0265485843380103e-7  1.0189298398188853
1.05429314067147e-7  1.0235922685260743
1.0820376970049298e-7  1.020639253886703
1.1097822533383895e-7  1.0136949497298176
1.1375268096718492e-7  1.0246270887324787
1.165271366005309e-7  1.0232926347925948
1.1930159223387688e-7  1.0172784309949325
1.2207604786722285e-7  1.0202748847463348
1.2485050350056882e-7  1.026628244073608
1.276249591339148e-7  1.029503761367488
1.3039941476726076e-7  1.0313338386364508
1.3317387040060675e-7  1.0262667652695638
1.3594832603395272e-7  1.0246287080937437
1.387227816672987e-7  1.0327771305617037
