2.774455633345974e-9  0.5397171479832096
5.548911266691948e-9  0.5866125848766217
8.323366900037922e-9  0.6138057658123481
1.1097822533383895e-8  0.6340844225764709
1.3872278166729869e-8  0.6493912869201841
1.6646733800075844e-8  0.661003980899992
1.9421189433421816e-8  0.6705698956525395
2.219564506676779e-8  0.6820940740068558
2.4970100700113762e-8  0.6903575048169831
2.7744556333459737e-8  0.6962794137243047
3.051901196680571e-8  0.701788414268587
3.329346760015169e-8  0.7078024537539489
3.6067923233497656e-8  0.7119064308575838
3.884237886684363e-8  0.7201632284526962
4.1616834500189606e-8  0.7256873186548012
4.439129013353558e-8  0.7268249813319951
4.7165745766881556e-8  0.7308171866240263
4.9940201400227525e-8  0.7367419029095271
5.27146570335735e-8  0.738057129370761
5.5489112666919475e-8  0.740406391738152
5.826356830026545e-8  0.7464452355626962
6.103802393361143e-8  0.7488889516594192
6.38124795669574e-8  0.7516265433078003
6.658693520030338e-8  0.7550042642479438
6.936139083364934e-8  0.7565759675654975
7.213584646699531e-8  0.7587677955124613
7.49103021003413e-8  0.7615072868664635
7.768475773368726e-8  0.7648384546085207
8.045921336703324e-8  0.7707038450132232
8.323366900037921e-8  0.7696111941358348
8.600812463372518e-8  0.7717755289371384
8.878258026707116e-8  0.7768494977930314
9.155703590041713e-8  0.7752360004514907
9.433149153376311e-8  0.781118517577581
9.710594716710908e-8  0.7798572602892991
9.988040280045505e-8  0.7833229646888024
1.0265485843380103e-7  0.7833953182206072
1.05429314067147e-7  0.7833711383967623
1.0820376970049298e-7  0.7857871435402869
1.1097822533383895e-7  0.7866868636479815
1.1375268096718492e-7  0.786136201626207
1.165271366005309e-7  0.790673502789977
1.1930159223387688e-7  0.7888019696044151
1.2207604786722285e-7  0.793612274133053
1.2485050350056882e-7  0.7953051677281737
1.276249591339148e-7  0.801165961563242
1.3039941476726076e-7  0.8000694996238601
1.3317387040060675e-7  0.8033081930393788
1.3594832603395272e-7  0.8025983196807707
1.387227816672987e-7  0.8010430167954213
