2.774455633345974e-9  2.3880645144244674
5.548911266691948e-9  2.5881208433824474
8.323366900037922e-9  2.7060865197075903
1.1097822533383895e-8  2.793006983290486
1.3872278166729869e-8  2.857421271661374
1.6646733800075844e-8  2.908267648754435
1.9421189433421816e-8  2.955684349930901
2.219564506676779e-8  3.000701865551164
2.4970100700113762e-8  3.0127717925029427
2.7744556333459737e-8  3.0505222980692577
3.051901196680571e-8  3.095491041158788
3.329346760015169e-8  3.115973574504392
3.6067923233497656e-8  3.128826079229754
3.884237886684363e-8  3.1649686467343088
4.1616834500189606e-8  3.1868123711879774
4.439129013353558e-8  3.19406178615313
4.7165745766881556e-8  3.210820134952601
4.9940201400227525e-8  3.238168592785027
5.27146570335735e-8  3.2349435811906604
5.5489112666919475e-8  3.260618015878588
5.826356830026545e-8  3.2770284057769006
6.103802393361143e-8  3.302660943550637
6.38124795669574e-8  3.30111863066452
6.658693520030338e-8  3.3172106888176094
6.936139083364934e-8  3.320774536741854
7.213584646699531e-8  3.331753745411322
7.49103021003413e-8  3.350865123138559
7.768475773368726e-8  3.3492898666205106
8.045921336703324e-8  3.3711906132957483
8.323366900037921e-8  3.375211636611869
8.600812463372518e-8  3.405637275690376
8.878258026707116e-8  3.4048577552641857
9.155703590041713e-8  3.429698265325184
9.433149153376311e-8  3.412391341489694
9.710594716710908e-8  3.4227128103261704
9.988040280045505e-8  3.4108768711116744
1.0265485843380103e-7  3.4242006607147877
1.05429314067147e-7  3.4403826615361557
1.0820376970049298e-7  3.4391296017333017
1.1097822533383895e-7  3.4606218983284984
1.1375268096718492e-7  3.4577441917077785
1.165271366005309e-7  3.451908212618335
1.1930159223387688e-7  3.4688437894993935
1.2207604786722285e-7  3.483267999684779
1.2485050350056882e-7  3.4732877150142385
1.276249591339148e-7  3.504237897270154
1.3039941476726076e-7  3.503802044198538
1.3317387040060675e-7  3.522329546094261
1.3594832603395272e-7  3.5201823688611253
1.387227816672987e-7  3.5147456552295235
