2.774455633345974e-9  0.672391378081502
5.548911266691948e-9  0.7335955073111844
8.323366900037922e-9  0.7681355718111308
1.1097822533383895e-8  0.7943490114046408
1.3872278166729869e-8  0.8125963837349973
1.6646733800075844e-8  0.8290968932912072
1.9421189433421816e-8  0.8427103965062598
2.219564506676779e-8  0.8535882876053376
2.4970100700113762e-8  0.8618504538556869
2.7744556333459737e-8  0.8705851942544995
3.051901196680571e-8  0.8813874712128387
3.329346760015169e-8  0.8877642727421315
3.6067923233497656e-8  0.8970615595679963
3.884237886684363e-8  0.902064401163314
4.1616834500189606e-8  0.9113644352768385
4.439129013353558e-8  0.9114735005994367
4.7165745766881556e-8  0.9177162735892286
4.9940201400227525e-8  0.9209718845075161
5.27146570335735e-8  0.9219647258394476
5.5489112666919475e-8  0.9283900755276895
5.826356830026545e-8  0.9326385073402381
6.103802393361143e-8  0.940537425400638
6.38124795669574e-8  0.9438545688369796
6.658693520030338e-8  0.9477137511000249
6.936139083364934e-8  0.9503286640138597
7.213584646699531e-8  0.9546439997067558
7.49103021003413e-8  0.957127199411938
7.768475773368726e-8  0.9621848397612182
8.045921336703324e-8  0.9668802988718913
8.323366900037921e-8  0.9670773823764944
8.600812463372518e-8  0.9702587422376135
8.878258026707116e-8  0.9696928967557864
9.155703590041713e-8  0.9749417399913967
9.433149153376311e-8  0.9752766663441603
9.710594716710908e-8  0.974765274828236
9.988040280045505e-8  0.9776697262785492
1.0265485843380103e-7  0.984107588335387
1.05429314067147e-7  0.9886708650441141
1.0820376970049298e-7  0.9841215005271973
1.1097822533383895e-7  0.9834410054318076
1.1375268096718492e-7  0.990086166179137
1.165271366005309e-7  0.9920911507583995
1.1930159223387688e-7  0.9977744335960593
1.2207604786722285e-7  0.9964468974141351
1.2485050350056882e-7  0.9907062629734501
1.276249591339148e-7  1.0017811550405589
1.3039941476726076e-7  1.0055643004953543
1.3317387040060675e-7  1.0068161118987278
1.3594832603395272e-7  1.0071597397689196
1.387227816672987e-7  1.0140633614114016
