2.774455633345974e-9  0.2855914482340165
5.548911266691948e-9  0.304370374416443
8.323366900037922e-9  0.3159278431239974
1.1097822533383895e-8  0.3235606385020214
1.3872278166729869e-8  0.3298954497199429
1.6646733800075844e-8  0.3348432128018424
1.9421189433421816e-8  0.3394115197573654
2.219564506676779e-8  0.3430809862577859
2.4970100700113762e-8  0.3466587747129195
2.7744556333459737e-8  0.34962036454554885
3.051901196680571e-8  0.35180528208320355
3.329346760015169e-8  0.35467745970255216
3.6067923233497656e-8  0.3569557383123906
3.884237886684363e-8  0.3594579020266557
4.1616834500189606e-8  0.3611902172242835
4.439129013353558e-8  0.3627867965853799
4.7165745766881556e-8  0.3654574471413469
4.9940201400227525e-8  0.3662821617910152
5.27146570335735e-8  0.3666040643822837
5.5489112666919475e-8  0.3681936404951881
5.826356830026545e-8  0.3695762897463462
6.103802393361143e-8  0.37133330196111647
6.38124795669574e-8  0.37324016250409814
6.658693520030338e-8  0.37332212808107434
6.936139083364934e-8  0.3750176648412791
7.213584646699531e-8  0.37611177479798374
7.49103021003413e-8  0.3765900262038631
7.768475773368726e-8  0.37760788169108966
8.045921336703324e-8  0.3802653427270757
8.323366900037921e-8  0.38190488959971586
8.600812463372518e-8  0.379984120863003
8.878258026707116e-8  0.38371521554829424
9.155703590041713e-8  0.38364187991108845
9.433149153376311e-8  0.3843103097192047
9.710594716710908e-8  0.38290377599136816
9.988040280045505e-8  0.38415926223441715
1.0265485843380103e-7  0.3856371805728095
1.05429314067147e-7  0.3867895076724955
1.0820376970049298e-7  0.38664923578224664
1.1097822533383895e-7  0.3881322551603168
1.1375268096718492e-7  0.3877155637156209
1.165271366005309e-7  0.3887535229521288
1.1930159223387688e-7  0.3888547148815072
1.2207604786722285e-7  0.39094207570734674
1.2485050350056882e-7  0.39174174123949473
1.276249591339148e-7  0.39197872797275907
1.3039941476726076e-7  0.3925494599781424
1.3317387040060675e-7  0.3935139964759274
1.3594832603395272e-7  0.39415425781019986
1.387227816672987e-7  0.39492302975573523
