2.774455633345974e-9  0.4712372947825733
5.548911266691948e-9  0.48718064165377595
8.323366900037922e-9  0.4983131993832518
1.1097822533383895e-8  0.5041607633192052
1.3872278166729869e-8  0.510311580751607
1.6646733800075844e-8  0.5154862139591367
1.9421189433421816e-8  0.5156233982206523
2.219564506676779e-8  0.5189805016131857
2.4970100700113762e-8  0.5210097362744274
2.7744556333459737e-8  0.5214712045686262
3.051901196680571e-8  0.5315292755406292
3.329346760015169e-8  0.5316124378066032
3.6067923233497656e-8  0.527010067704177
3.884237886684363e-8  0.5307698574249807
4.1616834500189606e-8  0.5273802705740803
4.439129013353558e-8  0.5341287020139845
4.7165745766881556e-8  0.5362670175404418
4.9940201400227525e-8  0.5352750653695526
5.27146570335735e-8  0.5370876308297091
5.5489112666919475e-8  0.5428337255033844
5.826356830026545e-8  0.5404786321928138
6.103802393361143e-8  0.5403872045471331
6.38124795669574e-8  0.542386111239093
6.658693520030338e-8  0.5454366265010223
6.936139083364934e-8  0.5462936627370526
7.213584646699531e-8  0.5393720034116251
7.49103021003413e-8  0.5464934832960072
7.768475773368726e-8  0.5457419096179587
8.045921336703324e-8  0.5441896844586016
8.323366900037921e-8  0.5425050985770842
8.600812463372518e-8  0.5459056767579898
8.878258026707116e-8  0.5527948462410658
9.155703590041713e-8  0.549469204916809
9.433149153376311e-8  0.5461713962201689
9.710594716710908e-8  0.5453127235096296
9.988040280045505e-8  0.5461360404537007
1.0265485843380103e-7  0.5450675336727011
1.05429314067147e-7  0.5492723941215273
1.0820376970049298e-7  0.5557024803436216
1.1097822533383895e-7  0.5586645480085969
1.1375268096718492e-7  0.550584967389428
1.165271366005309e-7  0.5487903114796467
1.1930159223387688e-7  0.5565252769393442
1.2207604786722285e-7  0.5598006953116643
1.2485050350056882e-7  0.5532530615435781
1.276249591339148e-7  0.5607334962748542
1.3039941476726076e-7  0.5609064929269536
1.3317387040060675e-7  0.5628052158273914
1.3594832603395272e-7  0.5604951740214291
1.387227816672987e-7  0.5611804931666483
