2.774455633345974e-9  1.2762765015421649
5.548911266691948e-9  1.373534354974745
8.323366900037922e-9  1.4310750213845047
1.1097822533383895e-8  1.4713120342119663
1.3872278166729869e-8  1.5033436503399455
1.6646733800075844e-8  1.5308690790229598
1.9421189433421816e-8  1.5522419741931377
2.219564506676779e-8  1.5707380087210123
2.4970100700113762e-8  1.5878947056259425
2.7744556333459737e-8  1.6019629714133494
3.051901196680571e-8  1.61949748253082
3.329346760015169e-8  1.6312704070163875
3.6067923233497656e-8  1.6438276765456648
3.884237886684363e-8  1.6488627819900863
4.1616834500189606e-8  1.6611229679015895
4.439129013353558e-8  1.6713552698006433
4.7165745766881556e-8  1.6774228899291432
4.9940201400227525e-8  1.6899402154868268
5.27146570335735e-8  1.6934937799272605
5.5489112666919475e-8  1.7006554155512252
5.826356830026545e-8  1.7111858197357726
6.103802393361143e-8  1.7198337758431677
6.38124795669574e-8  1.7298482709902296
6.658693520030338e-8  1.7351420523302552
6.936139083364934e-8  1.741725614658123
7.213584646699531e-8  1.7397593815777228
7.49103021003413e-8  1.7456131600921563
7.768475773368726e-8  1.747686550755731
8.045921336703324e-8  1.7462881978313631
8.323366900037921e-8  1.7554940557887473
8.600812463372518e-8  1.764526293941446
8.878258026707116e-8  1.762679604119083
9.155703590041713e-8  1.7592228510062453
9.433149153376311e-8  1.7675885144073031
9.710594716710908e-8  1.783150754556594
9.988040280045505e-8  1.785870675265426
1.0265485843380103e-7  1.7908107932508204
1.05429314067147e-7  1.789386363900017
1.0820376970049298e-7  1.7875204515819028
1.1097822533383895e-7  1.7984585210401773
1.1375268096718492e-7  1.804355301812384
1.165271366005309e-7  1.8113360253348132
1.1930159223387688e-7  1.8088612704922686
1.2207604786722285e-7  1.806124636009713
1.2485050350056882e-7  1.818605792186639
1.276249591339148e-7  1.823546575125993
1.3039941476726076e-7  1.8190618872252504
1.3317387040060675e-7  1.8409210247824381
1.3594832603395272e-7  1.8391129824741064
1.387227816672987e-7  1.8296458457032831
