2.774455633345974e-9  1.952312627283057
5.548911266691948e-9  2.121603439774717
8.323366900037922e-9  2.2212138170306677
1.1097822533383895e-8  2.292408623337248
1.3872278166729869e-8  2.34831072064023
1.6646733800075844e-8  2.391841139576784
1.9421189433421816e-8  2.431315109675464
2.219564506676779e-8  2.4677027630067125
2.4970100700113762e-8  2.496590449397592
2.7744556333459737e-8  2.5224948413012998
3.051901196680571e-8  2.5490777842892918
3.329346760015169e-8  2.5726776269745293
3.6067923233497656e-8  2.592221798479763
3.884237886684363e-8  2.608395859021219
4.1616834500189606e-8  2.6220244782445317
4.439129013353558e-8  2.6454086016663685
4.7165745766881556e-8  2.6675029508985846
4.9940201400227525e-8  2.6818702011407054
5.27146570335735e-8  2.6958599979082756
5.5489112666919475e-8  2.706713590312516
5.826356830026545e-8  2.717023748168365
6.103802393361143e-8  2.7282728050966982
6.38124795669574e-8  2.7237592469487413
6.658693520030338e-8  2.737469125059722
6.936139083364934e-8  2.7560829193737937
7.213584646699531e-8  2.764767507002619
7.49103021003413e-8  2.7755372235740015
7.768475773368726e-8  2.7779051320219588
8.045921336703324e-8  2.7896221574123863
8.323366900037921e-8  2.7915433253973347
8.600812463372518e-8  2.8014759470000796
8.878258026707116e-8  2.8059890757385224
9.155703590041713e-8  2.8198496292696427
9.433149153376311e-8  2.8307561272724286
9.710594716710908e-8  2.845131677631555
9.988040280045505e-8  2.825016787442389
1.0265485843380103e-7  2.864465494827208
1.05429314067147e-7  2.862048865723537
1.0820376970049298e-7  2.8587256863131203
1.1097822533383895e-7  2.872294394122396
1.1375268096718492e-7  2.871454143873068
1.165271366005309e-7  2.8903906900383896
1.1930159223387688e-7  2.8884226343027497
1.2207604786722285e-7  2.8893663145502426
1.2485050350056882e-7  2.9029988736627415
1.276249591339148e-7  2.889212645822955
1.3039941476726076e-7  2.9038643708291207
1.3317387040060675e-7  2.9177941823067406
1.3594832603395272e-7  2.926699974590536
1.387227816672987e-7  2.9021746778488695
