2.774455633345974e-9  0.5098312097253024
5.548911266691948e-9  0.5313979773365732
8.323366900037922e-9  0.5442266901812017
1.1097822533383895e-8  0.5532398003719773
1.3872278166729869e-8  0.5603265200803905
1.6646733800075844e-8  0.5671515903651426
1.9421189433421816e-8  0.5711636564432157
2.219564506676779e-8  0.5752449078618135
2.4970100700113762e-8  0.5794957392905447
2.7744556333459737e-8  0.5833906814882919
3.051901196680571e-8  0.588547109447509
3.329346760015169e-8  0.5896634645716234
3.6067923233497656e-8  0.5909642875775291
3.884237886684363e-8  0.5910671704254131
4.1616834500189606e-8  0.5952196528734297
4.439129013353558e-8  0.5972657662150391
4.7165745766881556e-8  0.598871770123501
4.9940201400227525e-8  0.6009707121163591
5.27146570335735e-8  0.6041409171303845
5.5489112666919475e-8  0.6050426263948192
5.826356830026545e-8  0.6066669789383885
6.103802393361143e-8  0.6105435228628755
6.38124795669574e-8  0.6113681209683159
6.658693520030338e-8  0.6136089052416052
6.936139083364934e-8  0.6053803879076979
7.213584646699531e-8  0.6123246654997451
7.49103021003413e-8  0.6142712500958942
7.768475773368726e-8  0.6122788581853273
8.045921336703324e-8  0.6117882566398842
8.323366900037921e-8  0.6163260891281769
8.600812463372518e-8  0.6196555310294376
8.878258026707116e-8  0.61707542721459
9.155703590041713e-8  0.6158605103243041
9.433149153376311e-8  0.6216967839156124
9.710594716710908e-8  0.6240816118734391
9.988040280045505e-8  0.6183243823276308
1.0265485843380103e-7  0.6239560411647521
1.05429314067147e-7  0.6279829403602984
1.0820376970049298e-7  0.6238740458158424
1.1097822533383895e-7  0.6215681578264913
1.1375268096718492e-7  0.6289600593051614
1.165271366005309e-7  0.6293231614758806
1.1930159223387688e-7  0.6280862850951171
1.2207604786722285e-7  0.6247675424908646
1.2485050350056882e-7  0.6294155208603706
1.276249591339148e-7  0.6344840693020695
1.3039941476726076e-7  0.6328363217671341
1.3317387040060675e-7  0.6309058766483775
1.3594832603395272e-7  0.6291060768552589
1.387227816672987e-7  0.630732393243687
