2.774455633345974e-9  0.7424886932050786
5.548911266691948e-9  0.787849970130774
8.323366900037922e-9  0.8145104827852415
1.1097822533383895e-8  0.8333746904474125
1.3872278166729869e-8  0.8484283208424303
1.6646733800075844e-8  0.8604181685359927
1.9421189433421816e-8  0.871079010666367
2.219564506676779e-8  0.8802735491301431
2.4970100700113762e-8  0.8893684050711524
2.7744556333459737e-8  0.8952774261380236
3.051901196680571e-8  0.9000453418922317
3.329346760015169e-8  0.9067213922085172
3.6067923233497656e-8  0.9105586109856719
3.884237886684363e-8  0.9180685183462998
4.1616834500189606e-8  0.9211260376322303
4.439129013353558e-8  0.9280796908591136
4.7165745766881556e-8  0.9338966428358454
4.9940201400227525e-8  0.9346847405248878
5.27146570335735e-8  0.9383155262794435
5.5489112666919475e-8  0.9384340176082197
5.826356830026545e-8  0.9449023197952353
6.103802393361143e-8  0.9486937414843832
6.38124795669574e-8  0.9486883664914094
6.658693520030338e-8  0.9505684516186151
6.936139083364934e-8  0.9523706813632236
7.213584646699531e-8  0.9594185946001849
7.49103021003413e-8  0.9580881704720721
7.768475773368726e-8  0.9646402266288151
8.045921336703324e-8  0.9656244598960183
8.323366900037921e-8  0.9679530390045861
8.600812463372518e-8  0.9691966030411023
8.878258026707116e-8  0.9692235472425668
9.155703590041713e-8  0.9804620804427034
9.433149153376311e-8  0.9818892374424396
9.710594716710908e-8  0.9804369788459226
9.988040280045505e-8  0.9811871251164732
1.0265485843380103e-7  0.9854751819991933
1.05429314067147e-7  0.9815513467318898
1.0820376970049298e-7  0.9828860518758428
1.1097822533383895e-7  0.9861374532221955
1.1375268096718492e-7  0.9856544358889228
1.165271366005309e-7  0.9900462115234728
1.1930159223387688e-7  0.9881947860969464
1.2207604786722285e-7  0.9901151242095061
1.2485050350056882e-7  0.9935128806239525
1.276249591339148e-7  0.9932362307071388
1.3039941476726076e-7  0.9917693686059013
1.3317387040060675e-7  0.9936738561357294
1.3594832603395272e-7  1.0015353997256615
1.387227816672987e-7  1.0015937648079303
