2.774455633345974e-9  0.31501576659928393
5.548911266691948e-9  0.31941070049732606
8.323366900037922e-9  0.32214210176822367
1.1097822533383895e-8  0.32422096347478613
1.3872278166729869e-8  0.3254761418441629
1.6646733800075844e-8  0.3270898656567421
1.9421189433421816e-8  0.328282337684708
2.219564506676779e-8  0.32926027211394254
2.4970100700113762e-8  0.3295235155869223
2.7744556333459737e-8  0.3297934955389021
3.051901196680571e-8  0.3320217144595169
3.329346760015169e-8  0.33158346138558986
3.6067923233497656e-8  0.32959562379962504
3.884237886684363e-8  0.3310477849552271
4.1616834500189606e-8  0.33340786222650587
4.439129013353558e-8  0.3310383927349185
4.7165745766881556e-8  0.33290901533704415
4.9940201400227525e-8  0.3342541818075044
5.27146570335735e-8  0.3358709392126104
5.5489112666919475e-8  0.3338752413154861
5.826356830026545e-8  0.3369983003698781
6.103802393361143e-8  0.33464139944507654
6.38124795669574e-8  0.3353892691168509
6.658693520030338e-8  0.33143877431539603
6.936139083364934e-8  0.32881389415165674
7.213584646699531e-8  0.3334462625220389
7.49103021003413e-8  0.33546725309077624
7.768475773368726e-8  0.33743911894588996
8.045921336703324e-8  0.3375839420738537
8.323366900037921e-8  0.3383855216674369
8.600812463372518e-8  0.33204167179767624
8.878258026707116e-8  0.3367548581629633
9.155703590041713e-8  0.3372199774998396
9.433149153376311e-8  0.3361752269878784
9.710594716710908e-8  0.33313293000579514
9.988040280045505e-8  0.3357676448622292
1.0265485843380103e-7  0.33618479927400535
1.05429314067147e-7  0.3419255458741519
1.0820376970049298e-7  0.3384303595132073
1.1097822533383895e-7  0.33809724521913825
1.1375268096718492e-7  0.3372081438716987
1.165271366005309e-7  0.33752742790777773
1.1930159223387688e-7  0.33607416348021496
1.2207604786722285e-7  0.3345981110681338
1.2485050350056882e-7  0.33912108048268486
1.276249591339148e-7  0.3387538391868964
1.3039941476726076e-7  0.3326331550619988
1.3317387040060675e-7  0.3391809556725073
1.3594832603395272e-7  0.3381482349319426
1.387227816672987e-7  0.3363373845246019
