2.774455633345974e-9  0.3311957547334596
5.548911266691948e-9  0.35474606321086355
8.323366900037922e-9  0.3681446659241768
1.1097822533383895e-8  0.3789870069518097
1.3872278166729869e-8  0.38603990460541077
1.6646733800075844e-8  0.39246480866561567
1.9421189433421816e-8  0.3976333423636801
2.219564506676779e-8  0.4028709813121335
2.4970100700113762e-8  0.4074825050248776
2.7744556333459737e-8  0.40953809203180475
3.051901196680571e-8  0.4142980984811376
3.329346760015169e-8  0.4162647554646823
3.6067923233497656e-8  0.4187413013901503
3.884237886684363e-8  0.42059094765844107
4.1616834500189606e-8  0.4228912603242907
4.439129013353558e-8  0.42615349678361153
4.7165745766881556e-8  0.42829085330063993
4.9940201400227525e-8  0.43030813753122943
5.27146570335735e-8  0.4318921149673673
5.5489112666919475e-8  0.4343906800276712
5.826356830026545e-8  0.4355353234501469
6.103802393361143e-8  0.4349820940192372
6.38124795669574e-8  0.4371897983139763
6.658693520030338e-8  0.43893626096092087
6.936139083364934e-8  0.44162917952648206
7.213584646699531e-8  0.4422048353324382
7.49103021003413e-8  0.44335389290350236
7.768475773368726e-8  0.44265368905708646
8.045921336703324e-8  0.44528074973170395
8.323366900037921e-8  0.4465901485534939
8.600812463372518e-8  0.4456707400971468
8.878258026707116e-8  0.44982270969366545
9.155703590041713e-8  0.450150915328854
9.433149153376311e-8  0.4498103689259332
9.710594716710908e-8  0.45368345881932537
9.988040280045505e-8  0.4545741054048102
1.0265485843380103e-7  0.45295740113230704
1.05429314067147e-7  0.45365151249759195
1.0820376970049298e-7  0.4556067914881527
1.1097822533383895e-7  0.4561108883332908
1.1375268096718492e-7  0.45778212149297515
1.165271366005309e-7  0.45414777529060485
1.1930159223387688e-7  0.45594650051462354
1.2207604786722285e-7  0.4589855044406776
1.2485050350056882e-7  0.4597057380063866
1.276249591339148e-7  0.45876933518334934
1.3039941476726076e-7  0.45841224406160025
1.3317387040060675e-7  0.4583318879068983
1.3594832603395272e-7  0.46110442939491436
1.387227816672987e-7  0.4640341327525618
