2.774455633345974e-9  0.4687583932873618
5.548911266691948e-9  0.48546819624297055
8.323366900037922e-9  0.4949909331286639
1.1097822533383895e-8  0.5032472716218593
1.3872278166729869e-8  0.5076467524420721
1.6646733800075844e-8  0.5114843146228367
1.9421189433421816e-8  0.5152430369221741
2.219564506676779e-8  0.5204530609771623
2.4970100700113762e-8  0.5214142459139719
2.7744556333459737e-8  0.5186074038275855
3.051901196680571e-8  0.52625199075192
3.329346760015169e-8  0.5291906806168184
3.6067923233497656e-8  0.5289404639301327
3.884237886684363e-8  0.526236900828943
4.1616834500189606e-8  0.5338322246753152
4.439129013353558e-8  0.5358443403466021
4.7165745766881556e-8  0.5376834573327229
4.9940201400227525e-8  0.537090287922888
5.27146570335735e-8  0.5372273333127376
5.5489112666919475e-8  0.5344610324792402
5.826356830026545e-8  0.5422089186031578
6.103802393361143e-8  0.5423566552537753
6.38124795669574e-8  0.5424663425144964
6.658693520030338e-8  0.5405498147382757
6.936139083364934e-8  0.5451819969893529
7.213584646699531e-8  0.5453798736238554
7.49103021003413e-8  0.5449020695347782
7.768475773368726e-8  0.5442947848401498
8.045921336703324e-8  0.5481883160475752
8.323366900037921e-8  0.551154147997524
8.600812463372518e-8  0.5523908503774893
8.878258026707116e-8  0.5547798209530209
9.155703590041713e-8  0.5522545600011355
9.433149153376311e-8  0.549169095667656
9.710594716710908e-8  0.5515281979317928
9.988040280045505e-8  0.551162766907929
1.0265485843380103e-7  0.5544541869535529
1.05429314067147e-7  0.547116071908651
1.0820376970049298e-7  0.5517143277353457
1.1097822533383895e-7  0.5520165537132365
1.1375268096718492e-7  0.5570401002142085
1.165271366005309e-7  0.5546997968178059
1.1930159223387688e-7  0.5546149978517074
1.2207604786722285e-7  0.5576685803528862
1.2485050350056882e-7  0.5571812533805629
1.276249591339148e-7  0.5558202717377969
1.3039941476726076e-7  0.5574272448540724
1.3317387040060675e-7  0.5563850899977127
1.3594832603395272e-7  0.5546401554976194
1.387227816672987e-7  0.5553537322212189
