2.774455633345974e-9  0.33667571918763006
5.548911266691948e-9  0.35871777281491113
8.323366900037922e-9  0.37160855348786115
1.1097822533383895e-8  0.38081741009927045
1.3872278166729869e-8  0.38818542694814034
1.6646733800075844e-8  0.3939956345213536
1.9421189433421816e-8  0.39910042698694953
2.219564506676779e-8  0.4021799505273607
2.4970100700113762e-8  0.4076832556710794
2.7744556333459737e-8  0.4088833172412883
3.051901196680571e-8  0.41139466581181916
3.329346760015169e-8  0.41576194972393826
3.6067923233497656e-8  0.4164578559955018
3.884237886684363e-8  0.4190516515621907
4.1616834500189606e-8  0.42166383553451725
4.439129013353558e-8  0.42480419917770196
4.7165745766881556e-8  0.42702735150574644
4.9940201400227525e-8  0.42819849998950227
5.27146570335735e-8  0.4313400127738896
5.5489112666919475e-8  0.4316378928853366
5.826356830026545e-8  0.4317913675262375
6.103802393361143e-8  0.43296520498350594
6.38124795669574e-8  0.43743295966732687
6.658693520030338e-8  0.43581210075361354
6.936139083364934e-8  0.43698956312193216
7.213584646699531e-8  0.4395472368053219
7.49103021003413e-8  0.4402214886992161
7.768475773368726e-8  0.43972933129285374
8.045921336703324e-8  0.4437545617331303
8.323366900037921e-8  0.44295031900941684
8.600812463372518e-8  0.4442667504488006
8.878258026707116e-8  0.4457829731315894
9.155703590041713e-8  0.4454715763278934
9.433149153376311e-8  0.45033065880471423
9.710594716710908e-8  0.44932078628534144
9.988040280045505e-8  0.4492775214549772
1.0265485843380103e-7  0.4513594436962029
1.05429314067147e-7  0.45467162523062316
1.0820376970049298e-7  0.454454404387368
1.1097822533383895e-7  0.45313905181446384
1.1375268096718492e-7  0.4563096221989401
1.165271366005309e-7  0.4543215846164418
1.1930159223387688e-7  0.455413295197188
1.2207604786722285e-7  0.45127212772619785
1.2485050350056882e-7  0.45706904161283846
1.276249591339148e-7  0.45787308974808316
1.3039941476726076e-7  0.456621483649365
1.3317387040060675e-7  0.45812114097157974
1.3594832603395272e-7  0.45931290527879376
1.387227816672987e-7  0.4610100546673585
