2.774455633345974e-9  2724.9708302709273
5.548911266691948e-9  5472.109969267657
8.323366900037922e-9  8218.258512253644
1.1097822533383895e-8  10966.136271770723
1.3872278166729869e-8  13712.683674495609
1.6646733800075844e-8  16490.067278359016
1.9421189433421816e-8  19207.121080520876
2.219564506676779e-8  21956.524240182844
2.4970100700113762e-8  24701.511916995416
2.7744556333459737e-8  27451.49341655269
3.051901196680571e-8  30192.028988517726
3.329346760015169e-8  32952.32729467555
3.6067923233497656e-8  35693.009543153465
3.884237886684363e-8  38438.00111827529
4.1616834500189606e-8  41186.65467772424
4.439129013353558e-8  43938.49521232496
4.7165745766881556e-8  46680.42087794563
4.9940201400227525e-8  49430.1146077484
5.27146570335735e-8  52180.9366879436
5.5489112666919475e-8  54923.342960191156
5.826356830026545e-8  57673.72166678549
6.103802393361143e-8  60424.68979185508
6.38124795669574e-8  63169.44260494481
6.658693520030338e-8  65922.51158650263
6.936139083364934e-8  68666.92471160948
7.213584646699531e-8  71415.11315387655
7.49103021003413e-8  74171.50232549633
7.768475773368726e-8  76914.44657196425
8.045921336703324e-8  79654.86126411347
8.323366900037921e-8  82409.7770774777
8.600812463372518e-8  85159.33181452024
8.878258026707116e-8  87900.84233722824
9.155703590041713e-8  90686.11397288737
9.433149153376311e-8  93395.39352185739
9.710594716710908e-8  96158.34976354694
9.988040280045505e-8  98901.70426849936
1.0265485843380103e-7  101640.84629958792
1.05429314067147e-7  104392.14864520905
1.0820376970049298e-7  107132.91723118976
1.1097822533383895e-7  109882.22257782122
1.1375268096718492e-7  112634.60920431228
1.165271366005309e-7  115379.71464331489
1.1930159223387688e-7  118127.92440291491
1.2207604786722285e-7  120868.50352023818
1.2485050350056882e-7  123600.34877191657
1.276249591339148e-7  126368.15229510705
1.3039941476726076e-7  129124.01664576585
1.3317387040060675e-7  131867.8400568043
1.3594832603395272e-7  134611.1324469239
1.387227816672987e-7  137393.71221133386
