2.774455633345974e-9  0.36687539307237965
5.548911266691948e-9  0.39290793020111303
8.323366900037922e-9  0.4077091562771582
1.1097822533383895e-8  0.41884416456437107
1.3872278166729869e-8  0.42822062208359285
1.6646733800075844e-8  0.43415024065510166
1.9421189433421816e-8  0.4391886588503944
2.219564506676779e-8  0.4453688669465817
2.4970100700113762e-8  0.4504657146082478
2.7744556333459737e-8  0.45338769021348246
3.051901196680571e-8  0.4556421270262409
3.329346760015169e-8  0.45894362757901513
3.6067923233497656e-8  0.462338341849319
3.884237886684363e-8  0.4636309209979382
4.1616834500189606e-8  0.4673946637038468
4.439129013353558e-8  0.46886953249893304
4.7165745766881556e-8  0.4720048761609352
4.9940201400227525e-8  0.47615819091513484
5.27146570335735e-8  0.47872884650859343
5.5489112666919475e-8  0.4801214004611873
5.826356830026545e-8  0.48163629801503005
6.103802393361143e-8  0.4816288836786388
6.38124795669574e-8  0.48331421647584816
6.658693520030338e-8  0.484305871293345
6.936139083364934e-8  0.4872743756556845
7.213584646699531e-8  0.4868805214741986
7.49103021003413e-8  0.48943218831710034
7.768475773368726e-8  0.4893225922711336
8.045921336703324e-8  0.49004198327497356
8.323366900037921e-8  0.49143641118193104
8.600812463372518e-8  0.49252312305636603
8.878258026707116e-8  0.49588184410284714
9.155703590041713e-8  0.500278975787686
9.433149153376311e-8  0.49981909951652354
9.710594716710908e-8  0.5010341264089995
9.988040280045505e-8  0.49884726437433
1.0265485843380103e-7  0.5032999252166792
1.05429314067147e-7  0.5017753967851367
1.0820376970049298e-7  0.5029541431975586
1.1097822533383895e-7  0.5035051321702605
1.1375268096718492e-7  0.5046278709514327
1.165271366005309e-7  0.5040192917703886
1.1930159223387688e-7  0.5056459023384958
1.2207604786722285e-7  0.5044906179490122
1.2485050350056882e-7  0.5049478722911914
1.276249591339148e-7  0.5079375432382199
1.3039941476726076e-7  0.5096177761967112
1.3317387040060675e-7  0.510038622272403
1.3594832603395272e-7  0.51108321094959
1.387227816672987e-7  0.5096701907423292
