2.774455633345974e-9  0.2843635018299284
5.548911266691948e-9  0.2867468230690827
8.323366900037922e-9  0.28862032472583926
1.1097822533383895e-8  0.2895453089901388
1.3872278166729869e-8  0.2906576681194664
1.6646733800075844e-8  0.2920660234002921
1.9421189433421816e-8  0.29149758111753443
2.219564506676779e-8  0.29253946580674
2.4970100700113762e-8  0.2921112034133201
2.7744556333459737e-8  0.29362718764165463
3.051901196680571e-8  0.2954128841538105
3.329346760015169e-8  0.2948131174586776
3.6067923233497656e-8  0.29508549173900556
3.884237886684363e-8  0.294111427733427
4.1616834500189606e-8  0.29311214734708285
4.439129013353558e-8  0.2950069355207277
4.7165745766881556e-8  0.2970533959646122
4.9940201400227525e-8  0.2955973623086773
5.27146570335735e-8  0.2957136373932514
5.5489112666919475e-8  0.29466396237969456
5.826356830026545e-8  0.29569486457388017
6.103802393361143e-8  0.2985841080412194
6.38124795669574e-8  0.2975071396095508
6.658693520030338e-8  0.2985417222316953
6.936139083364934e-8  0.2959428955077361
7.213584646699531e-8  0.29418140724574776
7.49103021003413e-8  0.29614608824063965
7.768475773368726e-8  0.2950240907153028
8.045921336703324e-8  0.2946257670633018
8.323366900037921e-8  0.29439351529624735
8.600812463372518e-8  0.29466777132053806
8.878258026707116e-8  0.294661275693014
9.155703590041713e-8  0.2941103574285279
9.433149153376311e-8  0.2961708710135753
9.710594716710908e-8  0.2971627124012456
9.988040280045505e-8  0.2975403217556291
1.0265485843380103e-7  0.29668706150028307
1.05429314067147e-7  0.2966031786035875
1.0820376970049298e-7  0.2955052671177279
1.1097822533383895e-7  0.29489250746442197
1.1375268096718492e-7  0.2973411847002967
1.165271366005309e-7  0.3006651778778817
1.1930159223387688e-7  0.2997236357733754
1.2207604786722285e-7  0.29668284113111226
1.2485050350056882e-7  0.2955940789237816
1.276249591339148e-7  0.29870976338469757
1.3039941476726076e-7  0.2970309430878154
1.3317387040060675e-7  0.29996492669357855
1.3594832603395272e-7  0.301240381147059
1.387227816672987e-7  0.29314178392190116
