2.774455633345974e-9  0.21647084816331047
5.548911266691948e-9  0.217742486271289
8.323366900037922e-9  0.21836395004789116
1.1097822533383895e-8  0.21882033214328228
1.3872278166729869e-8  0.21913265289725997
1.6646733800075844e-8  0.21934765790581262
1.9421189433421816e-8  0.21968072283211432
2.219564506676779e-8  0.21973433468969858
2.4970100700113762e-8  0.22033105748169896
2.7744556333459737e-8  0.2201705817716458
3.051901196680571e-8  0.22032728948371882
3.329346760015169e-8  0.22041618997614795
3.6067923233497656e-8  0.22072060180949402
3.884237886684363e-8  0.221301347580087
4.1616834500189606e-8  0.22108648689002322
4.439129013353558e-8  0.22147009820362076
4.7165745766881556e-8  0.22086010051923155
4.9940201400227525e-8  0.22094566358788315
5.27146570335735e-8  0.22065354042107424
5.5489112666919475e-8  0.22063610139634343
5.826356830026545e-8  0.22115670893598008
6.103802393361143e-8  0.2208514885507046
6.38124795669574e-8  0.22054866048746208
6.658693520030338e-8  0.220236536707711
6.936139083364934e-8  0.22139178499517365
7.213584646699531e-8  0.22067178000589666
7.49103021003413e-8  0.2198604436585014
7.768475773368726e-8  0.22152219927840505
8.045921336703324e-8  0.22160102727636818
8.323366900037921e-8  0.22085423713940602
8.600812463372518e-8  0.22110494753993523
8.878258026707116e-8  0.22195475616762408
9.155703590041713e-8  0.2224809870117731
9.433149153376311e-8  0.2213763365303272
9.710594716710908e-8  0.22165152299301955
9.988040280045505e-8  0.22154449072861024
1.0265485843380103e-7  0.22109184136518664
1.05429314067147e-7  0.22131620747730488
1.0820376970049298e-7  0.22181367954470368
1.1097822533383895e-7  0.22106803555412538
1.1375268096718492e-7  0.22216819386301517
1.165271366005309e-7  0.22142356660688764
1.1930159223387688e-7  0.2190407304821791
1.2207604786722285e-7  0.22211560645996087
1.2485050350056882e-7  0.21845895074570135
1.276249591339148e-7  0.2205425517923836
1.3039941476726076e-7  0.22108289848657225
1.3317387040060675e-7  0.22201431735028065
1.3594832603395272e-7  0.22170352211363015
1.387227816672987e-7  0.21951927414593053
