2.774455633345974e-9  0.2949369244709715
5.548911266691948e-9  0.3114480063036643
8.323366900037922e-9  0.3219449606207855
1.1097822533383895e-8  0.3285133038184833
1.3872278166729869e-8  0.33454441390549666
1.6646733800075844e-8  0.338581100242597
1.9421189433421816e-8  0.3423677438351149
2.219564506676779e-8  0.3449153279038998
2.4970100700113762e-8  0.34805095832561894
2.7744556333459737e-8  0.3506669927089929
3.051901196680571e-8  0.3543622598339453
3.329346760015169e-8  0.3557592778580884
3.6067923233497656e-8  0.3586563597022958
3.884237886684363e-8  0.3580722793654562
4.1616834500189606e-8  0.35905674091452694
4.439129013353558e-8  0.3613492016566939
4.7165745766881556e-8  0.36482709409417097
4.9940201400227525e-8  0.3654108715354669
5.27146570335735e-8  0.3660137478326517
5.5489112666919475e-8  0.36644778785854587
5.826356830026545e-8  0.3693089074322129
6.103802393361143e-8  0.3715090850054257
6.38124795669574e-8  0.3706105479044167
6.658693520030338e-8  0.3716399354483905
6.936139083364934e-8  0.37456521277601423
7.213584646699531e-8  0.37262689560669227
7.49103021003413e-8  0.3729668828965521
7.768475773368726e-8  0.3751321839497238
8.045921336703324e-8  0.37409537693571354
8.323366900037921e-8  0.37611853414916174
8.600812463372518e-8  0.3778267094442193
8.878258026707116e-8  0.37786735873606886
9.155703590041713e-8  0.3777687275691496
9.433149153376311e-8  0.3801025680269539
9.710594716710908e-8  0.3803307794720727
9.988040280045505e-8  0.380974380286608
1.0265485843380103e-7  0.3807862392848185
1.05429314067147e-7  0.3803559631891931
1.0820376970049298e-7  0.3832416459931664
1.1097822533383895e-7  0.38136601671099446
1.1375268096718492e-7  0.38293447637892836
1.165271366005309e-7  0.385283390739903
1.1930159223387688e-7  0.3854196250125026
1.2207604786722285e-7  0.38496022077498593
1.2485050350056882e-7  0.3869502184789583
1.276249591339148e-7  0.3873727976538784
1.3039941476726076e-7  0.3843105126727936
1.3317387040060675e-7  0.38675365789484617
1.3594832603395272e-7  0.390302518481245
1.387227816672987e-7  0.38811947634553473
