2.774455633345974e-9  0.3034495554254375
5.548911266691948e-9  0.3073548365443147
8.323366900037922e-9  0.3097910115677522
1.1097822533383895e-8  0.31149429118608046
1.3872278166729869e-8  0.3127726811952229
1.6646733800075844e-8  0.31418251170189565
1.9421189433421816e-8  0.3158575052057249
2.219564506676779e-8  0.3154197809758929
2.4970100700113762e-8  0.31693288955266974
2.7744556333459737e-8  0.3172425500947774
3.051901196680571e-8  0.3187385944580932
3.329346760015169e-8  0.32036172219377756
3.6067923233497656e-8  0.3224191781992732
3.884237886684363e-8  0.3204887378157473
4.1616834500189606e-8  0.32019996251071664
4.439129013353558e-8  0.31901132413662736
4.7165745766881556e-8  0.3189895475730341
4.9940201400227525e-8  0.31999768083498065
5.27146570335735e-8  0.3190786543714624
5.5489112666919475e-8  0.32096710286405467
5.826356830026545e-8  0.31945127967316356
6.103802393361143e-8  0.32086071838872277
6.38124795669574e-8  0.32250356710475525
6.658693520030338e-8  0.3246675212769392
6.936139083364934e-8  0.32285856991123474
7.213584646699531e-8  0.3265212500508842
7.49103021003413e-8  0.3238434214739742
7.768475773368726e-8  0.3185363487850509
8.045921336703324e-8  0.3218734335151184
8.323366900037921e-8  0.3233941932036544
8.600812463372518e-8  0.32346814726241374
8.878258026707116e-8  0.3193825140499545
9.155703590041713e-8  0.32275086452426166
9.433149153376311e-8  0.32160633752196766
9.710594716710908e-8  0.3211529720641
9.988040280045505e-8  0.3236631270114473
1.0265485843380103e-7  0.32360394269646103
1.05429314067147e-7  0.32365556876927487
1.0820376970049298e-7  0.3238341640619037
1.1097822533383895e-7  0.3201963639182851
1.1375268096718492e-7  0.32188987067479746
1.165271366005309e-7  0.32693122478044123
1.1930159223387688e-7  0.32337454705721286
1.2207604786722285e-7  0.32655590621376646
1.2485050350056882e-7  0.32509431027130603
1.276249591339148e-7  0.32668446575923205
1.3039941476726076e-7  0.3261572533488743
1.3317387040060675e-7  0.32628622796598056
1.3594832603395272e-7  0.3234254956855372
1.387227816672987e-7  0.3200577332044144
