2.774455633345974e-9  1.5516936551109235
5.548911266691948e-9  1.6765004753785886
8.323366900037922e-9  1.749811840309637
1.1097822533383895e-8  1.8013732340147555
1.3872278166729869e-8  1.8428704386106132
1.6646733800075844e-8  1.8748941257760683
1.9421189433421816e-8  1.9059648051965186
2.219564506676779e-8  1.9274270408523726
2.4970100700113762e-8  1.9512123626182278
2.7744556333459737e-8  1.9693127917750504
3.051901196680571e-8  1.9877101818276695
3.329346760015169e-8  2.005695990836554
3.6067923233497656e-8  2.0318304640695484
3.884237886684363e-8  2.0380522807185493
4.1616834500189606e-8  2.0435380216810377
4.439129013353558e-8  2.051040315384662
4.7165745766881556e-8  2.0587874797586774
4.9940201400227525e-8  2.0724394438994507
5.27146570335735e-8  2.08455810424536
5.5489112666919475e-8  2.09487336456882
5.826356830026545e-8  2.1003071928431343
6.103802393361143e-8  2.1033420382174266
6.38124795669574e-8  2.1204992287943543
6.658693520030338e-8  2.1341471018612044
6.936139083364934e-8  2.1406093263412593
7.213584646699531e-8  2.1599687708500896
7.49103021003413e-8  2.154576164467908
7.768475773368726e-8  2.1486061243955987
8.045921336703324e-8  2.166152248070879
8.323366900037921e-8  2.168305238068282
8.600812463372518e-8  2.1588596838640104
8.878258026707116e-8  2.173562120787877
9.155703590041713e-8  2.1804649043861275
9.433149153376311e-8  2.1807676651150825
9.710594716710908e-8  2.1928991671185907
9.988040280045505e-8  2.1916379318406265
1.0265485843380103e-7  2.1891418754566287
1.05429314067147e-7  2.217573196296398
1.0820376970049298e-7  2.2188906624960154
1.1097822533383895e-7  2.21246299660089
1.1375268096718492e-7  2.217853903766702
1.165271366005309e-7  2.2356257142661384
1.1930159223387688e-7  2.234128259058515
1.2207604786722285e-7  2.227456252531416
1.2485050350056882e-7  2.2356254597160414
1.276249591339148e-7  2.246034379111681
1.3039941476726076e-7  2.238097118366545
1.3317387040060675e-7  2.2474636444837333
1.3594832603395272e-7  2.260418009362637
1.387227816672987e-7  2.2600918559548853
