2.774455633345974e-9  0.28432241359052296
5.548911266691948e-9  0.30064363845289516
8.323366900037922e-9  0.31041584824113094
1.1097822533383895e-8  0.31736946299645236
1.3872278166729869e-8  0.3231712545937643
1.6646733800075844e-8  0.3274613924291604
1.9421189433421816e-8  0.3305178816399775
2.219564506676779e-8  0.3340661150865467
2.4970100700113762e-8  0.3378373483587854
2.7744556333459737e-8  0.3400948207467113
3.051901196680571e-8  0.3424910139159533
3.329346760015169e-8  0.34315774690248685
3.6067923233497656e-8  0.34537407274887905
3.884237886684363e-8  0.34643058139364835
4.1616834500189606e-8  0.34796605543783365
4.439129013353558e-8  0.3501666694813613
4.7165745766881556e-8  0.3522167355856678
4.9940201400227525e-8  0.35317316993824366
5.27146570335735e-8  0.3552861474746826
5.5489112666919475e-8  0.356077340265426
5.826356830026545e-8  0.3559786546312633
6.103802393361143e-8  0.355925548358749
6.38124795669574e-8  0.3593964580686577
6.658693520030338e-8  0.3594589445191512
6.936139083364934e-8  0.3586079074591143
7.213584646699531e-8  0.36099758402587934
7.49103021003413e-8  0.36149728108178847
7.768475773368726e-8  0.36194242118807135
8.045921336703324e-8  0.36249735536949
8.323366900037921e-8  0.3625315730762876
8.600812463372518e-8  0.3623401086534294
8.878258026707116e-8  0.3651600977562645
9.155703590041713e-8  0.36824839343662036
9.433149153376311e-8  0.3684948071455905
9.710594716710908e-8  0.3694242460087574
9.988040280045505e-8  0.3694768840162664
1.0265485843380103e-7  0.3710339857536711
1.05429314067147e-7  0.3696851740837754
1.0820376970049298e-7  0.368563082039527
1.1097822533383895e-7  0.37265518664294056
1.1375268096718492e-7  0.3713655385322243
1.165271366005309e-7  0.37202158209299596
1.1930159223387688e-7  0.37276697967602945
1.2207604786722285e-7  0.3702988484936991
1.2485050350056882e-7  0.37248543941518897
1.276249591339148e-7  0.3718017395546575
1.3039941476726076e-7  0.37201450370780054
1.3317387040060675e-7  0.3727280868274868
1.3594832603395272e-7  0.37375596229127633
1.387227816672987e-7  0.37338819969808573
