2.774455633345974e-9  2.0172012651546254
5.548911266691948e-9  2.1888210366352516
8.323366900037922e-9  2.2889556955521
1.1097822533383895e-8  2.3605777651902624
1.3872278166729869e-8  2.4193461225349857
1.6646733800075844e-8  2.4623279434689866
1.9421189433421816e-8  2.502976255652581
2.219564506676779e-8  2.538457321932779
2.4970100700113762e-8  2.573794763101719
2.7744556333459737e-8  2.5893759495729047
3.051901196680571e-8  2.619303082890111
3.329346760015169e-8  2.6354932689211656
3.6067923233497656e-8  2.6574198200888137
3.884237886684363e-8  2.6781071447256632
4.1616834500189606e-8  2.6954867053960454
4.439129013353558e-8  2.7193669797274382
4.7165745766881556e-8  2.73897960259084
4.9940201400227525e-8  2.7512666706439353
5.27146570335735e-8  2.7600219383156763
5.5489112666919475e-8  2.7725672059113626
5.826356830026545e-8  2.7893781148742387
6.103802393361143e-8  2.787435057519731
6.38124795669574e-8  2.7959022667610145
6.658693520030338e-8  2.812097917995955
6.936139083364934e-8  2.8237038083030717
7.213584646699531e-8  2.8274521904126235
7.49103021003413e-8  2.8469100745757467
7.768475773368726e-8  2.853281993937687
8.045921336703324e-8  2.86264774023367
8.323366900037921e-8  2.870438755628991
8.600812463372518e-8  2.8832069877741646
8.878258026707116e-8  2.8942211936317843
9.155703590041713e-8  2.8902223515730414
9.433149153376311e-8  2.908791921747982
9.710594716710908e-8  2.9133367810042246
9.988040280045505e-8  2.915630923701823
1.0265485843380103e-7  2.9306179050754295
1.05429314067147e-7  2.935035805821724
1.0820376970049298e-7  2.9400773626866643
1.1097822533383895e-7  2.9358444242610178
1.1375268096718492e-7  2.9203015032311095
1.165271366005309e-7  2.9467729264707194
1.1930159223387688e-7  2.9310848297064256
1.2207604786722285e-7  2.9602959966719893
1.2485050350056882e-7  2.9562000988648185
1.276249591339148e-7  2.960833750667894
1.3039941476726076e-7  2.9785151328443398
1.3317387040060675e-7  2.9799516797314034
1.3594832603395272e-7  2.9984004864437583
1.387227816672987e-7  2.9590395961635756
