2.774455633345974e-9  0.23360185766220862
5.548911266691948e-9  0.2404968392538032
8.323366900037922e-9  0.2445418944665401
1.1097822533383895e-8  0.2482794723346806
1.3872278166729869e-8  0.2506122333080146
1.6646733800075844e-8  0.2513411832333867
1.9421189433421816e-8  0.25372669494814826
2.219564506676779e-8  0.25546920321642286
2.4970100700113762e-8  0.2566081367229805
2.7744556333459737e-8  0.2558933307651065
3.051901196680571e-8  0.258200476389904
3.329346760015169e-8  0.25798866360885037
3.6067923233497656e-8  0.2589882379237702
3.884237886684363e-8  0.2599796211555363
4.1616834500189606e-8  0.26182292957628883
4.439129013353558e-8  0.26359237023929144
4.7165745766881556e-8  0.2614630090977285
4.9940201400227525e-8  0.26113975912029563
5.27146570335735e-8  0.2630272376263004
5.5489112666919475e-8  0.26243169447366604
5.826356830026545e-8  0.2622956507657127
6.103802393361143e-8  0.2632493248257245
6.38124795669574e-8  0.2639279413987039
6.658693520030338e-8  0.26357500245952736
6.936139083364934e-8  0.26219623342300574
7.213584646699531e-8  0.264056943144568
7.49103021003413e-8  0.26625600057732246
7.768475773368726e-8  0.2658831745462308
8.045921336703324e-8  0.2667493350285611
8.323366900037921e-8  0.2668930991045283
8.600812463372518e-8  0.26770409694017244
8.878258026707116e-8  0.26548956343665026
9.155703590041713e-8  0.2679614959080693
9.433149153376311e-8  0.2688784362016284
9.710594716710908e-8  0.26967514605583925
9.988040280045505e-8  0.26553527319176506
1.0265485843380103e-7  0.2667295832903148
1.05429314067147e-7  0.26925040449536264
1.0820376970049298e-7  0.26679603664618845
1.1097822533383895e-7  0.2683293096297516
1.1375268096718492e-7  0.2649058341279612
1.165271366005309e-7  0.2692450055092177
1.1930159223387688e-7  0.2689665110821408
1.2207604786722285e-7  0.2697932017678974
1.2485050350056882e-7  0.26919796457497086
1.276249591339148e-7  0.2686691082917496
1.3039941476726076e-7  0.26895652094054967
1.3317387040060675e-7  0.27069926516662607
1.3594832603395272e-7  0.26965616794707614
1.387227816672987e-7  0.2688221913118424
