2.774455633345974e-9  0.5031967573249209
5.548911266691948e-9  0.5478365298294753
8.323366900037922e-9  0.5742830607980328
1.1097822533383895e-8  0.5935527365058779
1.3872278166729869e-8  0.6079072301629981
1.6646733800075844e-8  0.6190334713964216
1.9421189433421816e-8  0.6294760548415697
2.219564506676779e-8  0.63733102015628
2.4970100700113762e-8  0.6462935303679533
2.7744556333459737e-8  0.6523590989127661
3.051901196680571e-8  0.6606125566389381
3.329346760015169e-8  0.6651987138294904
3.6067923233497656e-8  0.670235434032315
3.884237886684363e-8  0.6751097066218521
4.1616834500189606e-8  0.6810745241948927
4.439129013353558e-8  0.6851168093609584
4.7165745766881556e-8  0.6865014987187757
4.9940201400227525e-8  0.6916883439687324
5.27146570335735e-8  0.6934441621254838
5.5489112666919475e-8  0.6971008716511449
5.826356830026545e-8  0.7010093237229265
6.103802393361143e-8  0.7053834118379031
6.38124795669574e-8  0.7074178317428028
6.658693520030338e-8  0.7084481289152401
6.936139083364934e-8  0.7106193888832973
7.213584646699531e-8  0.7143152468616707
7.49103021003413e-8  0.7176829460023718
7.768475773368726e-8  0.7216669006305976
8.045921336703324e-8  0.723544987167203
8.323366900037921e-8  0.7227217637503767
8.600812463372518e-8  0.7265098156307271
8.878258026707116e-8  0.7247476743052584
9.155703590041713e-8  0.7299597005084015
9.433149153376311e-8  0.7310656752545702
9.710594716710908e-8  0.729376340051174
9.988040280045505e-8  0.7329645406953481
1.0265485843380103e-7  0.7375814238147799
1.05429314067147e-7  0.7354157362321295
1.0820376970049298e-7  0.7381723190889781
1.1097822533383895e-7  0.7406482683931217
1.1375268096718492e-7  0.7395362080241804
1.165271366005309e-7  0.7456335767703591
1.1930159223387688e-7  0.7495493454125542
1.2207604786722285e-7  0.7488118533790681
1.2485050350056882e-7  0.7470491782299057
1.276249591339148e-7  0.7480730998989361
1.3039941476726076e-7  0.7511079032045767
1.3317387040060675e-7  0.7529062031951134
1.3594832603395272e-7  0.7543244660423689
1.387227816672987e-7  0.7530751905612572
