2.774455633345974e-9  0.6725285804078006
5.548911266691948e-9  0.7080380230194029
8.323366900037922e-9  0.7290268554071464
1.1097822533383895e-8  0.7447244762905337
1.3872278166729869e-8  0.7563089234979087
1.6646733800075844e-8  0.7644320922292468
1.9421189433421816e-8  0.7739157858223465
2.219564506676779e-8  0.7817366165875803
2.4970100700113762e-8  0.789797357618234
2.7744556333459737e-8  0.7895634141158635
3.051901196680571e-8  0.795940021256806
3.329346760015169e-8  0.8025616712906536
3.6067923233497656e-8  0.7994125604257456
3.884237886684363e-8  0.808582722248522
4.1616834500189606e-8  0.8140671884667962
4.439129013353558e-8  0.815004002911692
4.7165745766881556e-8  0.8262260009687975
4.9940201400227525e-8  0.8288982704291139
5.27146570335735e-8  0.8280892773495913
5.5489112666919475e-8  0.826322103358895
5.826356830026545e-8  0.829951318767247
6.103802393361143e-8  0.831324839474076
6.38124795669574e-8  0.834144110855751
6.658693520030338e-8  0.8340857237746511
6.936139083364934e-8  0.8342784655605735
7.213584646699531e-8  0.838354218926962
7.49103021003413e-8  0.8374107387875646
7.768475773368726e-8  0.8466059972829054
8.045921336703324e-8  0.8471442144881054
8.323366900037921e-8  0.8481222779465212
8.600812463372518e-8  0.8488212812496425
8.878258026707116e-8  0.8526592997880372
9.155703590041713e-8  0.8501100076561131
9.433149153376311e-8  0.858365919156727
9.710594716710908e-8  0.8486037479409939
9.988040280045505e-8  0.8579422852344505
1.0265485843380103e-7  0.8569445193788434
1.05429314067147e-7  0.8617721119735929
1.0820376970049298e-7  0.8578338607597115
1.1097822533383895e-7  0.8602002680295273
1.1375268096718492e-7  0.8641764082576996
1.165271366005309e-7  0.8631563550096494
1.1930159223387688e-7  0.8650792179234164
1.2207604786722285e-7  0.8631199828459815
1.2485050350056882e-7  0.8587570954047559
1.276249591339148e-7  0.8666973654209492
1.3039941476726076e-7  0.8624721444082584
1.3317387040060675e-7  0.8682255455025255
1.3594832603395272e-7  0.863934404198466
1.387227816672987e-7  0.8699500873907894
