2.774455633345974e-9  0.4651110099377336
5.548911266691948e-9  0.4826799081345734
8.323366900037922e-9  0.4930902890687249
1.1097822533383895e-8  0.5007251944843092
1.3872278166729869e-8  0.5063909464133478
1.6646733800075844e-8  0.5113822053812183
1.9421189433421816e-8  0.5162540318529298
2.219564506676779e-8  0.518259636890526
2.4970100700113762e-8  0.5220743334371052
2.7744556333459737e-8  0.524617383576541
3.051901196680571e-8  0.5279582775325187
3.329346760015169e-8  0.53112446879782
3.6067923233497656e-8  0.535651397366753
3.884237886684363e-8  0.5346342484539977
4.1616834500189606e-8  0.5351272147647492
4.439129013353558e-8  0.5348013608202856
4.7165745766881556e-8  0.5378449854669763
4.9940201400227525e-8  0.5396618126071998
5.27146570335735e-8  0.5399895834981631
5.5489112666919475e-8  0.5428575121020768
5.826356830026545e-8  0.5404451154218746
6.103802393361143e-8  0.5447350002581338
6.38124795669574e-8  0.5473885357608829
6.658693520030338e-8  0.5507822249321428
6.936139083364934e-8  0.5504189103774814
7.213584646699531e-8  0.5515394729346952
7.49103021003413e-8  0.5507534126579035
7.768475773368726e-8  0.5506075067926313
8.045921336703324e-8  0.5507863541416718
8.323366900037921e-8  0.5526625437498132
8.600812463372518e-8  0.549304469270441
8.878258026707116e-8  0.5460919094705657
9.155703590041713e-8  0.5544329398273846
9.433149153376311e-8  0.5493755744529155
9.710594716710908e-8  0.5499346088224576
9.988040280045505e-8  0.5537277595771807
1.0265485843380103e-7  0.5566637914691213
1.05429314067147e-7  0.557461764881242
1.0820376970049298e-7  0.5560155483007054
1.1097822533383895e-7  0.5582591472892905
1.1375268096718492e-7  0.5600685787073669
1.165271366005309e-7  0.5637530953157901
1.1930159223387688e-7  0.5612824093086752
1.2207604786722285e-7  0.562833187486122
1.2485050350056882e-7  0.5611388489684535
1.276249591339148e-7  0.5642309946405414
1.3039941476726076e-7  0.5672964001582397
1.3317387040060675e-7  0.5655821583573994
1.3594832603395272e-7  0.5684969461266248
1.387227816672987e-7  0.5599538798671964
