2.774455633345974e-9  0.5335634408209037
5.548911266691948e-9  0.5563706174860464
8.323366900037922e-9  0.5700203309296142
1.1097822533383895e-8  0.5798684564824118
1.3872278166729869e-8  0.5873091255884819
1.6646733800075844e-8  0.5927441524414618
1.9421189433421816e-8  0.5974561295507371
2.219564506676779e-8  0.6031864524603452
2.4970100700113762e-8  0.6081213092922532
2.7744556333459737e-8  0.6102778577767771
3.051901196680571e-8  0.6146008670798931
3.329346760015169e-8  0.6122462120321074
3.6067923233497656e-8  0.6163788484954061
3.884237886684363e-8  0.6202040914028288
4.1616834500189606e-8  0.6235926462139627
4.439129013353558e-8  0.6274387317635163
4.7165745766881556e-8  0.6273420594620193
4.9940201400227525e-8  0.6301186288863531
5.27146570335735e-8  0.6300062462606878
5.5489112666919475e-8  0.6349044935344906
5.826356830026545e-8  0.6379251343471813
6.103802393361143e-8  0.6380033930554159
6.38124795669574e-8  0.6410509736829044
6.658693520030338e-8  0.6394556257798067
6.936139083364934e-8  0.641352834942812
7.213584646699531e-8  0.6377994937734303
7.49103021003413e-8  0.6411593313938562
7.768475773368726e-8  0.6399841999630758
8.045921336703324e-8  0.6446860624454908
8.323366900037921e-8  0.6466989346761903
8.600812463372518e-8  0.6435906402499062
8.878258026707116e-8  0.6458205972838786
9.155703590041713e-8  0.6459613440204238
9.433149153376311e-8  0.64911071915153
9.710594716710908e-8  0.6524460590882338
9.988040280045505e-8  0.6490984300940784
1.0265485843380103e-7  0.6513367054346249
1.05429314067147e-7  0.6503119593561116
1.0820376970049298e-7  0.6510334822566479
1.1097822533383895e-7  0.6586682245649164
1.1375268096718492e-7  0.6543707236177934
1.165271366005309e-7  0.6618516719230082
1.1930159223387688e-7  0.6584380538219071
1.2207604786722285e-7  0.6551292107710305
1.2485050350056882e-7  0.6537470120076124
1.276249591339148e-7  0.6533674754750243
1.3039941476726076e-7  0.6587683010832619
1.3317387040060675e-7  0.6625411347695018
1.3594832603395272e-7  0.6587228332639411
1.387227816672987e-7  0.6625690102077079
