2.774455633345974e-9  0.2855561134355524
5.548911266691948e-9  0.30199372226511406
8.323366900037922e-9  0.311808741975042
1.1097822533383895e-8  0.31878378700255794
1.3872278166729869e-8  0.3248331748127519
1.6646733800075844e-8  0.3294930612729752
1.9421189433421816e-8  0.33289045154221336
2.219564506676779e-8  0.33584516903601763
2.4970100700113762e-8  0.3389279346247179
2.7744556333459737e-8  0.3413711360888104
3.051901196680571e-8  0.34399289416061624
3.329346760015169e-8  0.3455509001784533
3.6067923233497656e-8  0.3497859110137582
3.884237886684363e-8  0.34932183070355527
4.1616834500189606e-8  0.35106236357472015
4.439129013353558e-8  0.3516878599543391
4.7165745766881556e-8  0.3544054742289864
4.9940201400227525e-8  0.3558568396540289
5.27146570335735e-8  0.3565480174774149
5.5489112666919475e-8  0.3581224075948006
5.826356830026545e-8  0.3585168891208597
6.103802393361143e-8  0.3622141903288452
6.38124795669574e-8  0.3621217460454585
6.658693520030338e-8  0.36363260951959936
6.936139083364934e-8  0.36418613383373877
7.213584646699531e-8  0.36377474031962664
7.49103021003413e-8  0.3647153166403071
7.768475773368726e-8  0.36430814438383907
8.045921336703324e-8  0.3650918012586342
8.323366900037921e-8  0.3674140157690201
8.600812463372518e-8  0.3672882583794812
8.878258026707116e-8  0.3669114292036897
9.155703590041713e-8  0.3709390133168289
9.433149153376311e-8  0.37008529588283484
9.710594716710908e-8  0.37007927972742344
9.988040280045505e-8  0.3705023365341755
1.0265485843380103e-7  0.37233238890427933
1.05429314067147e-7  0.37199882813235563
1.0820376970049298e-7  0.3732776682236076
1.1097822533383895e-7  0.37401666101069325
1.1375268096718492e-7  0.3747395913339296
1.165271366005309e-7  0.37753024670080554
1.1930159223387688e-7  0.3765483668282207
1.2207604786722285e-7  0.3781807520148909
1.2485050350056882e-7  0.37814274725682884
1.276249591339148e-7  0.37534678470964844
1.3039941476726076e-7  0.3784477621802448
1.3317387040060675e-7  0.3778114951250227
1.3594832603395272e-7  0.377514781709491
1.387227816672987e-7  0.3780578422698282
