2.774455633345974e-9  0.6053740058294593
5.548911266691948e-9  0.6335704581980822
8.323366900037922e-9  0.6506921786746569
1.1097822533383895e-8  0.662090534697907
1.3872278166729869e-8  0.6727189866037504
1.6646733800075844e-8  0.6793865471683798
1.9421189433421816e-8  0.6851328393821938
2.219564506676779e-8  0.6870928850933623
2.4970100700113762e-8  0.6927679371011922
2.7744556333459737e-8  0.6963490726152555
3.051901196680571e-8  0.7060330436915269
3.329346760015169e-8  0.7079898736034281
3.6067923233497656e-8  0.7104517552105636
3.884237886684363e-8  0.7109200138298383
4.1616834500189606e-8  0.718969490291077
4.439129013353558e-8  0.7193442800360256
4.7165745766881556e-8  0.7189991626528793
4.9940201400227525e-8  0.7193390471111576
5.27146570335735e-8  0.7199727686859991
5.5489112666919475e-8  0.7245350233335489
5.826356830026545e-8  0.7300654647753408
6.103802393361143e-8  0.729607306604979
6.38124795669574e-8  0.7297269389993305
6.658693520030338e-8  0.7248086896723479
6.936139083364934e-8  0.7320418832147493
7.213584646699531e-8  0.7428822744155359
7.49103021003413e-8  0.7387391094966291
7.768475773368726e-8  0.7451945745417882
8.045921336703324e-8  0.7342566405191343
8.323366900037921e-8  0.7425932085926151
8.600812463372518e-8  0.7469331523358534
8.878258026707116e-8  0.743965157665772
9.155703590041713e-8  0.7440961954818024
9.433149153376311e-8  0.7436659814516039
9.710594716710908e-8  0.7455626453624432
9.988040280045505e-8  0.740954130798809
1.0265485843380103e-7  0.7502134233116708
1.05429314067147e-7  0.7466993406419662
1.0820376970049298e-7  0.7530516138505234
1.1097822533383895e-7  0.7566952545924488
1.1375268096718492e-7  0.7572292436846363
1.165271366005309e-7  0.7546605127780703
1.1930159223387688e-7  0.7545417095235992
1.2207604786722285e-7  0.758034553047892
1.2485050350056882e-7  0.7477725576112252
1.276249591339148e-7  0.7565881989940297
1.3039941476726076e-7  0.7583228650107159
1.3317387040060675e-7  0.7579587379104568
1.3594832603395272e-7  0.7590532355677914
1.387227816672987e-7  0.7608747163499096
