2.774455633345974e-9  1.0700530700477295
5.548911266691948e-9  1.1402004783391797
8.323366900037922e-9  1.1806210493749631
1.1097822533383895e-8  1.2112267660586107
1.3872278166729869e-8  1.2331397427014874
1.6646733800075844e-8  1.2495139625779228
1.9421189433421816e-8  1.2672648508693636
2.219564506676779e-8  1.283501070180414
2.4970100700113762e-8  1.2928997199906926
2.7744556333459737e-8  1.2936251115876307
3.051901196680571e-8  1.3078580733537701
3.329346760015169e-8  1.319336549806167
3.6067923233497656e-8  1.3253049488299558
3.884237886684363e-8  1.3386572861769015
4.1616834500189606e-8  1.3459141857741836
4.439129013353558e-8  1.3514942497518527
4.7165745766881556e-8  1.3554158776404914
4.9940201400227525e-8  1.3563623723957412
5.27146570335735e-8  1.3611948324266243
5.5489112666919475e-8  1.3727177872484204
5.826356830026545e-8  1.3732905623899598
6.103802393361143e-8  1.3808974936711438
6.38124795669574e-8  1.3848490856538211
6.658693520030338e-8  1.3790316317038156
6.936139083364934e-8  1.396736579503655
7.213584646699531e-8  1.3834520523105776
7.49103021003413e-8  1.4116115459724226
7.768475773368726e-8  1.408957822583227
8.045921336703324e-8  1.4082088140669393
8.323366900037921e-8  1.4152094242430393
8.600812463372518e-8  1.4147546036507614
8.878258026707116e-8  1.410113979999418
9.155703590041713e-8  1.4074656508476173
9.433149153376311e-8  1.4256577106778934
9.710594716710908e-8  1.4191946332945309
9.988040280045505e-8  1.4160929019152182
1.0265485843380103e-7  1.4274253873120912
1.05429314067147e-7  1.4344385488163074
1.0820376970049298e-7  1.428909791710105
1.1097822533383895e-7  1.4311721510357818
1.1375268096718492e-7  1.4210089334981688
1.165271366005309e-7  1.4408530599245921
1.1930159223387688e-7  1.427575057510991
1.2207604786722285e-7  1.448258824364402
1.2485050350056882e-7  1.447722494448826
1.276249591339148e-7  1.4526742727819517
1.3039941476726076e-7  1.4510120011683028
1.3317387040060675e-7  1.4551788089880815
1.3594832603395272e-7  1.4558605315028947
1.387227816672987e-7  1.4417852547715324
