2.774455633345974e-9  0.3801910576407705
5.548911266691948e-9  0.3898824621576895
8.323366900037922e-9  0.3955532222442355
1.1097822533383895e-8  0.40004506186381017
1.3872278166729869e-8  0.4035624124580727
1.6646733800075844e-8  0.4053539400517566
1.9421189433421816e-8  0.4095250010841254
2.219564506676779e-8  0.409846519959041
2.4970100700113762e-8  0.4106204946021076
2.7744556333459737e-8  0.4116658781464963
3.051901196680571e-8  0.41436677988963405
3.329346760015169e-8  0.41500222581662777
3.6067923233497656e-8  0.41473647740999636
3.884237886684363e-8  0.4174682428961723
4.1616834500189606e-8  0.4183662089986802
4.439129013353558e-8  0.4178686123934182
4.7165745766881556e-8  0.4201506290529752
4.9940201400227525e-8  0.4203547033420118
5.27146570335735e-8  0.4174031094940931
5.5489112666919475e-8  0.41751372630161354
5.826356830026545e-8  0.41858011892348074
6.103802393361143e-8  0.4207962233895682
6.38124795669574e-8  0.42231303934158654
6.658693520030338e-8  0.42296962736838833
6.936139083364934e-8  0.4237473194672715
7.213584646699531e-8  0.4252520814552433
7.49103021003413e-8  0.425654777575403
7.768475773368726e-8  0.4268750202764008
8.045921336703324e-8  0.42877959591892373
8.323366900037921e-8  0.42891110758059164
8.600812463372518e-8  0.42977080385371846
8.878258026707116e-8  0.43040507421378915
9.155703590041713e-8  0.4231913713904184
9.433149153376311e-8  0.42769907428622994
9.710594716710908e-8  0.4284838027475718
9.988040280045505e-8  0.426882463325182
1.0265485843380103e-7  0.4264280229672684
1.05429314067147e-7  0.42577649937961365
1.0820376970049298e-7  0.43175703825563155
1.1097822533383895e-7  0.42814033210503305
1.1375268096718492e-7  0.42586438848306063
1.165271366005309e-7  0.4273338172912709
1.1930159223387688e-7  0.4274187933188669
1.2207604786722285e-7  0.42928635087345196
1.2485050350056882e-7  0.4224999457293502
1.276249591339148e-7  0.43142129456995004
1.3039941476726076e-7  0.4267023268832973
1.3317387040060675e-7  0.43306673056196626
1.3594832603395272e-7  0.4310476542667522
1.387227816672987e-7  0.4305541316253725
