2.774455633345974e-9  0.25367521521938075
5.548911266691948e-9  0.25423595105726643
8.323366900037922e-9  0.25476895453615944
1.1097822533383895e-8  0.2557016949895145
1.3872278166729869e-8  0.25538379603605615
1.6646733800075844e-8  0.2549638998455477
1.9421189433421816e-8  0.2550654175126422
2.219564506676779e-8  0.2547621190714002
2.4970100700113762e-8  0.25585880052234583
2.7744556333459737e-8  0.2558339601209439
3.051901196680571e-8  0.25628919313247805
3.329346760015169e-8  0.2544801965071654
3.6067923233497656e-8  0.25521749286139106
3.884237886684363e-8  0.255933402516499
4.1616834500189606e-8  0.25441955266236305
4.439129013353558e-8  0.25778110796619935
4.7165745766881556e-8  0.2570212467927963
4.9940201400227525e-8  0.2559363318156727
5.27146570335735e-8  0.255892108318588
5.5489112666919475e-8  0.2575452765701888
5.826356830026545e-8  0.25616114608993873
6.103802393361143e-8  0.2565995264919211
6.38124795669574e-8  0.2545211552697475
6.658693520030338e-8  0.2544512714375555
6.936139083364934e-8  0.2555488968294742
7.213584646699531e-8  0.254051985360713
7.49103021003413e-8  0.25378557356519865
7.768475773368726e-8  0.25365462512301895
8.045921336703324e-8  0.2536518288630909
8.323366900037921e-8  0.25388290375256767
8.600812463372518e-8  0.2532165803300794
8.878258026707116e-8  0.25603457251856704
9.155703590041713e-8  0.2551395269252822
9.433149153376311e-8  0.2587108491242497
9.710594716710908e-8  0.2541510200481019
9.988040280045505e-8  0.2580709678597456
1.0265485843380103e-7  0.2533013519964038
1.05429314067147e-7  0.25466868475847526
1.0820376970049298e-7  0.2571381647660978
1.1097822533383895e-7  0.2555517541341041
1.1375268096718492e-7  0.25481297388869817
1.165271366005309e-7  0.2556680455798726
1.1930159223387688e-7  0.25404551774387635
1.2207604786722285e-7  0.25724439434148744
1.2485050350056882e-7  0.25627950443972
1.276249591339148e-7  0.2556806820539064
1.3039941476726076e-7  0.2526759769417942
1.3317387040060675e-7  0.2541477878524586
1.3594832603395272e-7  0.2509034308463374
1.387227816672987e-7  0.2557307976047146
