2.774455633345974e-9  0.2912070983898003
5.548911266691948e-9  0.30576089973747533
8.323366900037922e-9  0.3143655958172188
1.1097822533383895e-8  0.3205018712151971
1.3872278166729869e-8  0.3259415284787507
1.6646733800075844e-8  0.32799795222558864
1.9421189433421816e-8  0.33107511296733527
2.219564506676779e-8  0.3337836641417467
2.4970100700113762e-8  0.3349523137893946
2.7744556333459737e-8  0.3387758826293732
3.051901196680571e-8  0.34225596190294033
3.329346760015169e-8  0.3431167769985286
3.6067923233497656e-8  0.3430509485657221
3.884237886684363e-8  0.3444021841449132
4.1616834500189606e-8  0.3478495881712612
4.439129013353558e-8  0.34740283810538986
4.7165745766881556e-8  0.3493706286560382
4.9940201400227525e-8  0.35088720617625263
5.27146570335735e-8  0.34902459391997565
5.5489112666919475e-8  0.3544803863520468
5.826356830026545e-8  0.3543529664205964
6.103802393361143e-8  0.3538137875754494
6.38124795669574e-8  0.35423112930315587
6.658693520030338e-8  0.35611002681894594
6.936139083364934e-8  0.3570248276662346
7.213584646699531e-8  0.357388392600261
7.49103021003413e-8  0.35823949608203065
7.768475773368726e-8  0.35861416839593935
8.045921336703324e-8  0.3607348897109674
8.323366900037921e-8  0.35861866307805795
8.600812463372518e-8  0.35968212160779656
8.878258026707116e-8  0.3599357982367498
9.155703590041713e-8  0.36108999401383995
9.433149153376311e-8  0.3618230405445509
9.710594716710908e-8  0.3619164283959108
9.988040280045505e-8  0.3622534864497594
1.0265485843380103e-7  0.36305159678513127
1.05429314067147e-7  0.36493832155620093
1.0820376970049298e-7  0.36393886670088826
1.1097822533383895e-7  0.3682344536839081
1.1375268096718492e-7  0.36452866583419624
1.165271366005309e-7  0.3653743918898013
1.1930159223387688e-7  0.3696360218578546
1.2207604786722285e-7  0.3668323428937998
1.2485050350056882e-7  0.36443923198000866
1.276249591339148e-7  0.3677435191028898
1.3039941476726076e-7  0.3689996000738286
1.3317387040060675e-7  0.37075814749441394
1.3594832603395272e-7  0.3714662848172476
1.387227816672987e-7  0.36836091375084046
