2.774455633345974e-9  3.493788982880859
5.548911266691948e-9  3.7993670260567445
8.323366900037922e-9  3.979012314487563
1.1097822533383895e-8  4.109552884549075
1.3872278166729869e-8  4.206832339760199
1.6646733800075844e-8  4.2821046343502065
1.9421189433421816e-8  4.354062587390785
2.219564506676779e-8  4.420028445215109
2.4970100700113762e-8  4.454845620631815
2.7744556333459737e-8  4.5070860831098125
3.051901196680571e-8  4.550415459250177
3.329346760015169e-8  4.603800760821472
3.6067923233497656e-8  4.6240545536448385
3.884237886684363e-8  4.6678746387426
4.1616834500189606e-8  4.715308725387806
4.439129013353558e-8  4.749581929345107
4.7165745766881556e-8  4.7517848169461665
4.9940201400227525e-8  4.78057773358744
5.27146570335735e-8  4.7875289855178735
5.5489112666919475e-8  4.807509884274251
5.826356830026545e-8  4.844864684475291
6.103802393361143e-8  4.862478843451039
6.38124795669574e-8  4.878745231623332
6.658693520030338e-8  4.896054640199099
6.936139083364934e-8  4.93133422662124
7.213584646699531e-8  4.922436096399618
7.49103021003413e-8  4.936499138856671
7.768475773368726e-8  4.976546166530667
8.045921336703324e-8  4.991946873571318
8.323366900037921e-8  5.0174197120792465
8.600812463372518e-8  5.025497169823826
8.878258026707116e-8  5.061168568074255
9.155703590041713e-8  5.063406356717419
9.433149153376311e-8  5.0084010748792105
9.710594716710908e-8  5.072954498079012
9.988040280045505e-8  5.05823362613707
1.0265485843380103e-7  5.079119942721574
1.05429314067147e-7  5.084564105328705
1.0820376970049298e-7  5.103689562564574
1.1097822533383895e-7  5.1090942868911515
1.1375268096718492e-7  5.109226985505809
1.165271366005309e-7  5.140702766301649
1.1930159223387688e-7  5.127195760655551
1.2207604786722285e-7  5.130304536014458
1.2485050350056882e-7  5.137284568580749
1.276249591339148e-7  5.209612064991962
1.3039941476726076e-7  5.195777933142524
1.3317387040060675e-7  5.200595670843618
1.3594832603395272e-7  5.206560652853033
1.387227816672987e-7  5.224006633048713
