2.774455633345974e-9  0.42857652807295005
5.548911266691948e-9  0.4639443870667124
8.323366900037922e-9  0.4863196594166657
1.1097822533383895e-8  0.5017661669139628
1.3872278166729869e-8  0.5138716594602958
1.6646733800075844e-8  0.5238740091241483
1.9421189433421816e-8  0.5326939016307609
2.219564506676779e-8  0.5389355089872852
2.4970100700113762e-8  0.5455151469094479
2.7744556333459737e-8  0.5513903209634633
3.051901196680571e-8  0.5581828985713266
3.329346760015169e-8  0.5603130541947773
3.6067923233497656e-8  0.5647590204796378
3.884237886684363e-8  0.5693907187946147
4.1616834500189606e-8  0.5745787884939698
4.439129013353558e-8  0.5764996192422632
4.7165745766881556e-8  0.5784728340868962
4.9940201400227525e-8  0.5828774889582561
5.27146570335735e-8  0.5829238686840965
5.5489112666919475e-8  0.5889376524313036
5.826356830026545e-8  0.589903707597911
6.103802393361143e-8  0.5926041547538468
6.38124795669574e-8  0.5942175035570644
6.658693520030338e-8  0.5975092949285246
6.936139083364934e-8  0.5986552935282038
7.213584646699531e-8  0.5993811556541799
7.49103021003413e-8  0.6045011840554829
7.768475773368726e-8  0.6059125425291195
8.045921336703324e-8  0.6076375219747651
8.323366900037921e-8  0.6085848975772058
8.600812463372518e-8  0.6112659256641834
8.878258026707116e-8  0.6123139929244132
9.155703590041713e-8  0.6129634606531087
9.433149153376311e-8  0.6138193017614139
9.710594716710908e-8  0.6147002094777148
9.988040280045505e-8  0.6173515850841038
1.0265485843380103e-7  0.6180419469803158
1.05429314067147e-7  0.6196574616959738
1.0820376970049298e-7  0.6224640737944463
1.1097822533383895e-7  0.6246101544571048
1.1375268096718492e-7  0.6239108822894649
1.165271366005309e-7  0.6285427574020631
1.1930159223387688e-7  0.6294790098175083
1.2207604786722285e-7  0.629562654524062
1.2485050350056882e-7  0.6259758197477436
1.276249591339148e-7  0.6310296845886676
1.3039941476726076e-7  0.6341106393440522
1.3317387040060675e-7  0.6342641375972999
1.3594832603395272e-7  0.6342799510931988
1.387227816672987e-7  0.6322365717800363
