2.774455633345974e-9  0.5423147841258561
5.548911266691948e-9  0.5675070475850744
8.323366900037922e-9  0.5823800339913331
1.1097822533383895e-8  0.5929193276917047
1.3872278166729869e-8  0.6013568812071349
1.6646733800075844e-8  0.6079488198857262
1.9421189433421816e-8  0.6147310849340694
2.219564506676779e-8  0.6184269792302993
2.4970100700113762e-8  0.623776170983712
2.7744556333459737e-8  0.6282723905649562
3.051901196680571e-8  0.6314679055717468
3.329346760015169e-8  0.6356042456912174
3.6067923233497656e-8  0.6402646858510251
3.884237886684363e-8  0.6424212167948636
4.1616834500189606e-8  0.6430373099801264
4.439129013353558e-8  0.6459604411911812
4.7165745766881556e-8  0.6465544138533553
4.9940201400227525e-8  0.6474315249286141
5.27146570335735e-8  0.6501680837200868
5.5489112666919475e-8  0.6544874205763865
5.826356830026545e-8  0.6536650813659257
6.103802393361143e-8  0.6576664351752752
6.38124795669574e-8  0.6592814107639415
6.658693520030338e-8  0.6624908866433599
6.936139083364934e-8  0.6620195143155423
7.213584646699531e-8  0.6664493432695545
7.49103021003413e-8  0.6655238786753083
7.768475773368726e-8  0.666904128770574
8.045921336703324e-8  0.6699369413556402
8.323366900037921e-8  0.6704750910251883
8.600812463372518e-8  0.66934227242976
8.878258026707116e-8  0.671359923202522
9.155703590041713e-8  0.6705665940581854
9.433149153376311e-8  0.6717160946409072
9.710594716710908e-8  0.6673133779721321
9.988040280045505e-8  0.674116165759757
1.0265485843380103e-7  0.6687568090791441
1.05429314067147e-7  0.6713647688693691
1.0820376970049298e-7  0.6732948905247199
1.1097822533383895e-7  0.6787296408091763
1.1375268096718492e-7  0.6732447353732491
1.165271366005309e-7  0.6766833537489524
1.1930159223387688e-7  0.6753754702840288
1.2207604786722285e-7  0.6831808546194083
1.2485050350056882e-7  0.6858626733645641
1.276249591339148e-7  0.683890679834614
1.3039941476726076e-7  0.6851397761884963
1.3317387040060675e-7  0.6831944724034305
1.3594832603395272e-7  0.6866245114743427
1.387227816672987e-7  0.6836640210059864
