2.774455633345974e-9  0.24873407685604335
5.548911266691948e-9  0.257547574217336
8.323366900037922e-9  0.26183862792601714
1.1097822533383895e-8  0.2652681565110263
1.3872278166729869e-8  0.2684130678255
1.6646733800075844e-8  0.2690746395327979
1.9421189433421816e-8  0.27212353261422073
2.219564506676779e-8  0.27428715301806833
2.4970100700113762e-8  0.27533022955182807
2.7744556333459737e-8  0.27555781288097375
3.051901196680571e-8  0.2780453503561168
3.329346760015169e-8  0.27837929426165037
3.6067923233497656e-8  0.2796694089895338
3.884237886684363e-8  0.27967912667014067
4.1616834500189606e-8  0.2809981446991201
4.439129013353558e-8  0.28115529908561604
4.7165745766881556e-8  0.2812589187912387
4.9940201400227525e-8  0.28275539644485354
5.27146570335735e-8  0.2797311015003748
5.5489112666919475e-8  0.28423725912887365
5.826356830026545e-8  0.2840067586793846
6.103802393361143e-8  0.28470065833561226
6.38124795669574e-8  0.28564464243499055
6.658693520030338e-8  0.28570586134608317
6.936139083364934e-8  0.2861269782831548
7.213584646699531e-8  0.28734450183055843
7.49103021003413e-8  0.2899417847838622
7.768475773368726e-8  0.28737433188993516
8.045921336703324e-8  0.2885602605923813
8.323366900037921e-8  0.28830920145235567
8.600812463372518e-8  0.28723323514560933
8.878258026707116e-8  0.287993191971553
9.155703590041713e-8  0.28855238363685176
9.433149153376311e-8  0.29038315960754946
9.710594716710908e-8  0.2900072606713427
9.988040280045505e-8  0.28738627170409
1.0265485843380103e-7  0.290650737765087
1.05429314067147e-7  0.2913288560425507
1.0820376970049298e-7  0.28948483709372486
1.1097822533383895e-7  0.2910026234659939
1.1375268096718492e-7  0.2895085983564077
1.165271366005309e-7  0.29164112631961814
1.1930159223387688e-7  0.2914252005748613
1.2207604786722285e-7  0.29127442291752315
1.2485050350056882e-7  0.2911647936184012
1.276249591339148e-7  0.2898581946957551
1.3039941476726076e-7  0.2937786526220943
1.3317387040060675e-7  0.29356780061070703
1.3594832603395272e-7  0.29494283677760624
1.387227816672987e-7  0.2920449668531885
