2.774455633345974e-9  0.6089045916741842
5.548911266691948e-9  0.6422568142099341
8.323366900037922e-9  0.6618470682435573
1.1097822533383895e-8  0.6758718185973512
1.3872278166729869e-8  0.686554555362288
1.6646733800075844e-8  0.6954576981303185
1.9421189433421816e-8  0.7033602407685448
2.219564506676779e-8  0.7100834167337561
2.4970100700113762e-8  0.7155083748108799
2.7744556333459737e-8  0.7213705037942029
3.051901196680571e-8  0.7250340177879415
3.329346760015169e-8  0.7297295588408145
3.6067923233497656e-8  0.7337095410597194
3.884237886684363e-8  0.7390393784409267
4.1616834500189606e-8  0.7417329497098661
4.439129013353558e-8  0.7427169472251891
4.7165745766881556e-8  0.7456388264026382
4.9940201400227525e-8  0.7490901446504922
5.27146570335735e-8  0.7516181507360333
5.5489112666919475e-8  0.754791147146811
5.826356830026545e-8  0.7561351754988591
6.103802393361143e-8  0.7598646557891382
6.38124795669574e-8  0.7613303048426353
6.658693520030338e-8  0.7615178580059886
6.936139083364934e-8  0.7651843218020106
7.213584646699531e-8  0.7659303742739717
7.49103021003413e-8  0.7710178654287059
7.768475773368726e-8  0.7733975800335084
8.045921336703324e-8  0.7738444971246159
8.323366900037921e-8  0.7777998549151343
8.600812463372518e-8  0.7756932467712929
8.878258026707116e-8  0.777128828186225
9.155703590041713e-8  0.7784982779161144
9.433149153376311e-8  0.7788817650393235
9.710594716710908e-8  0.7803093692905264
9.988040280045505e-8  0.7801823338785667
1.0265485843380103e-7  0.7820331652517356
1.05429314067147e-7  0.7864411075482277
1.0820376970049298e-7  0.7866386190588824
1.1097822533383895e-7  0.7914904035861894
1.1375268096718492e-7  0.7877883086474603
1.165271366005309e-7  0.7904103869542555
1.1930159223387688e-7  0.7893223516100342
1.2207604786722285e-7  0.7934743302192104
1.2485050350056882e-7  0.7936732991088816
1.276249591339148e-7  0.7955561931969921
1.3039941476726076e-7  0.7954332324717556
1.3317387040060675e-7  0.7939947550948925
1.3594832603395272e-7  0.7989596039894439
1.387227816672987e-7  0.8014409814431054
