2.774455633345974e-9  0.2472005458633296
5.548911266691948e-9  0.2567207070955537
8.323366900037922e-9  0.26232734131730934
1.1097822533383895e-8  0.2664036840898136
1.3872278166729869e-8  0.2695749140791129
1.6646733800075844e-8  0.27232468623676315
1.9421189433421816e-8  0.2747956077532376
2.219564506676779e-8  0.2766728265338307
2.4970100700113762e-8  0.2783518237878806
2.7744556333459737e-8  0.27985006444476207
3.051901196680571e-8  0.2800308634622144
3.329346760015169e-8  0.28172318744896313
3.6067923233497656e-8  0.2832131460757578
3.884237886684363e-8  0.2841007104372808
4.1616834500189606e-8  0.2848519688794714
4.439129013353558e-8  0.2852710590078578
4.7165745766881556e-8  0.2858948467370697
4.9940201400227525e-8  0.2877444063118035
5.27146570335735e-8  0.28811086980468964
5.5489112666919475e-8  0.2867107083991092
5.826356830026545e-8  0.287907976232433
6.103802393361143e-8  0.29071833076991915
6.38124795669574e-8  0.28849049422355033
6.658693520030338e-8  0.29154273782487333
6.936139083364934e-8  0.29248338979135113
7.213584646699531e-8  0.2924987372994969
7.49103021003413e-8  0.2935776836277288
7.768475773368726e-8  0.29340879432246214
8.045921336703324e-8  0.29280402842228076
8.323366900037921e-8  0.29402356905058313
8.600812463372518e-8  0.2953937213396546
8.878258026707116e-8  0.2945587829247269
9.155703590041713e-8  0.2961658538568821
9.433149153376311e-8  0.2967011047430858
9.710594716710908e-8  0.29646850091940435
9.988040280045505e-8  0.29601001479766204
1.0265485843380103e-7  0.29564367582440226
1.05429314067147e-7  0.2976631793209792
1.0820376970049298e-7  0.2962786571143539
1.1097822533383895e-7  0.29787610492903355
1.1375268096718492e-7  0.2975266832273355
1.165271366005309e-7  0.29917694617340984
1.1930159223387688e-7  0.2973482018137719
1.2207604786722285e-7  0.29650499938041924
1.2485050350056882e-7  0.2988832391322988
1.276249591339148e-7  0.2999701377548746
1.3039941476726076e-7  0.3009559335810295
1.3317387040060675e-7  0.29910145465876115
1.3594832603395272e-7  0.299037989780635
1.387227816672987e-7  0.3016089352515631
