2.774455633345974e-9  3358.8690155164086
5.548911266691948e-9  6737.9310298984565
8.323366900037922e-9  10119.964883438168
1.1097822533383895e-8  13499.85220424565
1.3872278166729869e-8  16881.89433079028
1.6646733800075844e-8  20266.486280945977
1.9421189433421816e-8  23647.920434465927
2.219564506676779e-8  27034.157834385464
2.4970100700113762e-8  30409.470292822487
2.7744556333459737e-8  33786.70515121572
3.051901196680571e-8  37173.15101089753
3.329346760015169e-8  40554.169002506474
3.6067923233497656e-8  43938.49521232496
3.884237886684363e-8  47317.22438805386
4.1616834500189606e-8  50719.97754212585
4.439129013353558e-8  54075.95591948728
4.7165745766881556e-8  57464.2755218128
4.9940201400227525e-8  60849.24796258852
5.27146570335735e-8  64227.139336119995
5.5489112666919475e-8  67605.80885185365
5.826356830026545e-8  70988.54269992521
6.103802393361143e-8  74364.68785302636
6.38124795669574e-8  77753.60098361119
6.658693520030338e-8  81136.4341069942
6.936139083364934e-8  84552.81843985275
7.213584646699531e-8  87900.84233722824
7.49103021003413e-8  91285.52451467271
7.768475773368726e-8  94664.38155352163
8.045921336703324e-8  98052.39256247124
8.323366900037921e-8  101421.54238456301
8.600812463372518e-8  104806.51528374714
8.878258026707116e-8  108196.60700904443
9.155703590041713e-8  111576.32516846369
9.433149153376311e-8  114954.80783845918
9.710594716710908e-8  118339.41242343796
9.988040280045505e-8  121712.5938186647
1.0265485843380103e-7  125102.9893659081
1.05429314067147e-7  128485.73069532489
1.0820376970049298e-7  131867.8400568043
1.1097822533383895e-7  135245.9783662721
1.1375268096718492e-7  138633.82248117402
1.165271366005309e-7  142027.19346247485
1.1930159223387688e-7  145404.5458019018
1.2207604786722285e-7  148774.2934898526
1.2485050350056882e-7  152150.56937368916
1.276249591339148e-7  155590.36285642502
1.3039941476726076e-7  158940.03117106663
1.3317387040060675e-7  162310.70731438624
1.3594832603395272e-7  165697.6942655902
1.387227816672987e-7  169096.13602024002
