2.774455633345974e-9  1.1014625604453825
5.548911266691948e-9  1.1773768985648227
8.323366900037922e-9  1.2218209434279563
1.1097822533383895e-8  1.2549164915333377
1.3872278166729869e-8  1.2794551002858028
1.6646733800075844e-8  1.2978288347212594
1.9421189433421816e-8  1.3197584059121739
2.219564506676779e-8  1.3347345685142191
2.4970100700113762e-8  1.3462525332845718
2.7744556333459737e-8  1.3549730827480084
3.051901196680571e-8  1.3652169141166732
3.329346760015169e-8  1.3770012558378335
3.6067923233497656e-8  1.3856498929145902
3.884237886684363e-8  1.3938668174803315
4.1616834500189606e-8  1.4004931911584655
4.439129013353558e-8  1.415966603295355
4.7165745766881556e-8  1.4140448284018174
4.9940201400227525e-8  1.4255679554944922
5.27146570335735e-8  1.4196709897132862
5.5489112666919475e-8  1.4335044296456625
5.826356830026545e-8  1.4358706590806283
6.103802393361143e-8  1.441013890262471
6.38124795669574e-8  1.4332556662577964
6.658693520030338e-8  1.4434645749972366
6.936139083364934e-8  1.453183186470898
7.213584646699531e-8  1.460023732117861
7.49103021003413e-8  1.467840697155618
7.768475773368726e-8  1.4707749575228626
8.045921336703324e-8  1.474451700421978
8.323366900037921e-8  1.477081517288541
8.600812463372518e-8  1.48232960536824
8.878258026707116e-8  1.4848155530278941
9.155703590041713e-8  1.4936762794284673
9.433149153376311e-8  1.492386565958827
9.710594716710908e-8  1.4945403037151515
9.988040280045505e-8  1.4850096393200456
1.0265485843380103e-7  1.49438961038652
1.05429314067147e-7  1.4984012598555372
1.0820376970049298e-7  1.4950136589457637
1.1097822533383895e-7  1.497727526459156
1.1375268096718492e-7  1.500461288788498
1.165271366005309e-7  1.5117488922376603
1.1930159223387688e-7  1.5083806876708206
1.2207604786722285e-7  1.514617319318999
1.2485050350056882e-7  1.5109783907590395
1.276249591339148e-7  1.5209458561947866
1.3039941476726076e-7  1.5205182894228233
1.3317387040060675e-7  1.5251071845180038
1.3594832603395272e-7  1.5207537187785547
1.387227816672987e-7  1.508314342627723
