2.774455633345974e-9  0.44996885726767627
5.548911266691948e-9  0.4646635269290108
8.323366900037922e-9  0.4739621880865541
1.1097822533383895e-8  0.4798047872195439
1.3872278166729869e-8  0.48595911597622643
1.6646733800075844e-8  0.4872898767332127
1.9421189433421816e-8  0.491667540252505
2.219564506676779e-8  0.4919802868929163
2.4970100700113762e-8  0.4945512434947135
2.7744556333459737e-8  0.493765919233769
3.051901196680571e-8  0.5009920534276956
3.329346760015169e-8  0.5051390528689923
3.6067923233497656e-8  0.503760630023368
3.884237886684363e-8  0.5043263149916737
4.1616834500189606e-8  0.5068907613618892
4.439129013353558e-8  0.5064665610911662
4.7165745766881556e-8  0.5087005629496962
4.9940201400227525e-8  0.5112601472592849
5.27146570335735e-8  0.5126808142686832
5.5489112666919475e-8  0.5129024728022604
5.826356830026545e-8  0.5138694282455517
6.103802393361143e-8  0.5126219971472569
6.38124795669574e-8  0.5123827019241181
6.658693520030338e-8  0.5159185278048525
6.936139083364934e-8  0.5207361449468468
7.213584646699531e-8  0.5176477274273641
7.49103021003413e-8  0.5196829704215072
7.768475773368726e-8  0.5182923931749048
8.045921336703324e-8  0.5166335976157801
8.323366900037921e-8  0.5154955702746504
8.600812463372518e-8  0.5179741813803924
8.878258026707116e-8  0.5168222282569161
9.155703590041713e-8  0.5105415256507683
9.433149153376311e-8  0.5205168521209482
9.710594716710908e-8  0.5233770943073711
9.988040280045505e-8  0.5237323953404601
1.0265485843380103e-7  0.516321998478158
1.05429314067147e-7  0.5241822953201278
1.0820376970049298e-7  0.5264950687769855
1.1097822533383895e-7  0.5283444432514784
1.1375268096718492e-7  0.5237284483442045
1.165271366005309e-7  0.5205499192439547
1.1930159223387688e-7  0.5215957584779866
1.2207604786722285e-7  0.5279063233571929
1.2485050350056882e-7  0.522774934806983
1.276249591339148e-7  0.5308213690654595
1.3039941476726076e-7  0.526346377679849
1.3317387040060675e-7  0.5291222080357638
1.3594832603395272e-7  0.5332319077326179
1.387227816672987e-7  0.5335812802807587
