2.774455633345974e-9  0.23668441775179022
5.548911266691948e-9  0.24425057786608978
8.323366900037922e-9  0.2491066129306887
1.1097822533383895e-8  0.25262574170990615
1.3872278166729869e-8  0.25521082283647134
1.6646733800075844e-8  0.2573480678452539
1.9421189433421816e-8  0.25933851386424744
2.219564506676779e-8  0.26128813209925744
2.4970100700113762e-8  0.2626080043663706
2.7744556333459737e-8  0.26378396326528897
3.051901196680571e-8  0.2640275934730427
3.329346760015169e-8  0.2655290693356645
3.6067923233497656e-8  0.2664147855007336
3.884237886684363e-8  0.2675331512485057
4.1616834500189606e-8  0.2673933737186782
4.439129013353558e-8  0.2695309548481739
4.7165745766881556e-8  0.269379859509923
4.9940201400227525e-8  0.27140712448999443
5.27146570335735e-8  0.27187550993359055
5.5489112666919475e-8  0.27062415836436776
5.826356830026545e-8  0.2723742939024624
6.103802393361143e-8  0.27307412234024214
6.38124795669574e-8  0.272710624706665
6.658693520030338e-8  0.27307645346049236
6.936139083364934e-8  0.2728715762755302
7.213584646699531e-8  0.27444248617048905
7.49103021003413e-8  0.27266404774966535
7.768475773368726e-8  0.2751766421028499
8.045921336703324e-8  0.27472350911413923
8.323366900037921e-8  0.275604341812107
8.600812463372518e-8  0.2771523870194359
8.878258026707116e-8  0.2769104626924569
9.155703590041713e-8  0.27875637474315695
9.433149153376311e-8  0.27856645534564556
9.710594716710908e-8  0.2774753257481253
9.988040280045505e-8  0.2767524526308031
1.0265485843380103e-7  0.27671969444855
1.05429314067147e-7  0.2769756330217986
1.0820376970049298e-7  0.2784197958728137
1.1097822533383895e-7  0.2799104793932528
1.1375268096718492e-7  0.2780566890745726
1.165271366005309e-7  0.2804260430484464
1.1930159223387688e-7  0.2777101554691328
1.2207604786722285e-7  0.28010598933676084
1.2485050350056882e-7  0.27890198740495004
1.276249591339148e-7  0.28028281471416794
1.3039941476726076e-7  0.28016106188466666
1.3317387040060675e-7  0.28115385520091485
1.3594832603395272e-7  0.2812214920051554
1.387227816672987e-7  0.28060049536031706
