2.774455633345974e-9  0.31859665687646666
5.548911266691948e-9  0.3384499117525768
8.323366900037922e-9  0.3501948298861105
1.1097822533383895e-8  0.35852333343356174
1.3872278166729869e-8  0.36457794639025626
1.6646733800075844e-8  0.3690046418916329
1.9421189433421816e-8  0.37364514856336856
2.219564506676779e-8  0.37696162767281416
2.4970100700113762e-8  0.3801995640073898
2.7744556333459737e-8  0.3843602315012196
3.051901196680571e-8  0.3865539544627603
3.329346760015169e-8  0.3875300855594157
3.6067923233497656e-8  0.3911139496544876
3.884237886684363e-8  0.39440350119515166
4.1616834500189606e-8  0.39788181575309195
4.439129013353558e-8  0.39687391397148597
4.7165745766881556e-8  0.39650215849265974
4.9940201400227525e-8  0.40066123327180175
5.27146570335735e-8  0.3991544788454148
5.5489112666919475e-8  0.4038581126550854
5.826356830026545e-8  0.402748474356127
6.103802393361143e-8  0.40450137593213686
6.38124795669574e-8  0.4066392938109618
6.658693520030338e-8  0.4071399035349499
6.936139083364934e-8  0.40812855303777595
7.213584646699531e-8  0.4093854138969304
7.49103021003413e-8  0.41158982879581063
7.768475773368726e-8  0.41247161703631474
8.045921336703324e-8  0.41134476989944385
8.323366900037921e-8  0.41460189595798197
8.600812463372518e-8  0.4137408316099197
8.878258026707116e-8  0.41468535722058136
9.155703590041713e-8  0.4172033445108455
9.433149153376311e-8  0.4159250962425744
9.710594716710908e-8  0.41628492549275586
9.988040280045505e-8  0.41771793555106224
1.0265485843380103e-7  0.4159567987135285
1.05429314067147e-7  0.4181626154392539
1.0820376970049298e-7  0.4217820789810672
1.1097822533383895e-7  0.4242276222315903
1.1375268096718492e-7  0.42061547420499057
1.165271366005309e-7  0.4226628852200712
1.1930159223387688e-7  0.4213409298788473
1.2207604786722285e-7  0.4196938847743523
1.2485050350056882e-7  0.42307754606452436
1.276249591339148e-7  0.4233762930473665
1.3039941476726076e-7  0.42408223977305937
1.3317387040060675e-7  0.42871594554033216
1.3594832603395272e-7  0.4271453152848059
1.387227816672987e-7  0.4262311537146188
