2.774455633345974e-9  0.2882731554986011
5.548911266691948e-9  0.29081629763675976
8.323366900037922e-9  0.29238255698090965
1.1097822533383895e-8  0.29399939647356466
1.3872278166729869e-8  0.2955892069863786
1.6646733800075844e-8  0.2952605951048192
1.9421189433421816e-8  0.29427172927762935
2.219564506676779e-8  0.2959920515368392
2.4970100700113762e-8  0.29546640314047384
2.7744556333459737e-8  0.2973983569190844
3.051901196680571e-8  0.29786822563010706
3.329346760015169e-8  0.2974510355208937
3.6067923233497656e-8  0.29844007005469403
3.884237886684363e-8  0.2963579150682837
4.1616834500189606e-8  0.29789329447552154
4.439129013353558e-8  0.2993401656321926
4.7165745766881556e-8  0.3007486284583681
4.9940201400227525e-8  0.299290137477584
5.27146570335735e-8  0.29897948208579067
5.5489112666919475e-8  0.29854528431539984
5.826356830026545e-8  0.29760796874295475
6.103802393361143e-8  0.29889297716102675
6.38124795669574e-8  0.2961673588246136
6.658693520030338e-8  0.29922175987013394
6.936139083364934e-8  0.2991430553721742
7.213584646699531e-8  0.298161367383552
7.49103021003413e-8  0.29676295679141407
7.768475773368726e-8  0.3000811325151618
8.045921336703324e-8  0.2997110879246355
8.323366900037921e-8  0.30118142444364104
8.600812463372518e-8  0.30173768959691794
8.878258026707116e-8  0.29876519351588854
9.155703590041713e-8  0.3004928512372369
9.433149153376311e-8  0.30005818795753436
9.710594716710908e-8  0.3024248424023967
9.988040280045505e-8  0.30088887039197904
1.0265485843380103e-7  0.298500541068973
1.05429314067147e-7  0.3015697685491396
1.0820376970049298e-7  0.3026524543096162
1.1097822533383895e-7  0.30042259270035704
1.1375268096718492e-7  0.30138325486469403
1.165271366005309e-7  0.302168623543689
1.1930159223387688e-7  0.3010852189078404
1.2207604786722285e-7  0.2959350223177164
1.2485050350056882e-7  0.29870086749878066
1.276249591339148e-7  0.2991693854911189
1.3039941476726076e-7  0.29794137224991424
1.3317387040060675e-7  0.2966869376302609
1.3594832603395272e-7  0.30210619510430464
1.387227816672987e-7  0.30043883928744025
