2.774455633345974e-9  0.36721951539446807
5.548911266691948e-9  0.39290529005973124
8.323366900037922e-9  0.4077466945624621
1.1097822533383895e-8  0.4179383316919693
1.3872278166729869e-8  0.42534851934554285
1.6646733800075844e-8  0.43196466361804503
1.9421189433421816e-8  0.43895904334000724
2.219564506676779e-8  0.44326144309147464
2.4970100700113762e-8  0.44716705867562717
2.7744556333459737e-8  0.45176392121660736
3.051901196680571e-8  0.4559474292551357
3.329346760015169e-8  0.4583936306286078
3.6067923233497656e-8  0.46308361680641175
3.884237886684363e-8  0.4637532525633849
4.1616834500189606e-8  0.4709271905645287
4.439129013353558e-8  0.47030650682720965
4.7165745766881556e-8  0.47092219448454625
4.9940201400227525e-8  0.4706952678854487
5.27146570335735e-8  0.4729579621973629
5.5489112666919475e-8  0.47743446151516156
5.826356830026545e-8  0.4785030215512888
6.103802393361143e-8  0.4793997300761561
6.38124795669574e-8  0.4805804431106973
6.658693520030338e-8  0.48360315531789644
6.936139083364934e-8  0.48370051009925913
7.213584646699531e-8  0.48651175309113076
7.49103021003413e-8  0.4871895704773333
7.768475773368726e-8  0.4919083404083645
8.045921336703324e-8  0.49001905270401386
8.323366900037921e-8  0.49289430161717823
8.600812463372518e-8  0.49389804333055415
8.878258026707116e-8  0.49457763354519607
9.155703590041713e-8  0.49426284410379295
9.433149153376311e-8  0.49487419105277686
9.710594716710908e-8  0.4963585972001136
9.988040280045505e-8  0.49563290577355623
1.0265485843380103e-7  0.49477206259178064
1.05429314067147e-7  0.49833332289069693
1.0820376970049298e-7  0.49962578340981845
1.1097822533383895e-7  0.5008684769041115
1.1375268096718492e-7  0.5019287433189729
1.165271366005309e-7  0.5022243598661491
1.1930159223387688e-7  0.5003954097472006
1.2207604786722285e-7  0.5039544688049217
1.2485050350056882e-7  0.5023350076744049
1.276249591339148e-7  0.506057654698351
1.3039941476726076e-7  0.5065233424690563
1.3317387040060675e-7  0.5077357530870821
1.3594832603395272e-7  0.50925572034257
1.387227816672987e-7  0.5082247580863225
