2.774455633345974e-9  0.41649360589222995
5.548911266691948e-9  0.4486813111431757
8.323366900037922e-9  0.4676670863871267
1.1097822533383895e-8  0.4814391349603663
1.3872278166729869e-8  0.49219243318177835
1.6646733800075844e-8  0.49937479778276467
1.9421189433421816e-8  0.5070939586075351
2.219564506676779e-8  0.513826527254287
2.4970100700113762e-8  0.5197606123076721
2.7744556333459737e-8  0.5224466771568486
3.051901196680571e-8  0.5275248342799567
3.329346760015169e-8  0.5321936508885631
3.6067923233497656e-8  0.5354803147923769
3.884237886684363e-8  0.5389247123260302
4.1616834500189606e-8  0.5415863112034355
4.439129013353558e-8  0.5442923265966891
4.7165745766881556e-8  0.5500394414748503
4.9940201400227525e-8  0.5477053594398918
5.27146570335735e-8  0.5539734098612794
5.5489112666919475e-8  0.5553512744079504
5.826356830026545e-8  0.5565426646033795
6.103802393361143e-8  0.5582438958659344
6.38124795669574e-8  0.5599673936471589
6.658693520030338e-8  0.5625599718537297
6.936139083364934e-8  0.5669272061302703
7.213584646699531e-8  0.56873370225449
7.49103021003413e-8  0.5674486080113019
7.768475773368726e-8  0.5700949178825787
8.045921336703324e-8  0.5740306778786932
8.323366900037921e-8  0.5722505803996426
8.600812463372518e-8  0.5753003116966726
8.878258026707116e-8  0.5777801963649104
9.155703590041713e-8  0.5791692847815662
9.433149153376311e-8  0.5786732630393275
9.710594716710908e-8  0.582155881535908
9.988040280045505e-8  0.5840234736463927
1.0265485843380103e-7  0.5811110586251429
1.05429314067147e-7  0.5838913437064519
1.0820376970049298e-7  0.5872580433465903
1.1097822533383895e-7  0.5871527754177656
1.1375268096718492e-7  0.5867006552559143
1.165271366005309e-7  0.5883389980798377
1.1930159223387688e-7  0.588783204974399
1.2207604786722285e-7  0.5895259110344281
1.2485050350056882e-7  0.5905975102774689
1.276249591339148e-7  0.5918429683657369
1.3039941476726076e-7  0.592348247490432
1.3317387040060675e-7  0.5936678709177882
1.3594832603395272e-7  0.5923595325279786
1.387227816672987e-7  0.5989591546688312
