2.774455633345974e-9  2.681650867047655
5.548911266691948e-9  2.9539668043606455
8.323366900037922e-9  3.113142438792297
1.1097822533383895e-8  3.226137353549527
1.3872278166729869e-8  3.313816788321719
1.6646733800075844e-8  3.3855900673695234
1.9421189433421816e-8  3.4465198982671956
2.219564506676779e-8  3.4994227387292534
2.4970100700113762e-8  3.5453909265847146
2.7744556333459737e-8  3.588306363369705
3.051901196680571e-8  3.6252894209991506
3.329346760015169e-8  3.660661954717543
3.6067923233497656e-8  3.6973284844099052
3.884237886684363e-8  3.7236771099195405
4.1616834500189606e-8  3.7517651578932085
4.439129013353558e-8  3.773627257862001
4.7165745766881556e-8  3.799846293652386
4.9940201400227525e-8  3.8212760268908275
5.27146570335735e-8  3.841008328385196
5.5489112666919475e-8  3.86508686021881
5.826356830026545e-8  3.881268107878915
6.103802393361143e-8  3.9033767431514157
6.38124795669574e-8  3.9194619156507637
6.658693520030338e-8  3.9458828368189818
6.936139083364934e-8  3.9678553644291963
7.213584646699531e-8  3.9822182487142097
7.49103021003413e-8  3.9940409549495923
7.768475773368726e-8  3.9999548701153635
8.045921336703324e-8  4.006391219430508
8.323366900037921e-8  4.017448258913928
8.600812463372518e-8  4.031155236265734
8.878258026707116e-8  4.049077603799566
9.155703590041713e-8  4.0650269822282254
9.433149153376311e-8  4.070260656243492
9.710594716710908e-8  4.08616463324247
9.988040280045505e-8  4.088938430147695
1.0265485843380103e-7  4.1004478345026625
1.05429314067147e-7  4.117336375145717
1.0820376970049298e-7  4.138969650949597
1.1097822533383895e-7  4.145506347631975
1.1375268096718492e-7  4.1495679487543615
1.165271366005309e-7  4.158683107387624
1.1930159223387688e-7  4.154413765207341
1.2207604786722285e-7  4.181436688194088
1.2485050350056882e-7  4.177078011657802
1.276249591339148e-7  4.187277479207813
1.3039941476726076e-7  4.21228308295683
1.3317387040060675e-7  4.224661206535301
1.3594832603395272e-7  4.231476756034643
1.387227816672987e-7  4.240220568593299
