2.774455633345974e-9  0.37552138914277317
5.548911266691948e-9  0.3842141333811032
8.323366900037922e-9  0.3912286880106335
1.1097822533383895e-8  0.39234251248624646
1.3872278166729869e-8  0.3965895839179746
1.6646733800075844e-8  0.398597130308336
1.9421189433421816e-8  0.3989115052796282
2.219564506676779e-8  0.3992496078594193
2.4970100700113762e-8  0.40099633516036665
2.7744556333459737e-8  0.4016890597876856
3.051901196680571e-8  0.4090389134095662
3.329346760015169e-8  0.4069515171143875
3.6067923233497656e-8  0.4022794445392854
3.884237886684363e-8  0.40785193987929097
4.1616834500189606e-8  0.4077654110313757
4.439129013353558e-8  0.4078214632840085
4.7165745766881556e-8  0.4124173323203795
4.9940201400227525e-8  0.4125265011717117
5.27146570335735e-8  0.40985240911602017
5.5489112666919475e-8  0.4070996362879046
5.826356830026545e-8  0.41205623084093745
6.103802393361143e-8  0.4134482175619776
6.38124795669574e-8  0.41510274001213754
6.658693520030338e-8  0.41667463100714713
6.936139083364934e-8  0.41380185167306743
7.213584646699531e-8  0.4143904764776947
7.49103021003413e-8  0.4141188297677129
7.768475773368726e-8  0.4109412574400708
8.045921336703324e-8  0.4149790523841786
8.323366900037921e-8  0.41622079443620535
8.600812463372518e-8  0.41561928210468846
8.878258026707116e-8  0.4151640595786556
9.155703590041713e-8  0.4139309367842845
9.433149153376311e-8  0.41234435945096665
9.710594716710908e-8  0.41578469897892734
9.988040280045505e-8  0.4129975657371447
1.0265485843380103e-7  0.417244811097202
1.05429314067147e-7  0.4192444820719375
1.0820376970049298e-7  0.421109990001724
1.1097822533383895e-7  0.42073836186833247
1.1375268096718492e-7  0.4144975110772143
1.165271366005309e-7  0.41974997931635816
1.1930159223387688e-7  0.4213326478368641
1.2207604786722285e-7  0.42167824094133805
1.2485050350056882e-7  0.4143718210514811
1.276249591339148e-7  0.42172074400800474
1.3039941476726076e-7  0.4236833020205442
1.3317387040060675e-7  0.4249472122757155
1.3594832603395272e-7  0.4254670853648321
1.387227816672987e-7  0.41912136510997877
