2.774455633345974e-9  0.8352555244909302
5.548911266691948e-9  0.8879846189141858
8.323366900037922e-9  0.9187946276286044
1.1097822533383895e-8  0.9409817006552524
1.3872278166729869e-8  0.9592511491114598
1.6646733800075844e-8  0.9731259377705349
1.9421189433421816e-8  0.9849016965957788
2.219564506676779e-8  0.995810589182262
2.4970100700113762e-8  1.006105662792328
2.7744556333459737e-8  1.0161630988112378
3.051901196680571e-8  1.0206683182584404
3.329346760015169e-8  1.0266459147574012
3.6067923233497656e-8  1.0328049921899745
3.884237886684363e-8  1.0396885186324505
4.1616834500189606e-8  1.0452624203932968
4.439129013353558e-8  1.0512314163134515
4.7165745766881556e-8  1.0557145510507613
4.9940201400227525e-8  1.0572985061952498
5.27146570335735e-8  1.0631499472201504
5.5489112666919475e-8  1.070411948475019
5.826356830026545e-8  1.0771274410214482
6.103802393361143e-8  1.075776316478994
6.38124795669574e-8  1.0739283745233292
6.658693520030338e-8  1.083525029781456
6.936139083364934e-8  1.0829097200453515
7.213584646699531e-8  1.0838925357957605
7.49103021003413e-8  1.0902802797685196
7.768475773368726e-8  1.09115953919283
8.045921336703324e-8  1.0891822840602563
8.323366900037921e-8  1.0935621263506383
8.600812463372518e-8  1.0940184241704687
8.878258026707116e-8  1.0991109235687178
9.155703590041713e-8  1.106749557688391
9.433149153376311e-8  1.1062818363657987
9.710594716710908e-8  1.1050610167387083
9.988040280045505e-8  1.1106533697375698
1.0265485843380103e-7  1.115291871741967
1.05429314067147e-7  1.1178031599978988
1.0820376970049298e-7  1.1215970224502343
1.1097822533383895e-7  1.1208823426189771
1.1375268096718492e-7  1.1252796724281413
1.165271366005309e-7  1.1247281315770574
1.1930159223387688e-7  1.1343506812982218
1.2207604786722285e-7  1.1296949459849397
1.2485050350056882e-7  1.1273656249480222
1.276249591339148e-7  1.125055294182661
1.3039941476726076e-7  1.1326296482831748
1.3317387040060675e-7  1.1266704569246746
1.3594832603395272e-7  1.1279669157919483
1.387227816672987e-7  1.1296909751914666
