2.774455633345974e-9  0.2751721580607824
5.548911266691948e-9  0.277043766815988
8.323366900037922e-9  0.27800890220516766
1.1097822533383895e-8  0.27936412213110023
1.3872278166729869e-8  0.27973966632875785
1.6646733800075844e-8  0.2792679470982014
1.9421189433421816e-8  0.2797965750324938
2.219564506676779e-8  0.2804360794369678
2.4970100700113762e-8  0.2822477630120084
2.7744556333459737e-8  0.28140149238461654
3.051901196680571e-8  0.2810953859894483
3.329346760015169e-8  0.2814138562792364
3.6067923233497656e-8  0.2816147282555692
3.884237886684363e-8  0.28140251254454607
4.1616834500189606e-8  0.28073390024554246
4.439129013353558e-8  0.2841715787444861
4.7165745766881556e-8  0.2831938946555884
4.9940201400227525e-8  0.2824460891452222
5.27146570335735e-8  0.28332778012610393
5.5489112666919475e-8  0.2844081551114677
5.826356830026545e-8  0.2829521654318664
6.103802393361143e-8  0.28440916231854335
6.38124795669574e-8  0.28187245860432997
6.658693520030338e-8  0.28144243765473587
6.936139083364934e-8  0.28261406876275996
7.213584646699531e-8  0.2798282980647923
7.49103021003413e-8  0.28247516439574677
7.768475773368726e-8  0.2791503093818347
8.045921336703324e-8  0.2825407822509412
8.323366900037921e-8  0.2802338475874194
8.600812463372518e-8  0.2780363420863478
8.878258026707116e-8  0.28141195366303784
9.155703590041713e-8  0.2862582229889349
9.433149153376311e-8  0.2852663276837335
9.710594716710908e-8  0.28423250377120335
9.988040280045505e-8  0.28156347313975755
1.0265485843380103e-7  0.27687926006222224
1.05429314067147e-7  0.28271856496598435
1.0820376970049298e-7  0.2851058948927388
1.1097822533383895e-7  0.2809684951912968
1.1375268096718492e-7  0.2841944504320375
1.165271366005309e-7  0.28349556821629823
1.1930159223387688e-7  0.28318597277408725
1.2207604786722285e-7  0.28584496361071227
1.2485050350056882e-7  0.2859621233300862
1.276249591339148e-7  0.2838107032786354
1.3039941476726076e-7  0.281197751652759
1.3317387040060675e-7  0.2821776622522651
1.3594832603395272e-7  0.27968473315154063
1.387227816672987e-7  0.2861197829288541
