2.774455633345974e-9  0.22124267549280793
5.548911266691948e-9  0.22175664486840782
8.323366900037922e-9  0.22246498890152536
1.1097822533383895e-8  0.2224164260347896
1.3872278166729869e-8  0.22209836799901217
1.6646733800075844e-8  0.22301416187383638
1.9421189433421816e-8  0.22250956076892472
2.219564506676779e-8  0.21982310115685785
2.4970100700113762e-8  0.22063827512200546
2.7744556333459737e-8  0.21979342533458052
3.051901196680571e-8  0.22242592411105674
3.329346760015169e-8  0.22234082890485546
3.6067923233497656e-8  0.2217556314854525
3.884237886684363e-8  0.22168332554303047
4.1616834500189606e-8  0.2195680919883555
4.439129013353558e-8  0.2209581887933204
4.7165745766881556e-8  0.22133202050237655
4.9940201400227525e-8  0.221098018964723
5.27146570335735e-8  0.2217510948369499
5.5489112666919475e-8  0.21903909358299914
5.826356830026545e-8  0.22184803566114958
6.103802393361143e-8  0.2222346246608805
6.38124795669574e-8  0.2218814682032092
6.658693520030338e-8  0.22230354217041673
6.936139083364934e-8  0.22128412005925854
7.213584646699531e-8  0.22060182790291522
7.49103021003413e-8  0.2202459742167301
7.768475773368726e-8  0.22076746784549742
8.045921336703324e-8  0.21979230133020017
8.323366900037921e-8  0.22139124079817124
8.600812463372518e-8  0.21776629749809048
8.878258026707116e-8  0.22238841330643402
9.155703590041713e-8  0.21905370682106648
9.433149153376311e-8  0.21831159879517897
9.710594716710908e-8  0.21986183954419863
9.988040280045505e-8  0.21889328840777136
1.0265485843380103e-7  0.22033020798756586
1.05429314067147e-7  0.21989875555492208
1.0820376970049298e-7  0.21993426733459587
1.1097822533383895e-7  0.22086631217485628
1.1375268096718492e-7  0.2193340124977441
1.165271366005309e-7  0.2182620436539738
1.1930159223387688e-7  0.2207781794771013
1.2207604786722285e-7  0.22167695710327356
1.2485050350056882e-7  0.2203202430291829
1.276249591339148e-7  0.22231414148858572
1.3039941476726076e-7  0.2209206027206342
1.3317387040060675e-7  0.2232695890358934
1.3594832603395272e-7  0.22312223990986033
1.387227816672987e-7  0.22117922962208406
