2.774455633345974e-9  0.2780701645035377
5.548911266691948e-9  0.293854257273626
8.323366900037922e-9  0.3027878390880229
1.1097822533383895e-8  0.3095848537662944
1.3872278166729869e-8  0.31467687266248007
1.6646733800075844e-8  0.31858566704071245
1.9421189433421816e-8  0.32210021450898746
2.219564506676779e-8  0.3263242905740207
2.4970100700113762e-8  0.3285253193765267
2.7744556333459737e-8  0.33079984520197075
3.051901196680571e-8  0.33280930218126653
3.329346760015169e-8  0.33434232537819003
3.6067923233497656e-8  0.3352568775190506
3.884237886684363e-8  0.33810649304153806
4.1616834500189606e-8  0.3388104349344067
4.439129013353558e-8  0.34136232848027737
4.7165745766881556e-8  0.34328958209192456
4.9940201400227525e-8  0.34338809616157134
5.27146570335735e-8  0.34369172409628407
5.5489112666919475e-8  0.34401158092244477
5.826356830026545e-8  0.346788255579519
6.103802393361143e-8  0.3472172828161196
6.38124795669574e-8  0.3482764323592174
6.658693520030338e-8  0.34803379283057123
6.936139083364934e-8  0.3492219860022186
7.213584646699531e-8  0.34971545373743856
7.49103021003413e-8  0.3515591348297236
7.768475773368726e-8  0.35110505157480587
8.045921336703324e-8  0.35363659234724754
8.323366900037921e-8  0.35293383472160234
8.600812463372518e-8  0.3542074607839914
8.878258026707116e-8  0.35546199278545637
9.155703590041713e-8  0.35684250177138904
9.433149153376311e-8  0.35502443038778636
9.710594716710908e-8  0.3569931668501146
9.988040280045505e-8  0.3574590640478752
1.0265485843380103e-7  0.35760291075123124
1.05429314067147e-7  0.35725617336778975
1.0820376970049298e-7  0.35795566655519095
1.1097822533383895e-7  0.3604131035214145
1.1375268096718492e-7  0.3552421503820599
1.165271366005309e-7  0.3603841686641617
1.1930159223387688e-7  0.3610590252196363
1.2207604786722285e-7  0.3630686877136745
1.2485050350056882e-7  0.36221816804960955
1.276249591339148e-7  0.36126707805212216
1.3039941476726076e-7  0.36164234206898344
1.3317387040060675e-7  0.36505895676202
1.3594832603395272e-7  0.3644215272254978
1.387227816672987e-7  0.3604868785661824
