2.774455633345974e-9  0.2871088866080766
5.548911266691948e-9  0.28983754610420354
8.323366900037922e-9  0.291579218731535
1.1097822533383895e-8  0.2928406738021487
1.3872278166729869e-8  0.2936936963258418
1.6646733800075844e-8  0.29494280452265903
1.9421189433421816e-8  0.29572067622983633
2.219564506676779e-8  0.29530818953505067
2.4970100700113762e-8  0.2963502209503165
2.7744556333459737e-8  0.29679645651584113
3.051901196680571e-8  0.2973399003607676
3.329346760015169e-8  0.2994432313222439
3.6067923233497656e-8  0.30034019253295935
3.884237886684363e-8  0.29875428093398254
4.1616834500189606e-8  0.29876908763200194
4.439129013353558e-8  0.2987127979018242
4.7165745766881556e-8  0.2980925809441861
4.9940201400227525e-8  0.2984086198305693
5.27146570335735e-8  0.2988264403572936
5.5489112666919475e-8  0.29998995061689016
5.826356830026545e-8  0.299087810159271
6.103802393361143e-8  0.3006831027174058
6.38124795669574e-8  0.30245832145414214
6.658693520030338e-8  0.30346035361375767
6.936139083364934e-8  0.30179517693204255
7.213584646699531e-8  0.3021563276331992
7.49103021003413e-8  0.30052460411305115
7.768475773368726e-8  0.2995691164856878
8.045921336703324e-8  0.3008835526694625
8.323366900037921e-8  0.30108169743903457
8.600812463372518e-8  0.2995979368115961
8.878258026707116e-8  0.2986848001931107
9.155703590041713e-8  0.30039181102034823
9.433149153376311e-8  0.29954307537648334
9.710594716710908e-8  0.29929651175278826
9.988040280045505e-8  0.2996710545700486
1.0265485843380103e-7  0.29917116994750215
1.05429314067147e-7  0.2985740716977307
1.0820376970049298e-7  0.299612661196278
1.1097822533383895e-7  0.2979009068803288
1.1375268096718492e-7  0.29857795013704447
1.165271366005309e-7  0.30065484003494525
1.1930159223387688e-7  0.3012457253857106
1.2207604786722285e-7  0.29867775858045886
1.2485050350056882e-7  0.30410622555076927
1.276249591339148e-7  0.3022039748389262
1.3039941476726076e-7  0.3036174628900544
1.3317387040060675e-7  0.303801851160058
1.3594832603395272e-7  0.2997219216958636
1.387227816672987e-7  0.302087476352679
