2.774455633345974e-9  0.52804123383589
5.548911266691948e-9  0.5500828258640662
8.323366900037922e-9  0.5622039970183805
1.1097822533383895e-8  0.5724588950312095
1.3872278166729869e-8  0.5783011200810344
1.6646733800075844e-8  0.5834168725846197
1.9421189433421816e-8  0.5879335735682206
2.219564506676779e-8  0.5939635609254864
2.4970100700113762e-8  0.5964764971829168
2.7744556333459737e-8  0.5999722586230561
3.051901196680571e-8  0.6012014749065656
3.329346760015169e-8  0.603141139423364
3.6067923233497656e-8  0.5926613589106906
3.884237886684363e-8  0.6075711646503382
4.1616834500189606e-8  0.6105015113306868
4.439129013353558e-8  0.6143893961941123
4.7165745766881556e-8  0.6163234740484156
4.9940201400227525e-8  0.6165705445270586
5.27146570335735e-8  0.6188626279329164
5.5489112666919475e-8  0.6207480165241055
5.826356830026545e-8  0.6227558798801422
6.103802393361143e-8  0.6193206403818555
6.38124795669574e-8  0.6259019620916583
6.658693520030338e-8  0.6252000273691111
6.936139083364934e-8  0.6241460236267828
7.213584646699531e-8  0.6274520652762827
7.49103021003413e-8  0.6285058174819617
7.768475773368726e-8  0.6324573932559514
8.045921336703324e-8  0.628041097642839
8.323366900037921e-8  0.6350520801332151
8.600812463372518e-8  0.6322034440613834
8.878258026707116e-8  0.6365383270656277
9.155703590041713e-8  0.6455600882062543
9.433149153376311e-8  0.6390978230251972
9.710594716710908e-8  0.6353531266362635
9.988040280045505e-8  0.6349538016135441
1.0265485843380103e-7  0.6400847154041059
1.05429314067147e-7  0.638533894031949
1.0820376970049298e-7  0.6407931495924452
1.1097822533383895e-7  0.6345444065749919
1.1375268096718492e-7  0.6365766541713219
1.165271366005309e-7  0.6395883915478532
1.1930159223387688e-7  0.6407765721962174
1.2207604786722285e-7  0.6394819984727015
1.2485050350056882e-7  0.642085936141712
1.276249591339148e-7  0.6360465707633112
1.3039941476726076e-7  0.6446454190242367
1.3317387040060675e-7  0.6448990483651053
1.3594832603395272e-7  0.641825119686533
1.387227816672987e-7  0.6455280124327357
