2.774455633345974e-9  0.8949742765308943
5.548911266691948e-9  0.9550041463739264
8.323366900037922e-9  0.9903308850263256
1.1097822533383895e-8  1.0153138755654174
1.3872278166729869e-8  1.0347890553120818
1.6646733800075844e-8  1.0514085789333623
1.9421189433421816e-8  1.065355128420224
2.219564506676779e-8  1.076812519453714
2.4970100700113762e-8  1.0875660076528189
2.7744556333459737e-8  1.0956467660199007
3.051901196680571e-8  1.1059840193474688
3.329346760015169e-8  1.1142308426847756
3.6067923233497656e-8  1.1226369465839943
3.884237886684363e-8  1.1247553796045873
4.1616834500189606e-8  1.1324225306832192
4.439129013353558e-8  1.1389047847142695
4.7165745766881556e-8  1.1420654799581953
4.9940201400227525e-8  1.150348354585381
5.27146570335735e-8  1.1519351028366838
5.5489112666919475e-8  1.1585466983061954
5.826356830026545e-8  1.1651746903023275
6.103802393361143e-8  1.1670967303339634
6.38124795669574e-8  1.1765858952190176
6.658693520030338e-8  1.1806981064202333
6.936139083364934e-8  1.182817587902136
7.213584646699531e-8  1.1807703821541473
7.49103021003413e-8  1.1859206225210455
7.768475773368726e-8  1.1844602524513672
8.045921336703324e-8  1.1859565951888251
8.323366900037921e-8  1.1888277501128879
8.600812463372518e-8  1.1929305052431225
8.878258026707116e-8  1.1927288838027061
9.155703590041713e-8  1.2015197808395177
9.433149153376311e-8  1.2050816919920846
9.710594716710908e-8  1.2049937375104947
9.988040280045505e-8  1.2067742992577852
1.0265485843380103e-7  1.2080712693366227
1.05429314067147e-7  1.2095599879568224
1.0820376970049298e-7  1.212079042303125
1.1097822533383895e-7  1.2225324132396704
1.1375268096718492e-7  1.2165921976392786
1.165271366005309e-7  1.2261298598576178
1.1930159223387688e-7  1.225244717678946
1.2207604786722285e-7  1.2264172587286022
1.2485050350056882e-7  1.2343210410913221
1.276249591339148e-7  1.2262316251956287
1.3039941476726076e-7  1.2343973015891911
1.3317387040060675e-7  1.2407042935772625
1.3594832603395272e-7  1.2363914092504913
1.387227816672987e-7  1.2424312791054823
