2.774455633345974e-9  0.627490535734442
5.548911266691948e-9  0.6585336609373975
8.323366900037922e-9  0.6772056567975374
1.1097822533383895e-8  0.6905836870763349
1.3872278166729869e-8  0.7003152502845147
1.6646733800075844e-8  0.7083378547327923
1.9421189433421816e-8  0.7146610752080946
2.219564506676779e-8  0.7195821569483326
2.4970100700113762e-8  0.7258445550492497
2.7744556333459737e-8  0.7321808683360697
3.051901196680571e-8  0.7361032377694433
3.329346760015169e-8  0.742635262722858
3.6067923233497656e-8  0.743014864747004
3.884237886684363e-8  0.7455766723509432
4.1616834500189606e-8  0.7507562302020045
4.439129013353558e-8  0.75326509844141
4.7165745766881556e-8  0.7524768216721723
4.9940201400227525e-8  0.7585865487243383
5.27146570335735e-8  0.7593316776041724
5.5489112666919475e-8  0.7647234233746597
5.826356830026545e-8  0.7619799175834354
6.103802393361143e-8  0.7707517112346348
6.38124795669574e-8  0.7711613924841273
6.658693520030338e-8  0.7758927618432147
6.936139083364934e-8  0.7666428361515345
7.213584646699531e-8  0.7684293190248542
7.49103021003413e-8  0.770192023964276
7.768475773368726e-8  0.7737536694523198
8.045921336703324e-8  0.7808833854486836
8.323366900037921e-8  0.776124288910914
8.600812463372518e-8  0.7702881961853738
8.878258026707116e-8  0.7798291486636578
9.155703590041713e-8  0.7828151825698636
9.433149153376311e-8  0.783059381920292
9.710594716710908e-8  0.7868581269135285
9.988040280045505e-8  0.786410454428302
1.0265485843380103e-7  0.7850812855697629
1.05429314067147e-7  0.7907363520414272
1.0820376970049298e-7  0.7894434257579858
1.1097822533383895e-7  0.797407069197267
1.1375268096718492e-7  0.7975871376103721
1.165271366005309e-7  0.7918619419820077
1.1930159223387688e-7  0.7907228018445439
1.2207604786722285e-7  0.7958581841288028
1.2485050350056882e-7  0.805139064007533
1.276249591339148e-7  0.7996411457198781
1.3039941476726076e-7  0.8019235077756552
1.3317387040060675e-7  0.7927907963254757
1.3594832603395272e-7  0.7943727459532379
1.387227816672987e-7  0.798807352858362
