2.774455633345974e-9  0.24506564765816563
5.548911266691948e-9  0.24544990203875738
8.323366900037922e-9  0.24593252402157764
1.1097822533383895e-8  0.24618283715802192
1.3872278166729869e-8  0.24634396972842593
1.6646733800075844e-8  0.24730256751280436
1.9421189433421816e-8  0.24703068902649325
2.219564506676779e-8  0.2467101703117439
2.4970100700113762e-8  0.24628349722033613
2.7744556333459737e-8  0.24682240604051509
3.051901196680571e-8  0.2492154031409371
3.329346760015169e-8  0.24939223226590512
3.6067923233497656e-8  0.24782116936942575
3.884237886684363e-8  0.24717930273297076
4.1616834500189606e-8  0.24647450690161224
4.439129013353558e-8  0.24749779874876485
4.7165745766881556e-8  0.24798521412476487
4.9940201400227525e-8  0.24722317660721316
5.27146570335735e-8  0.24622336790527294
5.5489112666919475e-8  0.24566222368882523
5.826356830026545e-8  0.2470459265001798
6.103802393361143e-8  0.2489575523121958
6.38124795669574e-8  0.2492407144243587
6.658693520030338e-8  0.2468133728267422
6.936139083364934e-8  0.24878653141985577
7.213584646699531e-8  0.24542631383160263
7.49103021003413e-8  0.24793628919248226
7.768475773368726e-8  0.24687982782883322
8.045921336703324e-8  0.2464421280982824
8.323366900037921e-8  0.2472452645188823
8.600812463372518e-8  0.24517075965879223
8.878258026707116e-8  0.24609997608777104
9.155703590041713e-8  0.24661898289752957
9.433149153376311e-8  0.24683855719482126
9.710594716710908e-8  0.2460839061974242
9.988040280045505e-8  0.2454528849424045
1.0265485843380103e-7  0.24454787722854518
1.05429314067147e-7  0.2464630155835462
1.0820376970049298e-7  0.24632948975219235
1.1097822533383895e-7  0.2461845279224689
1.1375268096718492e-7  0.245611989902325
1.165271366005309e-7  0.2461289497864531
1.1930159223387688e-7  0.24709329744425992
1.2207604786722285e-7  0.24254166362024818
1.2485050350056882e-7  0.24792255152637813
1.276249591339148e-7  0.2480678751278865
1.3039941476726076e-7  0.24688642814211692
1.3317387040060675e-7  0.24574854141078753
1.3594832603395272e-7  0.24782611746666242
1.387227816672987e-7  0.24830290069394045
