2.774455633345974e-9  0.46164854611754735
5.548911266691948e-9  0.4791485709334502
8.323366900037922e-9  0.4892284102388429
1.1097822533383895e-8  0.496601737848156
1.3872278166729869e-8  0.5023208435966311
1.6646733800075844e-8  0.5069330320538386
1.9421189433421816e-8  0.5108644580242864
2.219564506676779e-8  0.5147627536618944
2.4970100700113762e-8  0.5183879929597057
2.7744556333459737e-8  0.520067622573019
3.051901196680571e-8  0.5219364107637491
3.329346760015169e-8  0.5236340382003347
3.6067923233497656e-8  0.5270710863814669
3.884237886684363e-8  0.5292795833442158
4.1616834500189606e-8  0.5292674217438605
4.439129013353558e-8  0.5311262358658155
4.7165745766881556e-8  0.5326352336270892
4.9940201400227525e-8  0.5367240817833374
5.27146570335735e-8  0.534966618808041
5.5489112666919475e-8  0.5391488473968967
5.826356830026545e-8  0.5397940972284244
6.103802393361143e-8  0.538480609571172
6.38124795669574e-8  0.5383797818335627
6.658693520030338e-8  0.5415801889637136
6.936139083364934e-8  0.5429115836534889
7.213584646699531e-8  0.5421364696346893
7.49103021003413e-8  0.5459301455553502
7.768475773368726e-8  0.5467164163542766
8.045921336703324e-8  0.5484179439875774
8.323366900037921e-8  0.5487377308739919
8.600812463372518e-8  0.5485300840282232
8.878258026707116e-8  0.5481869135681415
9.155703590041713e-8  0.5515056331319347
9.433149153376311e-8  0.5521405128014102
9.710594716710908e-8  0.5523509009385572
9.988040280045505e-8  0.554834243343413
1.0265485843380103e-7  0.552698563239937
1.05429314067147e-7  0.547261548442025
1.0820376970049298e-7  0.5529924726314733
1.1097822533383895e-7  0.554492380914325
1.1375268096718492e-7  0.5534453477792205
1.165271366005309e-7  0.5495015363097118
1.1930159223387688e-7  0.5582090774265152
1.2207604786722285e-7  0.5510403863734921
1.2485050350056882e-7  0.5556180452540066
1.276249591339148e-7  0.5550222527313328
1.3039941476726076e-7  0.5578811749862913
1.3317387040060675e-7  0.5636871971961825
1.3594832603395272e-7  0.5595225031052354
1.387227816672987e-7  0.5612869524450878
