2.774455633345974e-9  0.24224116371540272
5.548911266691948e-9  0.2426439781447707
8.323366900037922e-9  0.24414419041368862
1.1097822533383895e-8  0.24305040026948802
1.3872278166729869e-8  0.24248726096671622
1.6646733800075844e-8  0.24389088293597005
1.9421189433421816e-8  0.24203416562410954
2.219564506676779e-8  0.24093927775589025
2.4970100700113762e-8  0.24140992935724395
2.7744556333459737e-8  0.23931817691729862
3.051901196680571e-8  0.24311282152409192
3.329346760015169e-8  0.2433031662763041
3.6067923233497656e-8  0.24182005140210364
3.884237886684363e-8  0.24083921126344185
4.1616834500189606e-8  0.24232296270708356
4.439129013353558e-8  0.24262202040217473
4.7165745766881556e-8  0.2422429443444304
4.9940201400227525e-8  0.24280259011244265
5.27146570335735e-8  0.2401941680400205
5.5489112666919475e-8  0.23923192374980692
5.826356830026545e-8  0.24176611689143865
6.103802393361143e-8  0.24187306179566018
6.38124795669574e-8  0.24212470573410202
6.658693520030338e-8  0.24269763441226616
6.936139083364934e-8  0.24308135942227982
7.213584646699531e-8  0.24098246830758271
7.49103021003413e-8  0.23956872523134576
7.768475773368726e-8  0.239924516870977
8.045921336703324e-8  0.23790729856673545
8.323366900037921e-8  0.2387281441455026
8.600812463372518e-8  0.2381701705883518
8.878258026707116e-8  0.2425424705863143
9.155703590041713e-8  0.24048267038728027
9.433149153376311e-8  0.24019772229208844
9.710594716710908e-8  0.2423517401500304
9.988040280045505e-8  0.24225374270932354
1.0265485843380103e-7  0.2403487618711257
1.05429314067147e-7  0.2405169524109566
1.0820376970049298e-7  0.24074923784317084
1.1097822533383895e-7  0.2410079437347295
1.1375268096718492e-7  0.24087666316001505
1.165271366005309e-7  0.23957682820184245
1.1930159223387688e-7  0.2413488818328363
1.2207604786722285e-7  0.2408887155898584
1.2485050350056882e-7  0.23744998789994448
1.276249591339148e-7  0.24172932568817926
1.3039941476726076e-7  0.24132450027736732
1.3317387040060675e-7  0.24429923610362
1.3594832603395272e-7  0.24191076093745986
1.387227816672987e-7  0.2426095167094855
