2.774455633345974e-9  0.42674739631709885
5.548911266691948e-9  0.46356766853547116
8.323366900037922e-9  0.48528033670244847
1.1097822533383895e-8  0.5010242950331488
1.3872278166729869e-8  0.5133559768087078
1.6646733800075844e-8  0.5247174773327358
1.9421189433421816e-8  0.5324463818719363
2.219564506676779e-8  0.5388517127180894
2.4970100700113762e-8  0.546168543335503
2.7744556333459737e-8  0.5504372714999533
3.051901196680571e-8  0.5579685505280177
3.329346760015169e-8  0.5622622863029076
3.6067923233497656e-8  0.566163204863608
3.884237886684363e-8  0.5710531393198877
4.1616834500189606e-8  0.5731202138735132
4.439129013353558e-8  0.5774427726100716
4.7165745766881556e-8  0.580575338674192
4.9940201400227525e-8  0.5834244686489927
5.27146570335735e-8  0.5869406067023127
5.5489112666919475e-8  0.5888085822898126
5.826356830026545e-8  0.5925818525802234
6.103802393361143e-8  0.5956876007193914
6.38124795669574e-8  0.599601194277611
6.658693520030338e-8  0.6005572734538622
6.936139083364934e-8  0.6003340719896075
7.213584646699531e-8  0.6042552020807409
7.49103021003413e-8  0.6082883933015306
7.768475773368726e-8  0.6065193885442363
8.045921336703324e-8  0.6109079684146322
8.323366900037921e-8  0.6115181088803189
8.600812463372518e-8  0.6114052745621156
8.878258026707116e-8  0.6153444604143347
9.155703590041713e-8  0.6156680531967071
9.433149153376311e-8  0.6196170346640202
9.710594716710908e-8  0.619251297642583
9.988040280045505e-8  0.6205574161332014
1.0265485843380103e-7  0.6223111816204563
1.05429314067147e-7  0.6271293816284687
1.0820376970049298e-7  0.624994991878976
1.1097822533383895e-7  0.6256724830094909
1.1375268096718492e-7  0.6301632532992397
1.165271366005309e-7  0.6313843908837753
1.1930159223387688e-7  0.632468935013733
1.2207604786722285e-7  0.6320521532680109
1.2485050350056882e-7  0.6333537724258704
1.276249591339148e-7  0.634886957951083
1.3039941476726076e-7  0.6351249893620227
1.3317387040060675e-7  0.6365797567300076
1.3594832603395272e-7  0.6350089275199999
1.387227816672987e-7  0.6398885396236054
