2.774455633345974e-9  0.2252060932492466
5.548911266691948e-9  0.22982385242970496
8.323366900037922e-9  0.2327353223102937
1.1097822533383895e-8  0.2353478034822723
1.3872278166729869e-8  0.23670261442525972
1.6646733800075844e-8  0.23759174792747834
1.9421189433421816e-8  0.23837393626738712
2.219564506676779e-8  0.24090950932506738
2.4970100700113762e-8  0.24208823345230335
2.7744556333459737e-8  0.24161842748444876
3.051901196680571e-8  0.24264164149381867
3.329346760015169e-8  0.24207394299587048
3.6067923233497656e-8  0.24204849931032354
3.884237886684363e-8  0.24293701228216283
4.1616834500189606e-8  0.24335601436825768
4.439129013353558e-8  0.24556163025657354
4.7165745766881556e-8  0.24748690431861736
4.9940201400227525e-8  0.24624634743018023
5.27146570335735e-8  0.2461872063660109
5.5489112666919475e-8  0.24483935458835382
5.826356830026545e-8  0.24616259857688252
6.103802393361143e-8  0.2457361818368023
6.38124795669574e-8  0.24555708698824819
6.658693520030338e-8  0.24590172127794424
6.936139083364934e-8  0.24795810978024455
7.213584646699531e-8  0.2454165453744875
7.49103021003413e-8  0.24626395395562914
7.768475773368726e-8  0.24664703418126144
8.045921336703324e-8  0.24573528546925988
8.323366900037921e-8  0.2454397293585175
8.600812463372518e-8  0.2474820585067673
8.878258026707116e-8  0.24934617511772592
9.155703590041713e-8  0.24657219768595687
9.433149153376311e-8  0.2492482615265762
9.710594716710908e-8  0.24843324541502512
9.988040280045505e-8  0.24917452151249833
1.0265485843380103e-7  0.24597692570163257
1.05429314067147e-7  0.2484994859728388
1.0820376970049298e-7  0.24869247469702838
1.1097822533383895e-7  0.24825950273812988
1.1375268096718492e-7  0.24904382575660527
1.165271366005309e-7  0.24915745161951255
1.1930159223387688e-7  0.24826331322508555
1.2207604786722285e-7  0.24804817634197843
1.2485050350056882e-7  0.25068275239001714
1.276249591339148e-7  0.24634495966306885
1.3039941476726076e-7  0.24775453087610597
1.3317387040060675e-7  0.24835895416116135
1.3594832603395272e-7  0.24815121250322622
1.387227816672987e-7  0.2503490321544226
