2.774455633345974e-9  1.184033893497026
5.548911266691948e-9  1.2752998137094915
8.323366900037922e-9  1.3288370904437965
1.1097822533383895e-8  1.3664562378251541
1.3872278166729869e-8  1.3961441784564086
1.6646733800075844e-8  1.420560079113767
1.9421189433421816e-8  1.4418402197941
2.219564506676779e-8  1.4597533328113568
2.4970100700113762e-8  1.474469871562444
2.7744556333459737e-8  1.4896850562407984
3.051901196680571e-8  1.5018092783687986
3.329346760015169e-8  1.5168554330397008
3.6067923233497656e-8  1.5283581785322848
3.884237886684363e-8  1.5399318950084322
4.1616834500189606e-8  1.5460748615326414
4.439129013353558e-8  1.5549789463299644
4.7165745766881556e-8  1.55974525378157
4.9940201400227525e-8  1.5689519056467354
5.27146570335735e-8  1.5754547523296414
5.5489112666919475e-8  1.5862286956506504
5.826356830026545e-8  1.5899534015506782
6.103802393361143e-8  1.5993376842032618
6.38124795669574e-8  1.602720068360062
6.658693520030338e-8  1.6113795043920398
6.936139083364934e-8  1.6121014291118647
7.213584646699531e-8  1.6225272917652394
7.49103021003413e-8  1.6326208743871764
7.768475773368726e-8  1.6327505810687586
8.045921336703324e-8  1.6413976155944432
8.323366900037921e-8  1.639147044084325
8.600812463372518e-8  1.6436001762898964
8.878258026707116e-8  1.641034821622183
9.155703590041713e-8  1.6515551133685495
9.433149153376311e-8  1.6503386927262458
9.710594716710908e-8  1.652453532381639
9.988040280045505e-8  1.6617453355438518
1.0265485843380103e-7  1.6634034390746197
1.05429314067147e-7  1.6679631717674646
1.0820376970049298e-7  1.6789450819607556
1.1097822533383895e-7  1.675762601612235
1.1375268096718492e-7  1.6778976984488916
1.165271366005309e-7  1.6783525882016799
1.1930159223387688e-7  1.676284043340385
1.2207604786722285e-7  1.6899403006679454
1.2485050350056882e-7  1.6937995907378929
1.276249591339148e-7  1.6985511808804152
1.3039941476726076e-7  1.6975691549722558
1.3317387040060675e-7  1.7001695763438074
1.3594832603395272e-7  1.6915355630903905
1.387227816672987e-7  1.7078449171443544
