2.774455633345974e-9  0.61335847820261
5.548911266691948e-9  0.6695949689152824
8.323366900037922e-9  0.7022543080952262
1.1097822533383895e-8  0.7273152566017687
1.3872278166729869e-8  0.7449403820676054
1.6646733800075844e-8  0.758274907426767
1.9421189433421816e-8  0.7715181340291677
2.219564506676779e-8  0.7840144522903462
2.4970100700113762e-8  0.792617826986009
2.7744556333459737e-8  0.8006761325731668
3.051901196680571e-8  0.8087436298930063
3.329346760015169e-8  0.814273602004912
3.6067923233497656e-8  0.821240174866157
3.884237886684363e-8  0.8291069421156582
4.1616834500189606e-8  0.8348131816996306
4.439129013353558e-8  0.8437896989218898
4.7165745766881556e-8  0.8426280715925538
4.9940201400227525e-8  0.8499575591768044
5.27146570335735e-8  0.8524299273913007
5.5489112666919475e-8  0.8566301351831135
5.826356830026545e-8  0.8587959043259378
6.103802393361143e-8  0.864072732386671
6.38124795669574e-8  0.8654126477699723
6.658693520030338e-8  0.8707517051499172
6.936139083364934e-8  0.8740748687415508
7.213584646699531e-8  0.8773102013130176
7.49103021003413e-8  0.8827512316587225
7.768475773368726e-8  0.8819812083461953
8.045921336703324e-8  0.8867960038692314
8.323366900037921e-8  0.8898244559099999
8.600812463372518e-8  0.893371019070861
8.878258026707116e-8  0.8972966114579591
9.155703590041713e-8  0.8991042490201331
9.433149153376311e-8  0.9014658087895497
9.710594716710908e-8  0.8990749623645249
9.988040280045505e-8  0.9075677644857083
1.0265485843380103e-7  0.9043055567741708
1.05429314067147e-7  0.9101767942775734
1.0820376970049298e-7  0.9075729802690604
1.1097822533383895e-7  0.9100825825770847
1.1375268096718492e-7  0.9110092504685516
1.165271366005309e-7  0.9135762757538598
1.1930159223387688e-7  0.9161255463728059
1.2207604786722285e-7  0.9161819681983973
1.2485050350056882e-7  0.9203957641647315
1.276249591339148e-7  0.9192596186269146
1.3039941476726076e-7  0.9244946618372866
1.3317387040060675e-7  0.9282220030815046
1.3594832603395272e-7  0.9265819534833776
1.387227816672987e-7  0.9252750768603545
