2.774455633345974e-9  0.39225626563540084
5.548911266691948e-9  0.4223819263721435
8.323366900037922e-9  0.4401213691302183
1.1097822533383895e-8  0.45243693749285435
1.3872278166729869e-8  0.4624118702695946
1.6646733800075844e-8  0.47138339998407053
1.9421189433421816e-8  0.47648752098498537
2.219564506676779e-8  0.48243359082434056
2.4970100700113762e-8  0.4881522739430203
2.7744556333459737e-8  0.49234551584372643
3.051901196680571e-8  0.49754414687010545
3.329346760015169e-8  0.5003233281451913
3.6067923233497656e-8  0.5034681722822704
3.884237886684363e-8  0.5073626532752653
4.1616834500189606e-8  0.5097467490816024
4.439129013353558e-8  0.5105946351851676
4.7165745766881556e-8  0.5157520315618134
4.9940201400227525e-8  0.5180234961392896
5.27146570335735e-8  0.5208730117475573
5.5489112666919475e-8  0.5225022987343115
5.826356830026545e-8  0.5238141910133554
6.103802393361143e-8  0.526991671214527
6.38124795669574e-8  0.5303565813628732
6.658693520030338e-8  0.5299142082295689
6.936139083364934e-8  0.5339969193024591
7.213584646699531e-8  0.5337998848378578
7.49103021003413e-8  0.5344778255035083
7.768475773368726e-8  0.5374209527961223
8.045921336703324e-8  0.5360236710698891
8.323366900037921e-8  0.5377644195359579
8.600812463372518e-8  0.5383758660649773
8.878258026707116e-8  0.5389722935112035
9.155703590041713e-8  0.5428270474765665
9.433149153376311e-8  0.5430322370835065
9.710594716710908e-8  0.5452593116327741
9.988040280045505e-8  0.5455406428154158
1.0265485843380103e-7  0.5486167867972113
1.05429314067147e-7  0.5471034270276752
1.0820376970049298e-7  0.5500700133630547
1.1097822533383895e-7  0.5515676141201433
1.1375268096718492e-7  0.5541397362933292
1.165271366005309e-7  0.5575605159768294
1.1930159223387688e-7  0.5563782906886683
1.2207604786722285e-7  0.5563213072545751
1.2485050350056882e-7  0.5589719555178034
1.276249591339148e-7  0.5561166350132168
1.3039941476726076e-7  0.5603646162409478
1.3317387040060675e-7  0.5598251106209547
1.3594832603395272e-7  0.5613913260753078
1.387227816672987e-7  0.5623451538270752
