2.774455633345974e-9  0.24052745255475796
5.548911266691948e-9  0.24048940121246387
8.323366900037922e-9  0.24098600246624238
1.1097822533383895e-8  0.24104493604955474
1.3872278166729869e-8  0.2412014360229218
1.6646733800075844e-8  0.2418354057743991
1.9421189433421816e-8  0.24219424332474396
2.219564506676779e-8  0.24113968846174166
2.4970100700113762e-8  0.24089476363478443
2.7744556333459737e-8  0.24170376491867152
3.051901196680571e-8  0.24205314381895157
3.329346760015169e-8  0.2434819476463153
3.6067923233497656e-8  0.24198479175096652
3.884237886684363e-8  0.24202985752579723
4.1616834500189606e-8  0.24124382049796625
4.439129013353558e-8  0.24080552050848272
4.7165745766881556e-8  0.24047614118789967
4.9940201400227525e-8  0.24211588250941532
5.27146570335735e-8  0.24007521847685753
5.5489112666919475e-8  0.24184554240585013
5.826356830026545e-8  0.24129680300377823
6.103802393361143e-8  0.24233335970647368
6.38124795669574e-8  0.24202597383998672
6.658693520030338e-8  0.24545361128598658
6.936139083364934e-8  0.23998813154157236
7.213584646699531e-8  0.24018163114044944
7.49103021003413e-8  0.24033650947766394
7.768475773368726e-8  0.23939608676319832
8.045921336703324e-8  0.24091470912227902
8.323366900037921e-8  0.2405755917296648
8.600812463372518e-8  0.23977364235117712
8.878258026707116e-8  0.2386526154338757
9.155703590041713e-8  0.23872509375724482
9.433149153376311e-8  0.24068103233636895
9.710594716710908e-8  0.2416304394147948
9.988040280045505e-8  0.2403134975235228
1.0265485843380103e-7  0.24029698245793016
1.05429314067147e-7  0.2392263076409892
1.0820376970049298e-7  0.2395620422403648
1.1097822533383895e-7  0.2422049981624453
1.1375268096718492e-7  0.2398612733950053
1.165271366005309e-7  0.23720282620463323
1.1930159223387688e-7  0.23806082003889106
1.2207604786722285e-7  0.23927584239104244
1.2485050350056882e-7  0.243697841925686
1.276249591339148e-7  0.239568079487453
1.3039941476726076e-7  0.24038447210880343
1.3317387040060675e-7  0.23766981832712522
1.3594832603395272e-7  0.23813095713606308
1.387227816672987e-7  0.24123270188608964
