2.774455633345974e-9  0.2863217736185116
5.548911266691948e-9  0.3030066030648232
8.323366900037922e-9  0.312973680982303
1.1097822533383895e-8  0.3203309971702304
1.3872278166729869e-8  0.3255342926690767
1.6646733800075844e-8  0.3304814958722427
1.9421189433421816e-8  0.334690272266121
2.219564506676779e-8  0.33654245829910917
2.4970100700113762e-8  0.33977713531487985
2.7744556333459737e-8  0.3427283527345272
3.051901196680571e-8  0.34535602887005457
3.329346760015169e-8  0.34751202598758674
3.6067923233497656e-8  0.3493875143819928
3.884237886684363e-8  0.3512948824336856
4.1616834500189606e-8  0.35301322513611505
4.439129013353558e-8  0.35518160240632085
4.7165745766881556e-8  0.3550753460217836
4.9940201400227525e-8  0.3571775274458494
5.27146570335735e-8  0.35799371627751625
5.5489112666919475e-8  0.3605694849685996
5.826356830026545e-8  0.3603071215543236
6.103802393361143e-8  0.362995233491011
6.38124795669574e-8  0.3633651781482066
6.658693520030338e-8  0.3645977576202298
6.936139083364934e-8  0.3638989635292285
7.213584646699531e-8  0.3651308139954163
7.49103021003413e-8  0.3647998412673069
7.768475773368726e-8  0.3649926442289244
8.045921336703324e-8  0.3675989462170316
8.323366900037921e-8  0.3680796438285006
8.600812463372518e-8  0.36754512261834577
8.878258026707116e-8  0.36975454489275317
9.155703590041713e-8  0.372269043103071
9.433149153376311e-8  0.3716016852930821
9.710594716710908e-8  0.371890604553717
9.988040280045505e-8  0.373950126820842
1.0265485843380103e-7  0.37306495350020946
1.05429314067147e-7  0.3741397813023535
1.0820376970049298e-7  0.37283993694504575
1.1097822533383895e-7  0.3762989011926151
1.1375268096718492e-7  0.3757821067512724
1.165271366005309e-7  0.3768092314623466
1.1930159223387688e-7  0.3770841131550292
1.2207604786722285e-7  0.3789106646934059
1.2485050350056882e-7  0.3801506710176366
1.276249591339148e-7  0.3792441159358435
1.3039941476726076e-7  0.37811231970695963
1.3317387040060675e-7  0.37665564698206583
1.3594832603395272e-7  0.3778736676801555
1.387227816672987e-7  0.3815887101712856
