2.774455633345974e-9  1395.806217416072
5.548911266691948e-9  2811.395069119165
8.323366900037922e-9  4224.920698008341
1.1097822533383895e-8  5640.498200395154
1.3872278166729869e-8  7055.476038156976
1.6646733800075844e-8  8472.938714864036
1.9421189433421816e-8  9887.26866535472
2.219564506676779e-8  11303.557936961892
2.4970100700113762e-8  12718.994483447808
2.7744556333459737e-8  14135.003157288675
3.051901196680571e-8  15551.501533731347
3.329346760015169e-8  16967.878050268737
3.6067923233497656e-8  18382.564708966736
3.884237886684363e-8  19801.507000861402
4.1616834500189606e-8  21217.498864487407
4.439129013353558e-8  22632.71811764525
4.7165745766881556e-8  24045.28472770904
4.9940201400227525e-8  25462.99328383359
5.27146570335735e-8  26879.981323849766
5.5489112666919475e-8  28295.311393142332
5.826356830026545e-8  29710.64725076746
6.103802393361143e-8  31128.094915310216
6.38124795669574e-8  32544.035103377006
6.658693520030338e-8  33959.946536260446
6.936139083364934e-8  35377.71637360926
7.213584646699531e-8  36791.121125825775
7.49103021003413e-8  38210.1034835722
7.768475773368726e-8  39626.51342962258
8.045921336703324e-8  41035.17942654407
8.323366900037921e-8  42458.1005438158
8.600812463372518e-8  43869.52495764309
8.878258026707116e-8  45289.203655433776
9.155703590041713e-8  46703.94052506528
9.433149153376311e-8  48120.353316246925
9.710594716710908e-8  49535.38978808351
9.988040280045505e-8  50953.48761424737
1.0265485843380103e-7  52369.648308230804
1.05429314067147e-7  53786.884029112334
1.0820376970049298e-7  55200.806493872944
1.1097822533383895e-7  56620.30905506746
1.1375268096718492e-7  58035.7504304968
1.165271366005309e-7  59446.481681594676
1.1930159223387688e-7  60869.01379652448
1.2207604786722285e-7  62283.63632802211
1.2485050350056882e-7  63688.27645383828
1.276249591339148e-7  65112.37613900712
1.3039941476726076e-7  66539.45789618742
1.3317387040060675e-7  67947.70022346852
1.3594832603395272e-7  69363.94930922093
1.387227816672987e-7  70778.34994159569
