2.774455633345974e-9  0.27973259412944756
5.548911266691948e-9  0.2821839443385275
8.323366900037922e-9  0.2835794354117336
1.1097822533383895e-8  0.2852022422664095
1.3872278166729869e-8  0.2858942743769685
1.6646733800075844e-8  0.28614191449519344
1.9421189433421816e-8  0.2878279064283703
2.219564506676779e-8  0.28810082889019567
2.4970100700113762e-8  0.28602746706018006
2.7744556333459737e-8  0.28771966011176325
3.051901196680571e-8  0.2885052591891715
3.329346760015169e-8  0.28843463199350416
3.6067923233497656e-8  0.28926509363249103
3.884237886684363e-8  0.2922246832720698
4.1616834500189606e-8  0.29180060239997613
4.439129013353558e-8  0.2890859870008193
4.7165745766881556e-8  0.2900319641257991
4.9940201400227525e-8  0.29005637146670077
5.27146570335735e-8  0.2884131783204298
5.5489112666919475e-8  0.2860741458048165
5.826356830026545e-8  0.28986446463646975
6.103802393361143e-8  0.2891767502259881
6.38124795669574e-8  0.2903646901734477
6.658693520030338e-8  0.2895285348238059
6.936139083364934e-8  0.2896194048212222
7.213584646699531e-8  0.2915580445778755
7.49103021003413e-8  0.288060747681613
7.768475773368726e-8  0.29218422050613174
8.045921336703324e-8  0.2907940139522179
8.323366900037921e-8  0.2885326040301882
8.600812463372518e-8  0.2922532350510249
8.878258026707116e-8  0.29300494436342844
9.155703590041713e-8  0.2879396337184282
9.433149153376311e-8  0.2872129692842966
9.710594716710908e-8  0.288292410588761
9.988040280045505e-8  0.2893768506759517
1.0265485843380103e-7  0.28886510944822946
1.05429314067147e-7  0.28784504826751145
1.0820376970049298e-7  0.29121210908095746
1.1097822533383895e-7  0.29139481457692773
1.1375268096718492e-7  0.28420848693638323
1.165271366005309e-7  0.2896655079799199
1.1930159223387688e-7  0.2892175804648345
1.2207604786722285e-7  0.2896093889415465
1.2485050350056882e-7  0.2882773982385235
1.276249591339148e-7  0.29047457339899135
1.3039941476726076e-7  0.2893127691524338
1.3317387040060675e-7  0.29004140701256304
1.3594832603395272e-7  0.2912875806444834
1.387227816672987e-7  0.2889802197786748
