2.774455633345974e-9  0.23625650172334392
5.548911266691948e-9  0.24352921091726976
8.323366900037922e-9  0.24757847529177882
1.1097822533383895e-8  0.2510247500455353
1.3872278166729869e-8  0.2535947377152685
1.6646733800075844e-8  0.25481203340662406
1.9421189433421816e-8  0.25590597063372617
2.219564506676779e-8  0.257075245571029
2.4970100700113762e-8  0.2590902678919012
2.7744556333459737e-8  0.26070523729140865
3.051901196680571e-8  0.26003298156151666
3.329346760015169e-8  0.26052051646450836
3.6067923233497656e-8  0.2615996357582956
3.884237886684363e-8  0.2620746326897693
4.1616834500189606e-8  0.2627874503182939
4.439129013353558e-8  0.2633979923459433
4.7165745766881556e-8  0.26377176001087727
4.9940201400227525e-8  0.26473573196034766
5.27146570335735e-8  0.2656156726207023
5.5489112666919475e-8  0.26676058012550413
5.826356830026545e-8  0.2661010295922821
6.103802393361143e-8  0.2656827228650388
6.38124795669574e-8  0.26716066529089344
6.658693520030338e-8  0.2673328687800846
6.936139083364934e-8  0.26776775193037805
7.213584646699531e-8  0.267441237124071
7.49103021003413e-8  0.2663978368866657
7.768475773368726e-8  0.2664840419111606
8.045921336703324e-8  0.2675883960899573
8.323366900037921e-8  0.2678949731149322
8.600812463372518e-8  0.2683262571070866
8.878258026707116e-8  0.2680459742516848
9.155703590041713e-8  0.2733232779770059
9.433149153376311e-8  0.2690661073278669
9.710594716710908e-8  0.27029234323160883
9.988040280045505e-8  0.269731349568449
1.0265485843380103e-7  0.27096531188932255
1.05429314067147e-7  0.27068059057054844
1.0820376970049298e-7  0.26942702680838865
1.1097822533383895e-7  0.2720164703996655
1.1375268096718492e-7  0.2682452978341978
1.165271366005309e-7  0.2713595987946386
1.1930159223387688e-7  0.2717715243087419
1.2207604786722285e-7  0.270262713650892
1.2485050350056882e-7  0.26839878553851715
1.276249591339148e-7  0.27005568320119266
1.3039941476726076e-7  0.2743135274225221
1.3317387040060675e-7  0.27348409931501294
1.3594832603395272e-7  0.2739925502626125
1.387227816672987e-7  0.2725446384753313
