2.774455633345974e-9  0.4973379307455274
5.548911266691948e-9  0.5197037214523251
8.323366900037922e-9  0.5326975949747832
1.1097822533383895e-8  0.541810998440544
1.3872278166729869e-8  0.5488297009348326
1.6646733800075844e-8  0.5548644518863246
1.9421189433421816e-8  0.5600366118058461
2.219564506676779e-8  0.5645966646509358
2.4970100700113762e-8  0.5683620623651694
2.7744556333459737e-8  0.5710468718365377
3.051901196680571e-8  0.5755411374868741
3.329346760015169e-8  0.5776956958491236
3.6067923233497656e-8  0.5801920828118559
3.884237886684363e-8  0.5832418282072541
4.1616834500189606e-8  0.5856983866051103
4.439129013353558e-8  0.5876818763026983
4.7165745766881556e-8  0.5886985557058503
4.9940201400227525e-8  0.5906295977268932
5.27146570335735e-8  0.5912554484183659
5.5489112666919475e-8  0.59389520316715
5.826356830026545e-8  0.5956085006331487
6.103802393361143e-8  0.5962931782357853
6.38124795669574e-8  0.5976419430733928
6.658693520030338e-8  0.600259025358135
6.936139083364934e-8  0.6024210901266414
7.213584646699531e-8  0.6008884689325981
7.49103021003413e-8  0.6021516919089452
7.768475773368726e-8  0.604323251566845
8.045921336703324e-8  0.6057769087911711
8.323366900037921e-8  0.6080679861972359
8.600812463372518e-8  0.6088939503023826
8.878258026707116e-8  0.6097890937372866
9.155703590041713e-8  0.6113189739151247
9.433149153376311e-8  0.6088521232189915
9.710594716710908e-8  0.6086521282621868
9.988040280045505e-8  0.6135573505299737
1.0265485843380103e-7  0.6127703554491266
1.05429314067147e-7  0.6135242908051333
1.0820376970049298e-7  0.6154789087290705
1.1097822533383895e-7  0.6163403087511312
1.1375268096718492e-7  0.6185192772064183
1.165271366005309e-7  0.6132474596032554
1.1930159223387688e-7  0.616835908290586
1.2207604786722285e-7  0.6193892565687115
1.2485050350056882e-7  0.6149332780809054
1.276249591339148e-7  0.6189550461963242
1.3039941476726076e-7  0.6214741482534037
1.3317387040060675e-7  0.6222305381763029
1.3594832603395272e-7  0.6248582547813306
1.387227816672987e-7  0.6189717080569743
