2.774455633345974e-9  0.23228550925319263
5.548911266691948e-9  0.23240443251118628
8.323366900037922e-9  0.23281338584066322
1.1097822533383895e-8  0.2333062838732214
1.3872278166729869e-8  0.23385175580120593
1.6646733800075844e-8  0.23312902084291637
1.9421189433421816e-8  0.23415379438001344
2.219564506676779e-8  0.23362023290878922
2.4970100700113762e-8  0.23211154649917978
2.7744556333459737e-8  0.2332354479392498
3.051901196680571e-8  0.23360102313019673
3.329346760015169e-8  0.23261735127142127
3.6067923233497656e-8  0.23455720322530202
3.884237886684363e-8  0.23469191513713925
4.1616834500189606e-8  0.23395736930688185
4.439129013353558e-8  0.23427037118195296
4.7165745766881556e-8  0.23398106661712478
4.9940201400227525e-8  0.2325299155938838
5.27146570335735e-8  0.23203566426031727
5.5489112666919475e-8  0.2300662300973669
5.826356830026545e-8  0.23247917098998946
6.103802393361143e-8  0.2314399231539227
6.38124795669574e-8  0.23118100704736355
6.658693520030338e-8  0.23239467081975523
6.936139083364934e-8  0.23295547187188534
7.213584646699531e-8  0.23421520296641202
7.49103021003413e-8  0.23078185611867968
7.768475773368726e-8  0.23085757849206123
8.045921336703324e-8  0.23319328146614832
8.323366900037921e-8  0.23248335652452348
8.600812463372518e-8  0.23156386267535023
8.878258026707116e-8  0.23195659931432216
9.155703590041713e-8  0.23157104377807194
9.433149153376311e-8  0.23134166226835454
9.710594716710908e-8  0.2304270149233671
9.988040280045505e-8  0.22996284718828083
1.0265485843380103e-7  0.230415822509359
1.05429314067147e-7  0.22823362340403383
1.0820376970049298e-7  0.23262211658455692
1.1097822533383895e-7  0.23360490549979143
1.1375268096718492e-7  0.2293473018812366
1.165271366005309e-7  0.23090582964607254
1.1930159223387688e-7  0.23046276303746902
1.2207604786722285e-7  0.2288271268429041
1.2485050350056882e-7  0.22516724587086087
1.276249591339148e-7  0.22915979382193272
1.3039941476726076e-7  0.22764628142457552
1.3317387040060675e-7  0.2315205184921779
1.3594832603395272e-7  0.22895236691436563
1.387227816672987e-7  0.22934014944222578
