2.774455633345974e-9  2.217471311843999
5.548911266691948e-9  2.3959398915016448
8.323366900037922e-9  2.501574850071346
1.1097822533383895e-8  2.5789185802165386
1.3872278166729869e-8  2.633259102833019
1.6646733800075844e-8  2.6826936816745195
1.9421189433421816e-8  2.730150720774158
2.219564506676779e-8  2.755628195471071
2.4970100700113762e-8  2.77728453881382
2.7744556333459737e-8  2.8050322994785795
3.051901196680571e-8  2.8406760914181928
3.329346760015169e-8  2.853416935179267
3.6067923233497656e-8  2.8738651250922675
3.884237886684363e-8  2.9170669307335433
4.1616834500189606e-8  2.9355342592934464
4.439129013353558e-8  2.939967460490348
4.7165745766881556e-8  2.9622659161488714
4.9940201400227525e-8  2.9653945637528185
5.27146570335735e-8  2.9724818297601074
5.5489112666919475e-8  2.9844455850698477
5.826356830026545e-8  3.0094223796906516
6.103802393361143e-8  3.021249930797454
6.38124795669574e-8  3.0269374051937072
6.658693520030338e-8  3.0378754275267994
6.936139083364934e-8  3.045209938409371
7.213584646699531e-8  3.0508528777333392
7.49103021003413e-8  3.082905494775604
7.768475773368726e-8  3.077956500398116
8.045921336703324e-8  3.085873876424841
8.323366900037921e-8  3.0809721364372766
8.600812463372518e-8  3.0981156847927798
8.878258026707116e-8  3.11969540499355
9.155703590041713e-8  3.109965014391111
9.433149153376311e-8  3.1189023281056825
9.710594716710908e-8  3.1181586230871874
9.988040280045505e-8  3.1292613018379756
1.0265485843380103e-7  3.142464944299542
1.05429314067147e-7  3.1277370937070845
1.0820376970049298e-7  3.1584760715135953
1.1097822533383895e-7  3.1599517294331143
1.1375268096718492e-7  3.1601535961261575
1.165271366005309e-7  3.1852698507378787
1.1930159223387688e-7  3.1806463475369116
1.2207604786722285e-7  3.1901132328576165
1.2485050350056882e-7  3.182130455030349
1.276249591339148e-7  3.2045774806051184
1.3039941476726076e-7  3.180222598896892
1.3317387040060675e-7  3.228096788347455
1.3594832603395272e-7  3.216052857124712
1.387227816672987e-7  3.2091063694940933
