2.774455633345974e-9  3.1286750453559855
5.548911266691948e-9  3.40889417561209
8.323366900037922e-9  3.575098566451835
1.1097822533383895e-8  3.6916123778834047
1.3872278166729869e-8  3.786095769896533
1.6646733800075844e-8  3.8581407619227095
1.9421189433421816e-8  3.92445935859396
2.219564506676779e-8  3.9781656880595255
2.4970100700113762e-8  4.032163689697108
2.7744556333459737e-8  4.077162142988253
3.051901196680571e-8  4.117458565404287
3.329346760015169e-8  4.145100236066328
3.6067923233497656e-8  4.1702636561768776
3.884237886684363e-8  4.212973661450698
4.1616834500189606e-8  4.240056211056439
4.439129013353558e-8  4.2550124360513895
4.7165745766881556e-8  4.285033875052555
4.9940201400227525e-8  4.322560295524736
5.27146570335735e-8  4.34538802871214
5.5489112666919475e-8  4.368319712296716
5.826356830026545e-8  4.381192676380796
6.103802393361143e-8  4.375293208781004
6.38124795669574e-8  4.4145377479615835
6.658693520030338e-8  4.421506026756308
6.936139083364934e-8  4.436732997411295
7.213584646699531e-8  4.45589879485402
7.49103021003413e-8  4.477479664800184
7.768475773368726e-8  4.493665188286247
8.045921336703324e-8  4.51449266523755
8.323366900037921e-8  4.510185990101219
8.600812463372518e-8  4.523930407775892
8.878258026707116e-8  4.5332627200675
9.155703590041713e-8  4.533159806621192
9.433149153376311e-8  4.569499047834947
9.710594716710908e-8  4.5664762451386505
9.988040280045505e-8  4.57718732021355
1.0265485843380103e-7  4.607311225540757
1.05429314067147e-7  4.6184362879807015
1.0820376970049298e-7  4.629908612010757
1.1097822533383895e-7  4.654713412664292
1.1375268096718492e-7  4.681608332140573
1.165271366005309e-7  4.6523262783792605
1.1930159223387688e-7  4.635760722405021
1.2207604786722285e-7  4.671145812981114
1.2485050350056882e-7  4.674850453588531
1.276249591339148e-7  4.669956909685464
1.3039941476726076e-7  4.6832192933000325
1.3317387040060675e-7  4.6747674449361245
1.3594832603395272e-7  4.700150227454622
1.387227816672987e-7  4.722013437026278
