2.774455633345974e-9  1248.2589766658195
5.548911266691948e-9  2514.3230718118243
8.323366900037922e-9  3781.3454750349842
1.1097822533383895e-8  5048.994815361976
1.3872278166729869e-8  6316.399895037685
1.6646733800075844e-8  7567.916493386955
1.9421189433421816e-8  8851.529042139255
2.219564506676779e-8  10119.96488343816
2.4970100700113762e-8  11388.11340654861
2.7744556333459737e-8  12654.209113943205
3.051901196680571e-8  13925.83339812554
3.329346760015169e-8  15193.146615343385
3.6067923233497656e-8  16490.06727835902
3.884237886684363e-8  17727.25881081621
4.1616834500189606e-8  18996.472399753246
4.439129013353558e-8  20266.486280945992
4.7165745766881556e-8  21520.861198220504
4.9940201400227525e-8  22789.26605361309
5.27146570335735e-8  24067.201033119454
5.5489112666919475e-8  25338.509156643657
5.826356830026545e-8  26605.50268121476
6.103802393361143e-8  27871.528623919465
6.38124795669574e-8  29142.16335345394
6.658693520030338e-8  30409.47029282251
6.936139083364934e-8  31678.35154531567
7.213584646699531e-8  32952.32729467553
7.49103021003413e-8  34219.05452774633
7.768475773368726e-8  35483.89973577456
8.045921336703324e-8  36753.15611516826
8.323366900037921e-8  38016.58969693187
8.600812463372518e-8  39284.1290262122
8.878258026707116e-8  40554.169002506474
9.155703590041713e-8  41822.19365099253
9.433149153376311e-8  43094.444209916925
9.710594716710908e-8  44361.74306085979
9.988040280045505e-8  45629.48304720657
1.0265485843380103e-7  46895.21628160397
1.05429314067147e-7  48161.44532363733
1.0820376970049298e-7  49430.1146077484
1.1097822533383895e-7  50719.97754212585
1.1375268096718492e-7  51965.70035038967
1.165271366005309e-7  53242.63598520059
1.1930159223387688e-7  54497.06168953845
1.2207604786722285e-7  55772.43788718683
1.2485050350056882e-7  57049.20885319812
1.276249591339148e-7  58316.13681607645
1.3039941476726076e-7  59577.3774394077
1.3317387040060675e-7  60849.24796258854
1.3594832603395272e-7  62129.933654739696
1.387227816672987e-7  63380.308036817565
