2.774455633345974e-9  2.012966906019985
5.548911266691948e-9  2.1786705625882314
8.323366900037922e-9  2.275604471524038
1.1097822533383895e-8  2.3456768701646182
1.3872278166729869e-8  2.402165534466515
1.6646733800075844e-8  2.4452607250083473
1.9421189433421816e-8  2.4814449235115172
2.219564506676779e-8  2.5138492431900623
2.4970100700113762e-8  2.547408963803285
2.7744556333459737e-8  2.574372040159509
3.051901196680571e-8  2.589547856297358
3.329346760015169e-8  2.6057834582031103
3.6067923233497656e-8  2.6300867222784436
3.884237886684363e-8  2.65297683685324
4.1616834500189606e-8  2.671008841137452
4.439129013353558e-8  2.6851371773666934
4.7165745766881556e-8  2.6941222743563684
4.9940201400227525e-8  2.7108152843944042
5.27146570335735e-8  2.7283398915665082
5.5489112666919475e-8  2.757029366571067
5.826356830026545e-8  2.755963206897082
6.103802393361143e-8  2.755018928616706
6.38124795669574e-8  2.760904442838343
6.658693520030338e-8  2.7861109499237293
6.936139083364934e-8  2.788718355059438
7.213584646699531e-8  2.79853376287239
7.49103021003413e-8  2.8055877338111856
7.768475773368726e-8  2.8250133064257863
8.045921336703324e-8  2.8115141049491563
8.323366900037921e-8  2.8310840693471637
8.600812463372518e-8  2.8391506582810693
8.878258026707116e-8  2.842026703557293
9.155703590041713e-8  2.8745618265552895
9.433149153376311e-8  2.8577781505766184
9.710594716710908e-8  2.8749587496639473
9.988040280045505e-8  2.8722741493272093
1.0265485843380103e-7  2.8824033534046065
1.05429314067147e-7  2.9087277280985533
1.0820376970049298e-7  2.900634381003627
1.1097822533383895e-7  2.9138699123164375
1.1375268096718492e-7  2.9006600015287836
1.165271366005309e-7  2.9097154380372796
1.1930159223387688e-7  2.9229794746567994
1.2207604786722285e-7  2.9147751213079838
1.2485050350056882e-7  2.9247903963168063
1.276249591339148e-7  2.924651541125613
1.3039941476726076e-7  2.92450079072683
1.3317387040060675e-7  2.920356422075986
1.3594832603395272e-7  2.927414453705343
1.387227816672987e-7  2.9509292549793615
