2.774455633345974e-9  0.4254713292132103
5.548911266691948e-9  0.46409875495345765
8.323366900037922e-9  0.48677045435937666
1.1097822533383895e-8  0.5030286458593706
1.3872278166729869e-8  0.5159963165971997
1.6646733800075844e-8  0.5266567326090565
1.9421189433421816e-8  0.5357629992740861
2.219564506676779e-8  0.5435490913334162
2.4970100700113762e-8  0.549829515663873
2.7744556333459737e-8  0.5554236496916035
3.051901196680571e-8  0.5613728498111775
3.329346760015169e-8  0.5667221790040119
3.6067923233497656e-8  0.5727101950467002
3.884237886684363e-8  0.5759900892042071
4.1616834500189606e-8  0.5806529502118604
4.439129013353558e-8  0.5822470400707682
4.7165745766881556e-8  0.5868461833979666
4.9940201400227525e-8  0.5892345758193687
5.27146570335735e-8  0.59287873252369
5.5489112666919475e-8  0.5947911908101972
5.826356830026545e-8  0.5965511656844824
6.103802393361143e-8  0.6010422777005359
6.38124795669574e-8  0.6054905214676094
6.658693520030338e-8  0.6092378650692183
6.936139083364934e-8  0.6094231296142804
7.213584646699531e-8  0.6098980359211253
7.49103021003413e-8  0.6146193894943962
7.768475773368726e-8  0.6128710659616254
8.045921336703324e-8  0.614128801399381
8.323366900037921e-8  0.6182504056085364
8.600812463372518e-8  0.618463610575452
8.878258026707116e-8  0.6188112063866017
9.155703590041713e-8  0.622565887298865
9.433149153376311e-8  0.6256781701797417
9.710594716710908e-8  0.6276187523717117
9.988040280045505e-8  0.6277027704486069
1.0265485843380103e-7  0.6296113548691684
1.05429314067147e-7  0.6295371401516239
1.0820376970049298e-7  0.6305162115757942
1.1097822533383895e-7  0.634737179143223
1.1375268096718492e-7  0.6331119809005876
1.165271366005309e-7  0.6381885468706134
1.1930159223387688e-7  0.6373934957550138
1.2207604786722285e-7  0.6401503714881722
1.2485050350056882e-7  0.6425255087241754
1.276249591339148e-7  0.6426568909464144
1.3039941476726076e-7  0.6461539638538035
1.3317387040060675e-7  0.6471848808866241
1.3594832603395272e-7  0.6423248702132136
1.387227816672987e-7  0.6495417655300272
