2.774455633345974e-9  2.3483131790334393
5.548911266691948e-9  2.550694304963724
8.323366900037922e-9  2.6693475627787526
1.1097822533383895e-8  2.7538044353717375
1.3872278166729869e-8  2.818368509585447
1.6646733800075844e-8  2.8790638237971073
1.9421189433421816e-8  2.919787393639414
2.219564506676779e-8  2.959596234055297
2.4970100700113762e-8  2.9917805393552332
2.7744556333459737e-8  3.0209299464096087
3.051901196680571e-8  3.0654580660791915
3.329346760015169e-8  3.0801674535860215
3.6067923233497656e-8  3.0909304898921275
3.884237886684363e-8  3.122399672743706
4.1616834500189606e-8  3.135824072866475
4.439129013353558e-8  3.1526363450161714
4.7165745766881556e-8  3.1928495502830074
4.9940201400227525e-8  3.196136168979951
5.27146570335735e-8  3.2113659995780766
5.5489112666919475e-8  3.2196918029980734
5.826356830026545e-8  3.2542468265001228
6.103802393361143e-8  3.2791994879841893
6.38124795669574e-8  3.2891864655914786
6.658693520030338e-8  3.29659509255776
6.936139083364934e-8  3.285238559841099
7.213584646699531e-8  3.3011649638302965
7.49103021003413e-8  3.307478071230658
7.768475773368726e-8  3.3254883045863637
8.045921336703324e-8  3.3376745786679756
8.323366900037921e-8  3.3438198686254887
8.600812463372518e-8  3.3459405858186066
8.878258026707116e-8  3.356577177670759
9.155703590041713e-8  3.3845960882031596
9.433149153376311e-8  3.3994803196721186
9.710594716710908e-8  3.3957655132687985
9.988040280045505e-8  3.3931266120691097
1.0265485843380103e-7  3.4045552190546053
1.05429314067147e-7  3.423593117716143
1.0820376970049298e-7  3.421849345366517
1.1097822533383895e-7  3.411101287381543
1.1375268096718492e-7  3.432958834845479
1.165271366005309e-7  3.443204234210142
1.1930159223387688e-7  3.4455111140210812
1.2207604786722285e-7  3.4831348712857286
1.2485050350056882e-7  3.4966112448358264
1.276249591339148e-7  3.4848054492615903
1.3039941476726076e-7  3.4833654675272734
1.3317387040060675e-7  3.4914572478843433
1.3594832603395272e-7  3.494810608454814
1.387227816672987e-7  3.4935757757088157
