2.774455633345974e-9  1.5651542027620369
5.548911266691948e-9  1.7459499126705023
8.323366900037922e-9  1.8530376134381719
1.1097822533383895e-8  1.9278525955660226
1.3872278166729869e-8  1.985046520499866
1.6646733800075844e-8  2.0332740938628495
1.9421189433421816e-8  2.07256769568113
2.219564506676779e-8  2.109227329867174
2.4970100700113762e-8  2.1395472783276386
2.7744556333459737e-8  2.1695393859623016
3.051901196680571e-8  2.194556249635155
3.329346760015169e-8  2.220950056024422
3.6067923233497656e-8  2.2366355601856496
3.884237886684363e-8  2.2585681112281772
4.1616834500189606e-8  2.275311860628329
4.439129013353558e-8  2.293313222320228
4.7165745766881556e-8  2.308341315290338
4.9940201400227525e-8  2.326378725363639
5.27146570335735e-8  2.340421276831627
5.5489112666919475e-8  2.355498518812037
5.826356830026545e-8  2.3675536689133123
6.103802393361143e-8  2.374804178667374
6.38124795669574e-8  2.3899225261210835
6.658693520030338e-8  2.404817547581429
6.936139083364934e-8  2.4090177099822627
7.213584646699531e-8  2.4189469716931584
7.49103021003413e-8  2.4300364856262364
7.768475773368726e-8  2.4367932771764362
8.045921336703324e-8  2.4486508155406037
8.323366900037921e-8  2.4573580443030836
8.600812463372518e-8  2.4619615823341525
8.878258026707116e-8  2.4739323549085075
9.155703590041713e-8  2.4797259142076156
9.433149153376311e-8  2.4936061656411455
9.710594716710908e-8  2.4998461559922935
9.988040280045505e-8  2.512273278020581
1.0265485843380103e-7  2.511596253633329
1.05429314067147e-7  2.523630203197633
1.0820376970049298e-7  2.5348378093293134
1.1097822533383895e-7  2.5387614964164182
1.1375268096718492e-7  2.5459945741259635
1.165271366005309e-7  2.5498410348515645
1.1930159223387688e-7  2.563296235227853
1.2207604786722285e-7  2.5549131057183936
1.2485050350056882e-7  2.572183000968342
1.276249591339148e-7  2.5754554803562986
1.3039941476726076e-7  2.567523518258177
1.3317387040060675e-7  2.5812755341384963
1.3594832603395272e-7  2.589814280089467
1.387227816672987e-7  2.594419818317569
