2.774455633345974e-9  0.6405501276729646
5.548911266691948e-9  0.7048768730379272
8.323366900037922e-9  0.7424484465383748
1.1097822533383895e-8  0.7704574071718908
1.3872278166729869e-8  0.7905577244125326
1.6646733800075844e-8  0.8074440006765654
1.9421189433421816e-8  0.8226935506542115
2.219564506676779e-8  0.834454904720707
2.4970100700113762e-8  0.8458422286695348
2.7744556333459737e-8  0.8550947238100094
3.051901196680571e-8  0.8642010556582235
3.329346760015169e-8  0.8732355981462255
3.6067923233497656e-8  0.8807399268136358
3.884237886684363e-8  0.8878015094709252
4.1616834500189606e-8  0.894069526883262
4.439129013353558e-8  0.901658811073392
4.7165745766881556e-8  0.9051375655112633
4.9940201400227525e-8  0.9096233302845523
5.27146570335735e-8  0.9141527124687125
5.5489112666919475e-8  0.9236322177615809
5.826356830026545e-8  0.9246019371522284
6.103802393361143e-8  0.9297240455011401
6.38124795669574e-8  0.9321710276039928
6.658693520030338e-8  0.9404741282651734
6.936139083364934e-8  0.9408599428020773
7.213584646699531e-8  0.9455397569188561
7.49103021003413e-8  0.9502067113835843
7.768475773368726e-8  0.951779058439722
8.045921336703324e-8  0.9567692704406857
8.323366900037921e-8  0.9576273556773567
8.600812463372518e-8  0.9619844573609316
8.878258026707116e-8  0.9635933653548613
9.155703590041713e-8  0.9678286636657741
9.433149153376311e-8  0.9685791292559967
9.710594716710908e-8  0.9706053813410925
9.988040280045505e-8  0.9750565635724319
1.0265485843380103e-7  0.9729423472171335
1.05429314067147e-7  0.978299596052923
1.0820376970049298e-7  0.9794149787519002
1.1097822533383895e-7  0.986635864141846
1.1375268096718492e-7  0.9861720236003843
1.165271366005309e-7  0.9870770705184313
1.1930159223387688e-7  0.9845419976497056
1.2207604786722285e-7  0.9925979038751775
1.2485050350056882e-7  0.9987939829781973
1.276249591339148e-7  0.9972416248084999
1.3039941476726076e-7  0.9969387508775172
1.3317387040060675e-7  1.0018468717760594
1.3594832603395272e-7  0.9994091933454611
1.387227816672987e-7  1.0077959177702733
