2.774455633345974e-9  1.3695187871270784
5.548911266691948e-9  1.5197960085124416
8.323366900037922e-9  1.6070479711981807
1.1097822533383895e-8  1.669353546995349
1.3872278166729869e-8  1.7186003550090463
1.6646733800075844e-8  1.7562523459148314
1.9421189433421816e-8  1.791048230640379
2.219564506676779e-8  1.821251992399715
2.4970100700113762e-8  1.8439295191652587
2.7744556333459737e-8  1.869608775260351
3.051901196680571e-8  1.89155105689352
3.329346760015169e-8  1.9066132280019052
3.6067923233497656e-8  1.9243276774128126
3.884237886684363e-8  1.9362667299589476
4.1616834500189606e-8  1.9586308897684013
4.439129013353558e-8  1.9715548534948015
4.7165745766881556e-8  1.9850690419265802
4.9940201400227525e-8  1.9951550411281045
5.27146570335735e-8  2.006038560506138
5.5489112666919475e-8  2.0170814815353113
5.826356830026545e-8  2.025719639633324
6.103802393361143e-8  2.037250744750906
6.38124795669574e-8  2.044282814752605
6.658693520030338e-8  2.058802736384497
6.936139083364934e-8  2.0621121854814985
7.213584646699531e-8  2.0737474780161023
7.49103021003413e-8  2.0782310841113754
7.768475773368726e-8  2.091780068828185
8.045921336703324e-8  2.0979768307083995
8.323366900037921e-8  2.1055877086468016
8.600812463372518e-8  2.120114727409596
8.878258026707116e-8  2.1245664271073994
9.155703590041713e-8  2.1417228172327585
9.433149153376311e-8  2.1363488787203795
9.710594716710908e-8  2.1431479027380615
9.988040280045505e-8  2.146866003560209
1.0265485843380103e-7  2.151071032926158
1.05429314067147e-7  2.1535785513717642
1.0820376970049298e-7  2.1537205622582074
1.1097822533383895e-7  2.1642508145674006
1.1375268096718492e-7  2.1647175014064404
1.165271366005309e-7  2.1752657792455907
1.1930159223387688e-7  2.1783466896143833
1.2207604786722285e-7  2.1801846513602654
1.2485050350056882e-7  2.194179290976336
1.276249591339148e-7  2.192350368233482
1.3039941476726076e-7  2.1957587689159968
1.3317387040060675e-7  2.1969903793689936
1.3594832603395272e-7  2.2082750224773093
1.387227816672987e-7  2.210616875242116
