2.774455633345974e-9  1.918575038804768
5.548911266691948e-9  2.129684080694665
8.323366900037922e-9  2.2525492494335153
1.1097822533383895e-8  2.3396774659804342
1.3872278166729869e-8  2.407464067406994
1.6646733800075844e-8  2.4647868985789443
1.9421189433421816e-8  2.5124445448574932
2.219564506676779e-8  2.551496820136452
2.4970100700113762e-8  2.5860416176213255
2.7744556333459737e-8  2.6178628209387678
3.051901196680571e-8  2.650905146027566
3.329346760015169e-8  2.678730088880518
3.6067923233497656e-8  2.7021081640258235
3.884237886684363e-8  2.7245774822281157
4.1616834500189606e-8  2.7408148584831187
4.439129013353558e-8  2.765249311075053
4.7165745766881556e-8  2.782241776393455
4.9940201400227525e-8  2.799261556341914
5.27146570335735e-8  2.817875591320563
5.5489112666919475e-8  2.8378218628811784
5.826356830026545e-8  2.8523123211496295
6.103802393361143e-8  2.8697852402151516
6.38124795669574e-8  2.887764982437158
6.658693520030338e-8  2.8995648222001953
6.936139083364934e-8  2.90015897354563
7.213584646699531e-8  2.910716480394626
7.49103021003413e-8  2.924755261356804
7.768475773368726e-8  2.930579705065027
8.045921336703324e-8  2.9479096466741748
8.323366900037921e-8  2.9491366255903855
8.600812463372518e-8  2.9602387442940903
8.878258026707116e-8  2.972192897329272
9.155703590041713e-8  2.987356761141296
9.433149153376311e-8  2.9983238250547597
9.710594716710908e-8  2.994923025093022
9.988040280045505e-8  3.0116792751068977
1.0265485843380103e-7  3.021641819312511
1.05429314067147e-7  3.041339016249292
1.0820376970049298e-7  3.0406165500339633
1.1097822533383895e-7  3.0471813471847287
1.1375268096718492e-7  3.0601429004596854
1.165271366005309e-7  3.0618484076107757
1.1930159223387688e-7  3.0802159803119684
1.2207604786722285e-7  3.087075982304959
1.2485050350056882e-7  3.0912010190340222
1.276249591339148e-7  3.090168933836876
1.3039941476726076e-7  3.0950993932671547
1.3317387040060675e-7  3.104114399483943
1.3594832603395272e-7  3.1077389280153778
1.387227816672987e-7  3.1195396704367413
