2.774455633345974e-9  1.6189836215150994
5.548911266691948e-9  1.793262083538083
8.323366900037922e-9  1.8944509770918774
1.1097822533383895e-8  1.9668064668462841
1.3872278166729869e-8  2.0254021411617393
1.6646733800075844e-8  2.06958935615212
1.9421189433421816e-8  2.110991027524322
2.219564506676779e-8  2.1456526423016116
2.4970100700113762e-8  2.1725864998115445
2.7744556333459737e-8  2.199196604373436
3.051901196680571e-8  2.2252721176579535
3.329346760015169e-8  2.2469276337953494
3.6067923233497656e-8  2.2713973910957828
3.884237886684363e-8  2.290242413504024
4.1616834500189606e-8  2.3039764765144257
4.439129013353558e-8  2.319313811193532
4.7165745766881556e-8  2.3360257301727065
4.9940201400227525e-8  2.3454298564719713
5.27146570335735e-8  2.36284529678035
5.5489112666919475e-8  2.3718870623486765
5.826356830026545e-8  2.3896315711285014
6.103802393361143e-8  2.3995215724847934
6.38124795669574e-8  2.4092667620412014
6.658693520030338e-8  2.423458768030588
6.936139083364934e-8  2.434666869077031
7.213584646699531e-8  2.439614041633666
7.49103021003413e-8  2.4624347035903913
7.768475773368726e-8  2.467615466590784
8.045921336703324e-8  2.475565970329082
8.323366900037921e-8  2.474830011018186
8.600812463372518e-8  2.489010775971069
8.878258026707116e-8  2.493492758845359
9.155703590041713e-8  2.4989385468143355
9.433149153376311e-8  2.5035598252640887
9.710594716710908e-8  2.5091081042496852
9.988040280045505e-8  2.5162454553705094
1.0265485843380103e-7  2.5258985730862764
1.05429314067147e-7  2.5312971515517955
1.0820376970049298e-7  2.540404781288485
1.1097822533383895e-7  2.5531037181831784
1.1375268096718492e-7  2.5555675428841975
1.165271366005309e-7  2.561837695562919
1.1930159223387688e-7  2.5670391305050115
1.2207604786722285e-7  2.573436550797253
1.2485050350056882e-7  2.5729169285263582
1.276249591339148e-7  2.5854108440561046
1.3039941476726076e-7  2.5792163396384007
1.3317387040060675e-7  2.600312896598869
1.3594832603395272e-7  2.606148685241781
1.387227816672987e-7  2.608150126173456
