2.774455633345974e-9  1.4311773763321278
5.548911266691948e-9  1.5811798375842752
8.323366900037922e-9  1.6693851614451494
1.1097822533383895e-8  1.7325802480572134
1.3872278166729869e-8  1.7824502327749516
1.6646733800075844e-8  1.8225408895407487
1.9421189433421816e-8  1.853673611978445
2.219564506676779e-8  1.8829771490355296
2.4970100700113762e-8  1.9106410605239672
2.7744556333459737e-8  1.9310354123319007
3.051901196680571e-8  1.9567002424380673
3.329346760015169e-8  1.970568920696818
3.6067923233497656e-8  1.9874092625594095
3.884237886684363e-8  2.004080724976178
4.1616834500189606e-8  2.0197496558063848
4.439129013353558e-8  2.0332614356215304
4.7165745766881556e-8  2.0446944072078903
4.9940201400227525e-8  2.0615937784404736
5.27146570335735e-8  2.0695309068676297
5.5489112666919475e-8  2.0856900575178106
5.826356830026545e-8  2.095215746597404
6.103802393361143e-8  2.106736143166303
6.38124795669574e-8  2.1188436412651117
6.658693520030338e-8  2.1221290649820768
6.936139083364934e-8  2.1260866394349995
7.213584646699531e-8  2.1375857997568755
7.49103021003413e-8  2.14506592925831
7.768475773368726e-8  2.150125024247973
8.045921336703324e-8  2.1660280150485205
8.323366900037921e-8  2.1620758068392676
8.600812463372518e-8  2.1706821613386733
8.878258026707116e-8  2.18065710760869
9.155703590041713e-8  2.189095256292985
9.433149153376311e-8  2.1971276158201367
9.710594716710908e-8  2.2086549959428954
9.988040280045505e-8  2.213014377743017
1.0265485843380103e-7  2.221092575844098
1.05429314067147e-7  2.227021751954868
1.0820376970049298e-7  2.2364145619848212
1.1097822533383895e-7  2.2371067924729897
1.1375268096718492e-7  2.229385750065211
1.165271366005309e-7  2.2378565354308293
1.1930159223387688e-7  2.2452579212333466
1.2207604786722285e-7  2.2485737138991584
1.2485050350056882e-7  2.251758665927099
1.276249591339148e-7  2.254144296136317
1.3039941476726076e-7  2.2624542497185702
1.3317387040060675e-7  2.2716256272677193
1.3594832603395272e-7  2.270124823712785
1.387227816672987e-7  2.2763359134644507
