2.774455633345974e-9  2.30898659927515
5.548911266691948e-9  2.5544690654898417
8.323366900037922e-9  2.696453757507275
1.1097822533383895e-8  2.79768171018325
1.3872278166729869e-8  2.8796944739721853
1.6646733800075844e-8  2.945434432411202
1.9421189433421816e-8  3.000179341138798
2.219564506676779e-8  3.0486072163032905
2.4970100700113762e-8  3.088336845372055
2.7744556333459737e-8  3.131146461219385
3.051901196680571e-8  3.16386588743265
3.329346760015169e-8  3.195282924731622
3.6067923233497656e-8  3.219496778135626
3.884237886684363e-8  3.2496143650263565
4.1616834500189606e-8  3.2753113884700347
4.439129013353558e-8  3.296513890730232
4.7165745766881556e-8  3.3216529797723995
4.9940201400227525e-8  3.341699625742499
5.27146570335735e-8  3.3579577952485256
5.5489112666919475e-8  3.3812431671645955
5.826356830026545e-8  3.400195228574803
6.103802393361143e-8  3.416865151638002
6.38124795669574e-8  3.429510880635627
6.658693520030338e-8  3.4427710962438596
6.936139083364934e-8  3.4560035236024955
7.213584646699531e-8  3.475327325890061
7.49103021003413e-8  3.479038002982089
7.768475773368726e-8  3.497955549741997
8.045921336703324e-8  3.504842117033195
8.323366900037921e-8  3.5241117457448086
8.600812463372518e-8  3.5375380668968974
8.878258026707116e-8  3.551994403911618
9.155703590041713e-8  3.5527587567943737
9.433149153376311e-8  3.5698896913255775
9.710594716710908e-8  3.577776797297384
9.988040280045505e-8  3.5905193251231218
1.0265485843380103e-7  3.5988798281864876
1.05429314067147e-7  3.6129891008363395
1.0820376970049298e-7  3.613587556110478
1.1097822533383895e-7  3.626772212708312
1.1375268096718492e-7  3.6415275948997072
1.165271366005309e-7  3.6478210794053627
1.1930159223387688e-7  3.652145335646843
1.2207604786722285e-7  3.6596572497623807
1.2485050350056882e-7  3.6704825604263536
1.276249591339148e-7  3.682350893480052
1.3039941476726076e-7  3.686943312240771
1.3317387040060675e-7  3.6901822206743775
1.3594832603395272e-7  3.7031029539737745
1.387227816672987e-7  3.6993878551597725
