2.774455633345974e-9  2.1501307194719295
5.548911266691948e-9  2.391701017847752
8.323366900037922e-9  2.5314260669883275
1.1097822533383895e-8  2.628598410849277
1.3872278166729869e-8  2.7040201839084124
1.6646733800075844e-8  2.7676577580498147
1.9421189433421816e-8  2.8221171176177364
2.219564506676779e-8  2.869173858322628
2.4970100700113762e-8  2.909466092667345
2.7744556333459737e-8  2.9475093127500216
3.051901196680571e-8  2.9793554518527374
3.329346760015169e-8  3.011013378903392
3.6067923233497656e-8  3.036858557510429
3.884237886684363e-8  3.0651143154466993
4.1616834500189606e-8  3.0865113962289623
4.439129013353558e-8  3.1100955525335845
4.7165745766881556e-8  3.1292939562385005
4.9940201400227525e-8  3.149625737407372
5.27146570335735e-8  3.166308737793456
5.5489112666919475e-8  3.1838278326203633
5.826356830026545e-8  3.2049983793769394
6.103802393361143e-8  3.224404233363956
6.38124795669574e-8  3.230622171161263
6.658693520030338e-8  3.2490330034326522
6.936139083364934e-8  3.2635367478785473
7.213584646699531e-8  3.2802652655080826
7.49103021003413e-8  3.28876403804122
7.768475773368726e-8  3.295638987286437
8.045921336703324e-8  3.3122134966020793
8.323366900037921e-8  3.323184662806895
8.600812463372518e-8  3.3320967391395184
8.878258026707116e-8  3.3550486889489903
9.155703590041713e-8  3.356722951501513
9.433149153376311e-8  3.373246046582095
9.710594716710908e-8  3.3829373658977637
9.988040280045505e-8  3.399225417409087
1.0265485843380103e-7  3.399072679884252
1.05429314067147e-7  3.4161158178299953
1.0820376970049298e-7  3.427946512677895
1.1097822533383895e-7  3.435851330984168
1.1375268096718492e-7  3.4397699483411097
1.165271366005309e-7  3.446542213522226
1.1930159223387688e-7  3.4538102532724215
1.2207604786722285e-7  3.461440886830639
1.2485050350056882e-7  3.4810211116187477
1.276249591339148e-7  3.483121560523174
1.3039941476726076e-7  3.483669586350309
1.3317387040060675e-7  3.484972247569993
1.3594832603395272e-7  3.496930292088895
1.387227816672987e-7  3.5025878919232247
