2.774455633345974e-9  0.9186070654080287
5.548911266691948e-9  1.0199489151174008
8.323366900037922e-9  1.0788167704437646
1.1097822533383895e-8  1.1209109150232255
1.3872278166729869e-8  1.1544987658055643
1.6646733800075844e-8  1.1805161386967005
1.9421189433421816e-8  1.2036724244000654
2.219564506676779e-8  1.222293520717425
2.4970100700113762e-8  1.2423379913116286
2.7744556333459737e-8  1.2557527482690254
3.051901196680571e-8  1.2687983475350821
3.329346760015169e-8  1.2838266047534062
3.6067923233497656e-8  1.2937017148138663
3.884237886684363e-8  1.306110685908688
4.1616834500189606e-8  1.3190467468124711
4.439129013353558e-8  1.3296802769054836
4.7165745766881556e-8  1.3382783304837946
4.9940201400227525e-8  1.3427671836107886
5.27146570335735e-8  1.3513685988549453
5.5489112666919475e-8  1.358450664450551
5.826356830026545e-8  1.3648024399055496
6.103802393361143e-8  1.3727469780278954
6.38124795669574e-8  1.3787741846109038
6.658693520030338e-8  1.3857347081068139
6.936139083364934e-8  1.3913218306023132
7.213584646699531e-8  1.3950985808474654
7.49103021003413e-8  1.4034703239593866
7.768475773368726e-8  1.409671259695996
8.045921336703324e-8  1.4192460943894358
8.323366900037921e-8  1.4190846878556167
8.600812463372518e-8  1.4270502564237373
8.878258026707116e-8  1.4277861497909228
9.155703590041713e-8  1.4329858072387298
9.433149153376311e-8  1.4376462019015983
9.710594716710908e-8  1.4450214405786186
9.988040280045505e-8  1.4470743761642175
1.0265485843380103e-7  1.4448760586435092
1.05429314067147e-7  1.4493611153896577
1.0820376970049298e-7  1.4531925895586602
1.1097822533383895e-7  1.4577497724578161
1.1375268096718492e-7  1.462791795790039
1.165271366005309e-7  1.4644003291743009
1.1930159223387688e-7  1.4709861187011535
1.2207604786722285e-7  1.4697577501904733
1.2485050350056882e-7  1.4791488186817254
1.276249591339148e-7  1.4783798664629049
1.3039941476726076e-7  1.4800802468375247
1.3317387040060675e-7  1.4833174554822597
1.3594832603395272e-7  1.482224850993652
1.387227816672987e-7  1.490362255834798
