2.774455633345974e-9  2.3023845298373526
5.548911266691948e-9  2.5613607172901256
8.323366900037922e-9  2.6990802326431447
1.1097822533383895e-8  2.8056802187310597
1.3872278166729869e-8  2.882618186512244
1.6646733800075844e-8  2.9497686716652423
1.9421189433421816e-8  3.0084796427546845
2.219564506676779e-8  3.055861439490401
2.4970100700113762e-8  3.0999738719419168
2.7744556333459737e-8  3.134276763869803
3.051901196680571e-8  3.1762779752572188
3.329346760015169e-8  3.198499475915508
3.6067923233497656e-8  3.2290022677188595
3.884237886684363e-8  3.259851250361603
4.1616834500189606e-8  3.2805698067647393
4.439129013353558e-8  3.3040781724526114
4.7165745766881556e-8  3.3280120631395387
4.9940201400227525e-8  3.3503346444932607
5.27146570335735e-8  3.3645913321022185
5.5489112666919475e-8  3.3871773429808827
5.826356830026545e-8  3.4063539715260354
6.103802393361143e-8  3.4178279384169454
6.38124795669574e-8  3.4370632194498207
6.658693520030338e-8  3.451883329707424
6.936139083364934e-8  3.4669853100436523
7.213584646699531e-8  3.4816722350256306
7.49103021003413e-8  3.4992050453814425
7.768475773368726e-8  3.509932658222009
8.045921336703324e-8  3.52279097498597
8.323366900037921e-8  3.5323991348169943
8.600812463372518e-8  3.5466468326723075
8.878258026707116e-8  3.5617740109107525
9.155703590041713e-8  3.5679220068037427
9.433149153376311e-8  3.584088349976417
9.710594716710908e-8  3.587136756115608
9.988040280045505e-8  3.595134109837102
1.0265485843380103e-7  3.6149417526094783
1.05429314067147e-7  3.6147074458451094
1.0820376970049298e-7  3.623008539232451
1.1097822533383895e-7  3.634833729574832
1.1375268096718492e-7  3.644131386989985
1.165271366005309e-7  3.654984877828275
1.1930159223387688e-7  3.6611962281649135
1.2207604786722285e-7  3.6729258711379895
1.2485050350056882e-7  3.670632307496948
1.276249591339148e-7  3.684841798231477
1.3039941476726076e-7  3.6965292152332223
1.3317387040060675e-7  3.7079270325750064
1.3594832603395272e-7  3.7060157914438436
1.387227816672987e-7  3.7178278881970606
