2.774455633345974e-9  0.8971140436062226
5.548911266691948e-9  0.9954603538500331
8.323366900037922e-9  1.0531201105087054
1.1097822533383895e-8  1.0941179473302063
1.3872278166729869e-8  1.1262786507641913
1.6646733800075844e-8  1.1527330554812458
1.9421189433421816e-8  1.1752199537736336
2.219564506676779e-8  1.1935251436129881
2.4970100700113762e-8  1.2102776526511456
2.7744556333459737e-8  1.2259266871778178
3.051901196680571e-8  1.2403446021063211
3.329346760015169e-8  1.2527783837824238
3.6067923233497656e-8  1.2654692623247872
3.884237886684363e-8  1.2762882353620026
4.1616834500189606e-8  1.2866608917187408
4.439129013353558e-8  1.2943732802180736
4.7165745766881556e-8  1.3026860748515154
4.9940201400227525e-8  1.3098296696709018
5.27146570335735e-8  1.316841037884334
5.5489112666919475e-8  1.3233435556637592
5.826356830026545e-8  1.3315336699057565
6.103802393361143e-8  1.3415042650353857
6.38124795669574e-8  1.342387923073681
6.658693520030338e-8  1.3542774606990617
6.936139083364934e-8  1.3592517302524536
7.213584646699531e-8  1.3648654776909666
7.49103021003413e-8  1.3735039216557645
7.768475773368726e-8  1.3759891617666622
8.045921336703324e-8  1.3824486241661236
8.323366900037921e-8  1.387587947067704
8.600812463372518e-8  1.3922144730230332
8.878258026707116e-8  1.3953086552776073
9.155703590041713e-8  1.400114572486663
9.433149153376311e-8  1.4024326842070558
9.710594716710908e-8  1.4073627151726567
9.988040280045505e-8  1.4068481310653427
1.0265485843380103e-7  1.4113770151939011
1.05429314067147e-7  1.4194913968359342
1.0820376970049298e-7  1.4185365465506619
1.1097822533383895e-7  1.421804534350126
1.1375268096718492e-7  1.4261337074276814
1.165271366005309e-7  1.4275846220767734
1.1930159223387688e-7  1.4299050175561419
1.2207604786722285e-7  1.4359395753955917
1.2485050350056882e-7  1.4377347239118328
1.276249591339148e-7  1.4427316350906847
1.3039941476726076e-7  1.442243112966329
1.3317387040060675e-7  1.4507877102833466
1.3594832603395272e-7  1.4573307903395756
1.387227816672987e-7  1.4541285573485176
