2.774455633345974e-9  0.6664589369726178
5.548911266691948e-9  0.7369933946047541
8.323366900037922e-9  0.7795141361041198
1.1097822533383895e-8  0.809918442069404
1.3872278166729869e-8  0.8327856569803676
1.6646733800075844e-8  0.8519387040348093
1.9421189433421816e-8  0.8690404865157921
2.219564506676779e-8  0.8821250758726839
2.4970100700113762e-8  0.8967082510219442
2.7744556333459737e-8  0.9065058479341918
3.051901196680571e-8  0.9159130029946816
3.329346760015169e-8  0.9259945729116678
3.6067923233497656e-8  0.9333951741292461
3.884237886684363e-8  0.9432037827832622
4.1616834500189606e-8  0.9510857378016973
4.439129013353558e-8  0.9580113003120345
4.7165745766881556e-8  0.9638620962539882
4.9940201400227525e-8  0.9681930621641979
5.27146570335735e-8  0.9737591370981354
5.5489112666919475e-8  0.9816930063652964
5.826356830026545e-8  0.9823394943971678
6.103802393361143e-8  0.9912282361440639
6.38124795669574e-8  0.9944953696000605
6.658693520030338e-8  1.0000117726015836
6.936139083364934e-8  1.0029171572612112
7.213584646699531e-8  1.0086499324340767
7.49103021003413e-8  1.012997241592051
7.768475773368726e-8  1.014704252251522
8.045921336703324e-8  1.023565121080246
8.323366900037921e-8  1.022240742126151
8.600812463372518e-8  1.0260805593451532
8.878258026707116e-8  1.0282971410975759
9.155703590041713e-8  1.0341116978221268
9.433149153376311e-8  1.0336914461285969
9.710594716710908e-8  1.0406811791961794
9.988040280045505e-8  1.042893051705905
1.0265485843380103e-7  1.0404452416703347
1.05429314067147e-7  1.0471462358185422
1.0820376970049298e-7  1.048745904747803
1.1097822533383895e-7  1.0541441088981316
1.1375268096718492e-7  1.0549166286114648
1.165271366005309e-7  1.055116533718917
1.1930159223387688e-7  1.0608040287804115
1.2207604786722285e-7  1.0615770892636043
1.2485050350056882e-7  1.0681910583306373
1.276249591339148e-7  1.0652943255706688
1.3039941476726076e-7  1.068004644029992
1.3317387040060675e-7  1.0677236025406758
1.3594832603395272e-7  1.074736336327017
1.387227816672987e-7  1.0768799335413055
