2.774455633345974e-9  1.7638094459897296
5.548911266691948e-9  1.9505681425886021
8.323366900037922e-9  2.0600999322891984
1.1097822533383895e-8  2.138248828878581
1.3872278166729869e-8  2.1996413681078324
1.6646733800075844e-8  2.2476277922010324
1.9421189433421816e-8  2.2923709415872517
2.219564506676779e-8  2.323737604572637
2.4970100700113762e-8  2.35816796062685
2.7744556333459737e-8  2.3823274526681013
3.051901196680571e-8  2.413040716481836
3.329346760015169e-8  2.4361207350602294
3.6067923233497656e-8  2.4537813556445363
3.884237886684363e-8  2.4764856312995684
4.1616834500189606e-8  2.4941482158904877
4.439129013353558e-8  2.5120259422441564
4.7165745766881556e-8  2.525494885421124
4.9940201400227525e-8  2.5456222235346506
5.27146570335735e-8  2.5526150917172665
5.5489112666919475e-8  2.568638382522787
5.826356830026545e-8  2.59254556191528
6.103802393361143e-8  2.607736448607355
6.38124795669574e-8  2.61334766044006
6.658693520030338e-8  2.62275782238134
6.936139083364934e-8  2.630355201639899
7.213584646699531e-8  2.6491569471974388
7.49103021003413e-8  2.6537263222102654
7.768475773368726e-8  2.6632097401093393
8.045921336703324e-8  2.672691801439604
8.323366900037921e-8  2.6760073437705687
8.600812463372518e-8  2.6851506532490568
8.878258026707116e-8  2.699000094806904
9.155703590041713e-8  2.70378507060432
9.433149153376311e-8  2.715765174901139
9.710594716710908e-8  2.7067819640020274
9.988040280045505e-8  2.7259021081837185
1.0265485843380103e-7  2.737869832824187
1.05429314067147e-7  2.73117542621369
1.0820376970049298e-7  2.748071103039079
1.1097822533383895e-7  2.760318535287107
1.1375268096718492e-7  2.7594476720560457
1.165271366005309e-7  2.77392955004113
1.1930159223387688e-7  2.7776157727738373
1.2207604786722285e-7  2.793631996335746
1.2485050350056882e-7  2.7798231356001475
1.276249591339148e-7  2.8016476368191765
1.3039941476726076e-7  2.818718847992037
1.3317387040060675e-7  2.810256872937849
1.3594832603395272e-7  2.813018690835828
1.387227816672987e-7  2.8183021841316607
