2.774455633345974e-9  2.2070852120804845
5.548911266691948e-9  2.450055710444221
8.323366900037922e-9  2.597902963215826
1.1097822533383895e-8  2.699914517569463
1.3872278166729869e-8  2.7765225702890994
1.6646733800075844e-8  2.8405377954576787
1.9421189433421816e-8  2.896684028197754
2.219564506676779e-8  2.9420526074469353
2.4970100700113762e-8  2.98713704896619
2.7744556333459737e-8  3.0217826787830924
3.051901196680571e-8  3.0548339989309556
3.329346760015169e-8  3.0854451150006477
3.6067923233497656e-8  3.1128360030394093
3.884237886684363e-8  3.1375987934156364
4.1616834500189606e-8  3.1690190353010754
4.439129013353558e-8  3.1903934243413765
4.7165745766881556e-8  3.2081215412970443
4.9940201400227525e-8  3.2293924671831045
5.27146570335735e-8  3.2506199865857255
5.5489112666919475e-8  3.265836035044908
5.826356830026545e-8  3.2837789895379355
6.103802393361143e-8  3.301794160098404
6.38124795669574e-8  3.319169994575268
6.658693520030338e-8  3.337076963386957
6.936139083364934e-8  3.348690218835791
7.213584646699531e-8  3.3551973407900033
7.49103021003413e-8  3.379055801394222
7.768475773368726e-8  3.387833533521619
8.045921336703324e-8  3.3992666383442396
8.323366900037921e-8  3.4090387559599513
8.600812463372518e-8  3.4257400000494203
8.878258026707116e-8  3.4330837031393635
9.155703590041713e-8  3.440939181231309
9.433149153376311e-8  3.4584528457246173
9.710594716710908e-8  3.4625693548118637
9.988040280045505e-8  3.4750197523666575
1.0265485843380103e-7  3.4850202475931336
1.05429314067147e-7  3.4979278635728215
1.0820376970049298e-7  3.500322901792489
1.1097822533383895e-7  3.5155760767196234
1.1375268096718492e-7  3.526305103154064
1.165271366005309e-7  3.540125980883928
1.1930159223387688e-7  3.533519733611093
1.2207604786722285e-7  3.546696651393809
1.2485050350056882e-7  3.567353299864974
1.276249591339148e-7  3.570948123746282
1.3039941476726076e-7  3.566014776173081
1.3317387040060675e-7  3.5840962111221213
1.3594832603395272e-7  3.5796281384445408
1.387227816672987e-7  3.596154806518185
