2.774455633345974e-9  1.470279787615554
5.548911266691948e-9  1.6371067981624288
8.323366900037922e-9  1.7348365294032353
1.1097822533383895e-8  1.8039670299297488
1.3872278166729869e-8  1.8589858365029246
1.6646733800075844e-8  1.9027761501033666
1.9421189433421816e-8  1.9422125521472537
2.219564506676779e-8  1.9728106413466044
2.4970100700113762e-8  2.0010496371475557
2.7744556333459737e-8  2.0291608075650087
3.051901196680571e-8  2.0544366119658766
3.329346760015169e-8  2.072193873148112
3.6067923233497656e-8  2.092416992024689
3.884237886684363e-8  2.1106835763716787
4.1616834500189606e-8  2.1261612883719385
4.439129013353558e-8  2.144975181632057
4.7165745766881556e-8  2.159729445005161
4.9940201400227525e-8  2.174881817288551
5.27146570335735e-8  2.1907209027556314
5.5489112666919475e-8  2.198912273932559
5.826356830026545e-8  2.2117772647626674
6.103802393361143e-8  2.2235052268562154
6.38124795669574e-8  2.231033965055081
6.658693520030338e-8  2.2442565330229294
6.936139083364934e-8  2.2539071060114266
7.213584646699531e-8  2.260376160790768
7.49103021003413e-8  2.269927329682368
7.768475773368726e-8  2.2811818209907306
8.045921336703324e-8  2.2890502966975443
8.323366900037921e-8  2.2983918027773362
8.600812463372518e-8  2.3124064015164043
8.878258026707116e-8  2.3127706106417296
9.155703590041713e-8  2.3312826463776104
9.433149153376311e-8  2.3321781686935115
9.710594716710908e-8  2.3379803076463745
9.988040280045505e-8  2.347922041024647
1.0265485843380103e-7  2.3533509318257386
1.05429314067147e-7  2.3530728171200863
1.0820376970049298e-7  2.3593206981508565
1.1097822533383895e-7  2.3683004813382187
1.1375268096718492e-7  2.3711562757712525
1.165271366005309e-7  2.378068582139906
1.1930159223387688e-7  2.3864754806351938
1.2207604786722285e-7  2.3902632133706234
1.2485050350056882e-7  2.3976079523502634
1.276249591339148e-7  2.394877215015639
1.3039941476726076e-7  2.398857702646819
1.3317387040060675e-7  2.4079031547217014
1.3594832603395272e-7  2.414262634177452
1.387227816672987e-7  2.416385047250872
