2.774455633345974e-9  2.3389758610450557
5.548911266691948e-9  2.5905810290989733
8.323366900037922e-9  2.736196967587091
1.1097822533383895e-8  2.8376605404916786
1.3872278166729869e-8  2.915699647000829
1.6646733800075844e-8  2.982602350553563
1.9421189433421816e-8  3.0384500012206774
2.219564506676779e-8  3.084061082883203
2.4970100700113762e-8  3.1281071229883484
2.7744556333459737e-8  3.1647722426289477
3.051901196680571e-8  3.201371803027382
3.329346760015169e-8  3.232796676838494
3.6067923233497656e-8  3.2599501738753456
3.884237886684363e-8  3.2843140475821375
4.1616834500189606e-8  3.310916815910731
4.439129013353558e-8  3.3383395391046076
4.7165745766881556e-8  3.3565840146109336
4.9940201400227525e-8  3.3816833271818685
5.27146570335735e-8  3.391406539085143
5.5489112666919475e-8  3.4156599197081645
5.826356830026545e-8  3.4341765468082426
6.103802393361143e-8  3.4487326655795023
6.38124795669574e-8  3.4620316006275806
6.658693520030338e-8  3.4793273535186695
6.936139083364934e-8  3.492733359834575
7.213584646699531e-8  3.5062176410666024
7.49103021003413e-8  3.5200939267028026
7.768475773368726e-8  3.5338335837580366
8.045921336703324e-8  3.5437257322461226
8.323366900037921e-8  3.5582932799024647
8.600812463372518e-8  3.5723909539672567
8.878258026707116e-8  3.5794074396044384
9.155703590041713e-8  3.5980204783197576
9.433149153376311e-8  3.6055056378487382
9.710594716710908e-8  3.6072171424627766
9.988040280045505e-8  3.6230280071770844
1.0265485843380103e-7  3.6255660265288405
1.05429314067147e-7  3.6501318937414284
1.0820376970049298e-7  3.659827060410805
1.1097822533383895e-7  3.668243997293082
1.1375268096718492e-7  3.6645479819789997
1.165271366005309e-7  3.673847926491621
1.1930159223387688e-7  3.6873687561411774
1.2207604786722285e-7  3.696469160531781
1.2485050350056882e-7  3.694855748395406
1.276249591339148e-7  3.7149513388166584
1.3039941476726076e-7  3.7216665284215904
1.3317387040060675e-7  3.736289662826607
1.3594832603395272e-7  3.738752207255093
1.387227816672987e-7  3.7400719492147245
