2.774455633345974e-9  1.9119190725407889
5.548911266691948e-9  2.155205922432074
8.323366900037922e-9  2.277359168783075
1.1097822533383895e-8  2.382587479715489
1.3872278166729869e-8  2.4497533871935753
1.6646733800075844e-8  2.5145051174964372
1.9421189433421816e-8  2.564690641452739
2.219564506676779e-8  2.6085642727278042
2.4970100700113762e-8  2.649282286410726
2.7744556333459737e-8  2.68261397829711
3.051901196680571e-8  2.717025314886139
3.329346760015169e-8  2.7434189210487765
3.6067923233497656e-8  2.7702604407474554
3.884237886684363e-8  2.795404590707724
4.1616834500189606e-8  2.8189280813609874
4.439129013353558e-8  2.84134188309416
4.7165745766881556e-8  2.8607147501438432
4.9940201400227525e-8  2.879161890337313
5.27146570335735e-8  2.8999469292369517
5.5489112666919475e-8  2.914876337583724
5.826356830026545e-8  2.93421086742295
6.103802393361143e-8  2.9470439902508954
6.38124795669574e-8  2.9654744751709767
6.658693520030338e-8  2.977034369960388
6.936139083364934e-8  2.9926439218365117
7.213584646699531e-8  2.9994911611321733
7.49103021003413e-8  3.013472437346853
7.768475773368726e-8  3.0275392305810804
8.045921336703324e-8  3.043609142722512
8.323366900037921e-8  3.050718127829676
8.600812463372518e-8  3.057402421457189
8.878258026707116e-8  3.072090722183497
9.155703590041713e-8  3.0865989502843263
9.433149153376311e-8  3.0877623095588964
9.710594716710908e-8  3.105124489238608
9.988040280045505e-8  3.113476384240376
1.0265485843380103e-7  3.1180369179513647
1.05429314067147e-7  3.1405893869351664
1.0820376970049298e-7  3.1424232827946286
1.1097822533383895e-7  3.139235756850178
1.1375268096718492e-7  3.157869865941919
1.165271366005309e-7  3.1625978075009766
1.1930159223387688e-7  3.1787277371988596
1.2207604786722285e-7  3.1433493423011893
1.2485050350056882e-7  3.1896504395789975
1.276249591339148e-7  3.1960978837078846
1.3039941476726076e-7  3.1976082291564834
1.3317387040060675e-7  3.211041791292927
1.3594832603395272e-7  3.2142238255457416
1.387227816672987e-7  3.222374456382696
