2.774455633345974e-9  1.2809032840235912
5.548911266691948e-9  1.4186506884404866
8.323366900037922e-9  1.4994978524004055
1.1097822533383895e-8  1.557365721530144
1.3872278166729869e-8  1.6019053733360296
1.6646733800075844e-8  1.6380354710827927
1.9421189433421816e-8  1.6699768160375001
2.219564506676779e-8  1.6969299144007723
2.4970100700113762e-8  1.7200844154524202
2.7744556333459737e-8  1.7409777128606803
3.051901196680571e-8  1.757628060734089
3.329346760015169e-8  1.7773174587753657
3.6067923233497656e-8  1.7964310306388265
3.884237886684363e-8  1.8101107790582445
4.1616834500189606e-8  1.8227838263389322
4.439129013353558e-8  1.8400014127514388
4.7165745766881556e-8  1.8491213512980744
4.9940201400227525e-8  1.85339995974567
5.27146570335735e-8  1.8685138362404343
5.5489112666919475e-8  1.880769798056917
5.826356830026545e-8  1.887813065367345
6.103802393361143e-8  1.8962092201126302
6.38124795669574e-8  1.9085118092376714
6.658693520030338e-8  1.915394898234608
6.936139083364934e-8  1.9129990733203555
7.213584646699531e-8  1.9324164751595063
7.49103021003413e-8  1.944901443747214
7.768475773368726e-8  1.9468079990808373
8.045921336703324e-8  1.9582942071051723
8.323366900037921e-8  1.9651112505229795
8.600812463372518e-8  1.9648132032740728
8.878258026707116e-8  1.9720710735979154
9.155703590041713e-8  1.9793726246711472
9.433149153376311e-8  1.9859569200164047
9.710594716710908e-8  1.9881274903454385
9.988040280045505e-8  1.9898419236403149
1.0265485843380103e-7  2.0038473016867866
1.05429314067147e-7  2.008848193207222
1.0820376970049298e-7  2.009333030857689
1.1097822533383895e-7  2.0170097614367886
1.1375268096718492e-7  2.0190603152177724
1.165271366005309e-7  2.022342661025837
1.1930159223387688e-7  2.0252625642779924
1.2207604786722285e-7  2.0312904349904137
1.2485050350056882e-7  2.0418429356615753
1.276249591339148e-7  2.042193447318998
1.3039941476726076e-7  2.050933299975635
1.3317387040060675e-7  2.050459939205457
1.3594832603395272e-7  2.0529987909703196
1.387227816672987e-7  2.06521441404332
