2.774455633345974e-9  2.0341094639741546
5.548911266691948e-9  2.2916674239099497
8.323366900037922e-9  2.4355933319038776
1.1097822533383895e-8  2.5334922828077864
1.3872278166729869e-8  2.612382507255973
1.6646733800075844e-8  2.677212869476036
1.9421189433421816e-8  2.729563356189482
2.219564506676779e-8  2.775568180167835
2.4970100700113762e-8  2.817376271954125
2.7744556333459737e-8  2.852839869527634
3.051901196680571e-8  2.88683550785664
3.329346760015169e-8  2.9186461650623174
3.6067923233497656e-8  2.9465850966452813
3.884237886684363e-8  2.9716879277134254
4.1616834500189606e-8  2.996832496672125
4.439129013353558e-8  3.0214648921874407
4.7165745766881556e-8  3.042674141777327
4.9940201400227525e-8  3.062869011921964
5.27146570335735e-8  3.0828802505102537
5.5489112666919475e-8  3.102649775712284
5.826356830026545e-8  3.1211564404435608
6.103802393361143e-8  3.1351755786461086
6.38124795669574e-8  3.1543933167614426
6.658693520030338e-8  3.169977296434641
6.936139083364934e-8  3.176985670076104
7.213584646699531e-8  3.1954246346938935
7.49103021003413e-8  3.203626290055998
7.768475773368726e-8  3.216771577901542
8.045921336703324e-8  3.2363805939229287
8.323366900037921e-8  3.2411962295050283
8.600812463372518e-8  3.2560232038595416
8.878258026707116e-8  3.2655223976528425
9.155703590041713e-8  3.2801170821929566
9.433149153376311e-8  3.2948489234246767
9.710594716710908e-8  3.29852866810348
9.988040280045505e-8  3.312552482941867
1.0265485843380103e-7  3.3171830547256347
1.05429314067147e-7  3.331761468638138
1.0820376970049298e-7  3.3366222911389367
1.1097822533383895e-7  3.3536141472993966
1.1375268096718492e-7  3.356597548494366
1.165271366005309e-7  3.3659543969662713
1.1930159223387688e-7  3.3740937394316894
1.2207604786722285e-7  3.3874409087281747
1.2485050350056882e-7  3.3952360996175006
1.276249591339148e-7  3.4011296717198545
1.3039941476726076e-7  3.4075273034911895
1.3317387040060675e-7  3.410632440902798
1.3594832603395272e-7  3.423527396041582
1.387227816672987e-7  3.4330558098263517
