2.774455633345974e-9  2.220703505167341
5.548911266691948e-9  2.4701835293185446
8.323366900037922e-9  2.6145799735441515
1.1097822533383895e-8  2.7163584829439307
1.3872278166729869e-8  2.797575774147115
1.6646733800075844e-8  2.860918170653575
1.9421189433421816e-8  2.915239294758963
2.219564506676779e-8  2.9633968048555253
2.4970100700113762e-8  3.002500458039878
2.7744556333459737e-8  3.041020111298605
3.051901196680571e-8  3.0769719429473303
3.329346760015169e-8  3.105529358100848
3.6067923233497656e-8  3.13674572984746
3.884237886684363e-8  3.1647121337308093
4.1616834500189606e-8  3.1865783588467185
4.439129013353558e-8  3.208946270180932
4.7165745766881556e-8  3.2322999133473527
4.9940201400227525e-8  3.251031487511961
5.27146570335735e-8  3.271798745066496
5.5489112666919475e-8  3.2910006607501074
5.826356830026545e-8  3.3056445172051547
6.103802393361143e-8  3.3269265940797657
6.38124795669574e-8  3.338614104896343
6.658693520030338e-8  3.3552430264662414
6.936139083364934e-8  3.371163151864436
7.213584646699531e-8  3.385804080797494
7.49103021003413e-8  3.3978897648173634
7.768475773368726e-8  3.4097631797679466
8.045921336703324e-8  3.4195522418296447
8.323366900037921e-8  3.4324715357427023
8.600812463372518e-8  3.4519128371416565
8.878258026707116e-8  3.452475212478995
9.155703590041713e-8  3.47132552094025
9.433149153376311e-8  3.4825419048085604
9.710594716710908e-8  3.490081614513408
9.988040280045505e-8  3.501626942923052
1.0265485843380103e-7  3.511693911902925
1.05429314067147e-7  3.516079539528522
1.0820376970049298e-7  3.526381519358059
1.1097822533383895e-7  3.5280354198442296
1.1375268096718492e-7  3.54180584518365
1.165271366005309e-7  3.5488846152246727
1.1930159223387688e-7  3.564329207264767
1.2207604786722285e-7  3.571061371959281
1.2485050350056882e-7  3.584065279067934
1.276249591339148e-7  3.5863054536051493
1.3039941476726076e-7  3.595810689830531
1.3317387040060675e-7  3.6024835342045978
1.3594832603395272e-7  3.6155722722985804
1.387227816672987e-7  3.618615005366593
