2.774455633345974e-9  1.2364234215007377
5.548911266691948e-9  1.3757039126638173
8.323366900037922e-9  1.4569324362164302
1.1097822533383895e-8  1.5149946677612085
1.3872278166729869e-8  1.5602730430840515
1.6646733800075844e-8  1.5963747813461224
1.9421189433421816e-8  1.6284789685701924
2.219564506676779e-8  1.6563741634376827
2.4970100700113762e-8  1.6817092223567214
2.7744556333459737e-8  1.702350641090614
3.051901196680571e-8  1.7227908153183342
3.329346760015169e-8  1.7365889413690256
3.6067923233497656e-8  1.7586184782625323
3.884237886684363e-8  1.771288118573871
4.1616834500189606e-8  1.7871255816681064
4.439129013353558e-8  1.7991877221819819
4.7165745766881556e-8  1.8107429609156922
4.9940201400227525e-8  1.8247935330507683
5.27146570335735e-8  1.8314239922791429
5.5489112666919475e-8  1.8463505189833629
5.826356830026545e-8  1.8547922414878337
6.103802393361143e-8  1.8619237553815973
6.38124795669574e-8  1.8734379972916664
6.658693520030338e-8  1.8792296782010312
6.936139083364934e-8  1.8859640116119567
7.213584646699531e-8  1.8968778789646854
7.49103021003413e-8  1.9071451002391384
7.768475773368726e-8  1.9131546053049562
8.045921336703324e-8  1.9227988800164617
8.323366900037921e-8  1.925180634975381
8.600812463372518e-8  1.9307503636088807
8.878258026707116e-8  1.9391365918972754
9.155703590041713e-8  1.9469632405029027
9.433149153376311e-8  1.9524690099531075
9.710594716710908e-8  1.9535516066371996
9.988040280045505e-8  1.9644679298590677
1.0265485843380103e-7  1.9662114892158586
1.05429314067147e-7  1.976889933028522
1.0820376970049298e-7  1.9851469321386002
1.1097822533383895e-7  1.9887833246326967
1.1375268096718492e-7  1.9863133343851591
1.165271366005309e-7  1.9880356723574286
1.1930159223387688e-7  1.9934176061935056
1.2207604786722285e-7  2.0023636982843764
1.2485050350056882e-7  2.001145256292028
1.276249591339148e-7  2.001908148410642
1.3039941476726076e-7  2.0132337038665122
1.3317387040060675e-7  2.0155312864283883
1.3594832603395272e-7  2.0242396449296614
1.387227816672987e-7  2.0312293382703244
