2.774455633345974e-9  1.743906482875302
5.548911266691948e-9  1.9584019535140265
8.323366900037922e-9  2.083694968946986
1.1097822533383895e-8  2.1739185948392845
1.3872278166729869e-8  2.2430932986234455
1.6646733800075844e-8  2.299609151359577
1.9421189433421816e-8  2.346519866263678
2.219564506676779e-8  2.385603744270667
2.4970100700113762e-8  2.423488517889626
2.7744556333459737e-8  2.4560339188431266
3.051901196680571e-8  2.4868492251580077
3.329346760015169e-8  2.51225373682548
3.6067923233497656e-8  2.5389277228201057
3.884237886684363e-8  2.5611153769702075
4.1616834500189606e-8  2.580232525119834
4.439129013353558e-8  2.6022089028479845
4.7165745766881556e-8  2.623642082523727
4.9940201400227525e-8  2.639970359525269
5.27146570335735e-8  2.656663560983887
5.5489112666919475e-8  2.6740107111234135
5.826356830026545e-8  2.6838065218337985
6.103802393361143e-8  2.7029994608661445
6.38124795669574e-8  2.7154121574573526
6.658693520030338e-8  2.732416376345015
6.936139083364934e-8  2.740418225650353
7.213584646699531e-8  2.7541556322995926
7.49103021003413e-8  2.7647875184034265
7.768475773368726e-8  2.7783384797500092
8.045921336703324e-8  2.7905942752330692
8.323366900037921e-8  2.7993141146954237
8.600812463372518e-8  2.8095917249559794
8.878258026707116e-8  2.819296574589098
9.155703590041713e-8  2.8302213616588006
9.433149153376311e-8  2.8343744014455146
9.710594716710908e-8  2.846594817082825
9.988040280045505e-8  2.8527865956903433
1.0265485843380103e-7  2.864651099785603
1.05429314067147e-7  2.875768005411163
1.0820376970049298e-7  2.88427602005378
1.1097822533383895e-7  2.890672258587229
1.1375268096718492e-7  2.8938153467858037
1.165271366005309e-7  2.903637543267191
1.1930159223387688e-7  2.906979753276971
1.2207604786722285e-7  2.916386018362011
1.2485050350056882e-7  2.9287802411760104
1.276249591339148e-7  2.9351605240959455
1.3039941476726076e-7  2.9410035527349976
1.3317387040060675e-7  2.9458472160838474
1.3594832603395272e-7  2.953826240035913
1.387227816672987e-7  2.9578682554635023
