2.774455633345974e-9  2556.5810189814774
5.548911266691948e-9  5133.131521091633
8.323366900037922e-9  7711.177720839766
1.1097822533383895e-8  10289.189498329662
1.3872278166729869e-8  12866.578950782696
1.6646733800075844e-8  15445.542510717116
1.9421189433421816e-8  18027.286039152554
2.219564506676779e-8  20602.866691248753
2.4970100700113762e-8  23180.33981063589
2.7744556333459737e-8  25757.97341701113
3.051901196680571e-8  28337.69633472999
3.329346760015169e-8  30915.752108288787
3.6067923233497656e-8  33494.073285898085
3.884237886684363e-8  36075.16554134354
4.1616834500189606e-8  38652.2724898144
4.439129013353558e-8  41230.26080776773
4.7165745766881556e-8  43810.033671320765
4.9940201400227525e-8  46388.36874872094
5.27146570335735e-8  48968.59868006359
5.5489112666919475e-8  51549.6603452369
5.826356830026545e-8  54126.53683545463
6.103802393361143e-8  56702.540236135945
6.38124795669574e-8  59283.39286345986
6.658693520030338e-8  61856.33882911134
6.936139083364934e-8  64441.42173559375
7.213584646699531e-8  67008.70824332711
7.49103021003413e-8  69593.6554963646
7.768475773368726e-8  72175.95369166537
8.045921336703324e-8  74753.25448836981
8.323366900037921e-8  77334.74549643025
8.600812463372518e-8  79917.65667013219
8.878258026707116e-8  82492.54773406206
9.155703590041713e-8  85068.84354363746
9.433149153376311e-8  87645.70782181509
9.710594716710908e-8  90223.51172756398
9.988040280045505e-8  92807.27718992517
1.0265485843380103e-7  95389.38526494626
1.05429314067147e-7  97969.0614272274
1.0820376970049298e-7  100540.75855011067
1.1097822533383895e-7  103118.18789386752
1.1375268096718492e-7  105689.65956867088
1.165271366005309e-7  108278.22746245687
1.1930159223387688e-7  110858.27311764674
1.2207604786722285e-7  113435.90922042557
1.2485050350056882e-7  116013.97269862796
1.276249591339148e-7  118599.7134446849
1.3039941476726076e-7  121179.54786058865
1.3317387040060675e-7  123751.52175071089
1.3594832603395272e-7  126318.87139499726
1.387227816672987e-7  128915.31021453737
