2.774455633345974e-9  0.7740590507324128
5.548911266691948e-9  0.8679264681799826
8.323366900037922e-9  0.922990443667544
1.1097822533383895e-8  0.9625335825617339
1.3872278166729869e-8  0.9929276708663579
1.6646733800075844e-8  1.0178225361803805
1.9421189433421816e-8  1.0389675262492974
2.219564506676779e-8  1.0576782624302166
2.4970100700113762e-8  1.0743925280263418
2.7744556333459737e-8  1.0895845997005909
3.051901196680571e-8  1.1022649948598002
3.329346760015169e-8  1.1143097700905906
3.6067923233497656e-8  1.1252471223310623
3.884237886684363e-8  1.1350359938980816
4.1616834500189606e-8  1.1435895207715037
4.439129013353558e-8  1.1533046107140328
4.7165745766881556e-8  1.162451734900837
4.9940201400227525e-8  1.170700511748515
5.27146570335735e-8  1.1779528098776675
5.5489112666919475e-8  1.1841887409584542
5.826356830026545e-8  1.1913149133832959
6.103802393361143e-8  1.1977451672275314
6.38124795669574e-8  1.2032386718402615
6.658693520030338e-8  1.2084867020443173
6.936139083364934e-8  1.2151157544267772
7.213584646699531e-8  1.2195688260774087
7.49103021003413e-8  1.226417253722134
7.768475773368726e-8  1.2288575506545703
8.045921336703324e-8  1.2352409580932802
8.323366900037921e-8  1.240994042646013
8.600812463372518e-8  1.245289634070492
8.878258026707116e-8  1.250996868608054
9.155703590041713e-8  1.2545750920265724
9.433149153376311e-8  1.2584229890441352
9.710594716710908e-8  1.2634880863394011
9.988040280045505e-8  1.2666922495931663
1.0265485843380103e-7  1.2687378508777076
1.05429314067147e-7  1.2750808960414672
1.0820376970049298e-7  1.2807441397577102
1.1097822533383895e-7  1.2857853396356484
1.1375268096718492e-7  1.285996052674325
1.165271366005309e-7  1.2880753221529313
1.1930159223387688e-7  1.2905108688720857
1.2207604786722285e-7  1.2939536509326044
1.2485050350056882e-7  1.2965667281202946
1.276249591339148e-7  1.2967151896811002
1.3039941476726076e-7  1.3001944877205622
1.3317387040060675e-7  1.3019672943998388
1.3594832603395272e-7  1.3062852397295814
1.387227816672987e-7  1.310023728270127
