2.774455633345974e-9  3781.345475032401
5.548911266691948e-9  7567.916493375638
8.323366900037922e-9  11388.113406520919
1.1097822533383895e-8  15193.146615291607
1.3872278166729869e-8  18996.472399670773
1.6646733800075844e-8  22789.26605349788
1.9421189433421816e-8  26605.502681046844
2.219564506676779e-8  30409.470292595666
2.4970100700113762e-8  34219.054527443186
2.7744556333459737e-8  38016.58969657383
3.051901196680571e-8  41822.19365056102
3.329346760015169e-8  45629.483046675574
3.6067923233497656e-8  49430.11460712752
3.884237886684363e-8  53242.63598445674
4.1616834500189606e-8  57049.20885233493
4.439129013353558e-8  60849.247961598325
4.7165745766881556e-8  64652.261225724214
4.9940201400227525e-8  68454.67915049096
5.27146570335735e-8  72262.39141914806
5.5489112666919475e-8  76066.99739040315
5.826356830026545e-8  79872.0947764166
6.103802393361143e-8  83677.75102610888
6.38124795669574e-8  87478.3099578657
6.658693520030338e-8  91285.52451238339
6.936139083364934e-8  95088.64018972423
7.213584646699531e-8  98901.70426567984
7.49103021003413e-8  102695.27110627257
7.768475773368726e-8  106508.42309926689
8.045921336703324e-8  110312.79918628732
8.323366900037921e-8  114116.83737194396
8.600812463372518e-8  117919.84509640408
8.878258026707116e-8  121712.59381458348
9.155703590041713e-8  125507.60892036649
9.433149153376311e-8  129329.58555553509
9.710594716710908e-8  133136.0072492746
9.988040280045505e-8  136935.15880577767
1.0265485843380103e-7  140732.7912234168
1.05429314067147e-7  144554.27374320905
1.0820376970049298e-7  148359.77277447958
1.1097822533383895e-7  152150.5693670298
1.1375268096718492e-7  155967.16975772282
1.165271366005309e-7  159766.90101917138
1.1930159223387688e-7  163574.05445313652
1.2207604786722285e-7  167357.37537143493
1.2485050350056882e-7  171198.41405469837
1.276249591339148e-7  174992.5786334486
1.3039941476726076e-7  178788.39900144303
1.3317387040060675e-7  182598.8702406708
1.3594832603395272e-7  186401.21968655894
1.387227816672987e-7  190206.33750614864
