2.774455633345974e-9  1.6765660228433465
5.548911266691948e-9  1.8911665697528093
8.323366900037922e-9  2.0048205367023675
1.1097822533383895e-8  2.0908733009148657
1.3872278166729869e-8  2.159359546008676
1.6646733800075844e-8  2.2107153718428973
1.9421189433421816e-8  2.257962540158425
2.219564506676779e-8  2.298026701656217
2.4970100700113762e-8  2.3318499445700756
2.7744556333459737e-8  2.3644239218009684
3.051901196680571e-8  2.3918700284691625
3.329346760015169e-8  2.417781813067965
3.6067923233497656e-8  2.4440727409330103
3.884237886684363e-8  2.464615583045949
4.1616834500189606e-8  2.484470328230634
4.439129013353558e-8  2.5074781250866613
4.7165745766881556e-8  2.524613893014513
4.9940201400227525e-8  2.542540514415765
5.27146570335735e-8  2.557180845556589
5.5489112666919475e-8  2.572452715190156
5.826356830026545e-8  2.58838849172798
6.103802393361143e-8  2.598298279813264
6.38124795669574e-8  2.616974272329999
6.658693520030338e-8  2.6280876810648373
6.936139083364934e-8  2.636519341636125
7.213584646699531e-8  2.647589958886255
7.49103021003413e-8  2.6647133697617233
7.768475773368726e-8  2.66762392743142
8.045921336703324e-8  2.6894167552485997
8.323366900037921e-8  2.6941283376721805
8.600812463372518e-8  2.7049104223999683
8.878258026707116e-8  2.7116896781173643
9.155703590041713e-8  2.729669463748107
9.433149153376311e-8  2.736693319094104
9.710594716710908e-8  2.7442509188886395
9.988040280045505e-8  2.7182258841499465
1.0265485843380103e-7  2.759010552039774
1.05429314067147e-7  2.7831470204585447
1.0820376970049298e-7  2.7790225087732536
1.1097822533383895e-7  2.7784964839240094
1.1375268096718492e-7  2.7846935972135323
1.165271366005309e-7  2.7896422297370975
1.1930159223387688e-7  2.8023458463832394
1.2207604786722285e-7  2.813090277635184
1.2485050350056882e-7  2.818667735588362
1.276249591339148e-7  2.8224027524188355
1.3039941476726076e-7  2.8219566258755613
1.3317387040060675e-7  2.832222138285692
1.3594832603395272e-7  2.8381725406178893
1.387227816672987e-7  2.844581582104838
