2.774455633345974e-9  0.6678523888753934
5.548911266691948e-9  0.7441186229866104
8.323366900037922e-9  0.7888247918042915
1.1097822533383895e-8  0.8208711241555585
1.3872278166729869e-8  0.8456283023074482
1.6646733800075844e-8  0.8657627624699091
1.9421189433421816e-8  0.8828088453442979
2.219564506676779e-8  0.8985280860543268
2.4970100700113762e-8  0.91113653549393
2.7744556333459737e-8  0.9232838218893308
3.051901196680571e-8  0.9330841111979328
3.329346760015169e-8  0.9439358684081578
3.6067923233497656e-8  0.9502356393164196
3.884237886684363e-8  0.9618935740745544
4.1616834500189606e-8  0.9698997100546929
4.439129013353558e-8  0.9758011605194978
4.7165745766881556e-8  0.9825115612161976
4.9940201400227525e-8  0.9872973633551507
5.27146570335735e-8  0.9966469350047864
5.5489112666919475e-8  1.0004323791439789
5.826356830026545e-8  1.0057290191450534
6.103802393361143e-8  1.011890812849953
6.38124795669574e-8  1.0172271186296595
6.658693520030338e-8  1.0223631924480343
6.936139083364934e-8  1.0283875963914353
7.213584646699531e-8  1.032227899105285
7.49103021003413e-8  1.0358217806539547
7.768475773368726e-8  1.041100208652209
8.045921336703324e-8  1.043979410081823
8.323366900037921e-8  1.0475664945675434
8.600812463372518e-8  1.0497388144430213
8.878258026707116e-8  1.0541035215039862
9.155703590041713e-8  1.0565111787215193
9.433149153376311e-8  1.060032276554791
9.710594716710908e-8  1.0611965387010842
9.988040280045505e-8  1.0652138103669153
1.0265485843380103e-7  1.068965858011062
1.05429314067147e-7  1.0705237254943585
1.0820376970049298e-7  1.074108692060594
1.1097822533383895e-7  1.0774162528143587
1.1375268096718492e-7  1.0807739263077878
1.165271366005309e-7  1.0840472374650636
1.1930159223387688e-7  1.086621280629707
1.2207604786722285e-7  1.0901627652146133
1.2485050350056882e-7  1.0901558468957753
1.276249591339148e-7  1.0929769301571983
1.3039941476726076e-7  1.1001180207493066
1.3317387040060675e-7  1.1000910660134042
1.3594832603395272e-7  1.1052276867338218
1.387227816672987e-7  1.108176142068293
