2.774455633345974e-9  0.7088545737216361
5.548911266691948e-9  0.7787218090405408
8.323366900037922e-9  0.8202859520527177
1.1097822533383895e-8  0.8491367211232976
1.3872278166729869e-8  0.8723019994787585
1.6646733800075844e-8  0.8929556052668088
1.9421189433421816e-8  0.9073862970081465
2.219564506676779e-8  0.9187449821575641
2.4970100700113762e-8  0.9321803712589855
2.7744556333459737e-8  0.941212261661912
3.051901196680571e-8  0.9535522109826922
3.329346760015169e-8  0.9632015100094393
3.6067923233497656e-8  0.9680886881651595
3.884237886684363e-8  0.9759787409809213
4.1616834500189606e-8  0.98290800414167
4.439129013353558e-8  0.9911066211629955
4.7165745766881556e-8  0.9982148800078897
4.9940201400227525e-8  1.0004091450231165
5.27146570335735e-8  1.0074707032080124
5.5489112666919475e-8  1.0153917123426444
5.826356830026545e-8  1.0172265572929082
6.103802393361143e-8  1.0242650368082897
6.38124795669574e-8  1.0348887426220572
6.658693520030338e-8  1.0336789141507663
6.936139083364934e-8  1.0342005599605988
7.213584646699531e-8  1.04008703368428
7.49103021003413e-8  1.0459114517010397
7.768475773368726e-8  1.0462380355040926
8.045921336703324e-8  1.0504587273056254
8.323366900037921e-8  1.051717808429012
8.600812463372518e-8  1.0549563047515702
8.878258026707116e-8  1.0592050344254915
9.155703590041713e-8  1.0580237825516874
9.433149153376311e-8  1.0663500247002555
9.710594716710908e-8  1.069169717652549
9.988040280045505e-8  1.0687329901754448
1.0265485843380103e-7  1.0712511903018471
1.05429314067147e-7  1.0770370858670124
1.0820376970049298e-7  1.0793944557014703
1.1097822533383895e-7  1.0832280776792227
1.1375268096718492e-7  1.0880709946991671
1.165271366005309e-7  1.089028924181944
1.1930159223387688e-7  1.0900592870127876
1.2207604786722285e-7  1.0963692981588768
1.2485050350056882e-7  1.0992184570202586
1.276249591339148e-7  1.1037792614572421
1.3039941476726076e-7  1.0994613538262925
1.3317387040060675e-7  1.1075420089248051
1.3594832603395272e-7  1.1070928417351256
1.387227816672987e-7  1.1093504130526952
