2.774455633345974e-9  2.0747461574290242
5.548911266691948e-9  2.31591587977751
8.323366900037922e-9  2.4584703583303
1.1097822533383895e-8  2.560034147668206
1.3872278166729869e-8  2.6371301149149518
1.6646733800075844e-8  2.703093427752164
1.9421189433421816e-8  2.757857267945326
2.219564506676779e-8  2.804180422012436
2.4970100700113762e-8  2.844329989689259
2.7744556333459737e-8  2.8808480519467636
3.051901196680571e-8  2.9140962269465147
3.329346760015169e-8  2.94516210345887
3.6067923233497656e-8  2.9722228323595665
3.884237886684363e-8  2.997342019005563
4.1616834500189606e-8  3.0201263119450283
4.439129013353558e-8  3.0442176440350073
4.7165745766881556e-8  3.0659653556166515
4.9940201400227525e-8  3.082890718444789
5.27146570335735e-8  3.1079194979731093
5.5489112666919475e-8  3.121303870449616
5.826356830026545e-8  3.139818647505137
6.103802393361143e-8  3.159810868289592
6.38124795669574e-8  3.1751823860094346
6.658693520030338e-8  3.190089017466072
6.936139083364934e-8  3.2032408555873704
7.213584646699531e-8  3.214551241496819
7.49103021003413e-8  3.224267078450666
7.768475773368726e-8  3.239826386703111
8.045921336703324e-8  3.255302851283696
8.323366900037921e-8  3.2651717245121654
8.600812463372518e-8  3.275954682675161
8.878258026707116e-8  3.2858600156288618
9.155703590041713e-8  3.2971971903508366
9.433149153376311e-8  3.3110887463538052
9.710594716710908e-8  3.315664313724302
9.988040280045505e-8  3.3327798000874065
1.0265485843380103e-7  3.336327961223903
1.05429314067147e-7  3.3567143456837205
1.0820376970049298e-7  3.3567035029404657
1.1097822533383895e-7  3.363706765532621
1.1375268096718492e-7  3.378753342005429
1.165271366005309e-7  3.384770082363648
1.1930159223387688e-7  3.391826028318738
1.2207604786722285e-7  3.4055339068688655
1.2485050350056882e-7  3.402654077659913
1.276249591339148e-7  3.417296358785516
1.3039941476726076e-7  3.423068142047285
1.3317387040060675e-7  3.4304339781288835
1.3594832603395272e-7  3.4393779897643673
1.387227816672987e-7  3.447727778257596
