2.774455633345974e-9  0.74487527136464
5.548911266691948e-9  0.8191451517015073
8.323366900037922e-9  0.8626674182513663
1.1097822533383895e-8  0.8937288160617883
1.3872278166729869e-8  0.9175920378306102
1.6646733800075844e-8  0.9375582345985807
1.9421189433421816e-8  0.95591884073656
2.219564506676779e-8  0.967715931013841
2.4970100700113762e-8  0.9810071137271287
2.7744556333459737e-8  0.9919212384365458
3.051901196680571e-8  1.003526851518182
3.329346760015169e-8  1.0145742571892848
3.6067923233497656e-8  1.0237914606290393
3.884237886684363e-8  1.0298528178585749
4.1616834500189606e-8  1.0358634172842576
4.439129013353558e-8  1.0432735136397928
4.7165745766881556e-8  1.0482948942431158
4.9940201400227525e-8  1.058579774774144
5.27146570335735e-8  1.0610755946569335
5.5489112666919475e-8  1.0667105094054308
5.826356830026545e-8  1.0730324664333049
6.103802393361143e-8  1.0783229779157015
6.38124795669574e-8  1.084375951292557
6.658693520030338e-8  1.090869927387122
6.936139083364934e-8  1.0914973351502542
7.213584646699531e-8  1.0972146451325042
7.49103021003413e-8  1.107417753800977
7.768475773368726e-8  1.1022192204308159
8.045921336703324e-8  1.1036874666853789
8.323366900037921e-8  1.109768276289184
8.600812463372518e-8  1.1113936565893276
8.878258026707116e-8  1.1176805355880848
9.155703590041713e-8  1.1163681664808267
9.433149153376311e-8  1.1185681481571934
9.710594716710908e-8  1.1243627228448574
9.988040280045505e-8  1.1290494578664283
1.0265485843380103e-7  1.1337489555742546
1.05429314067147e-7  1.1322620901016174
1.0820376970049298e-7  1.1327977509601719
1.1097822533383895e-7  1.1398719613559292
1.1375268096718492e-7  1.1410098844512715
1.165271366005309e-7  1.149428798329757
1.1930159223387688e-7  1.1484054353887916
1.2207604786722285e-7  1.1518250712946452
1.2485050350056882e-7  1.1562646516026112
1.276249591339148e-7  1.1600290600866494
1.3039941476726076e-7  1.159202632503153
1.3317387040060675e-7  1.1650681044582822
1.3594832603395272e-7  1.16238801578141
1.387227816672987e-7  1.1684953321009626
