2.774455633345974e-9  0.8059708139516049
5.548911266691948e-9  0.8855670561432
8.323366900037922e-9  0.9330587199679703
1.1097822533383895e-8  0.9664585407898878
1.3872278166729869e-8  0.9933498251751023
1.6646733800075844e-8  1.0133769767865144
1.9421189433421816e-8  1.0318517028463847
2.219564506676779e-8  1.0462963182541791
2.4970100700113762e-8  1.0616202058655722
2.7744556333459737e-8  1.0738807439809017
3.051901196680571e-8  1.0866061189755054
3.329346760015169e-8  1.0945945145370506
3.6067923233497656e-8  1.102103200520507
3.884237886684363e-8  1.110201578384355
4.1616834500189606e-8  1.1166661814822192
4.439129013353558e-8  1.124961843852149
4.7165745766881556e-8  1.1367263453943248
4.9940201400227525e-8  1.143099128118891
5.27146570335735e-8  1.1454267741908861
5.5489112666919475e-8  1.1573767738729759
5.826356830026545e-8  1.1602599065035009
6.103802393361143e-8  1.1607682439351432
6.38124795669574e-8  1.168432403655012
6.658693520030338e-8  1.1740110697562225
6.936139083364934e-8  1.1750647136836037
7.213584646699531e-8  1.1793517008947652
7.49103021003413e-8  1.1851623434680767
7.768475773368726e-8  1.1929846290966506
8.045921336703324e-8  1.198172934208822
8.323366900037921e-8  1.1961424892675943
8.600812463372518e-8  1.1989729327053686
8.878258026707116e-8  1.208992719686283
9.155703590041713e-8  1.207935072081067
9.433149153376311e-8  1.2120137800279998
9.710594716710908e-8  1.218667933467425
9.988040280045505e-8  1.219936832930714
1.0265485843380103e-7  1.2247312121319551
1.05429314067147e-7  1.2325815851559419
1.0820376970049298e-7  1.2350119259143444
1.1097822533383895e-7  1.2311250996493217
1.1375268096718492e-7  1.2338918264411707
1.165271366005309e-7  1.2408297480160193
1.1930159223387688e-7  1.2423881718033498
1.2207604786722285e-7  1.23773282785576
1.2485050350056882e-7  1.2452930538318285
1.276249591339148e-7  1.2441671180590934
1.3039941476726076e-7  1.2474474647828238
1.3317387040060675e-7  1.2492533020134327
1.3594832603395272e-7  1.2513430572478195
1.387227816672987e-7  1.2551943983200977
