2.774455633345974e-9  0.9428757105956372
5.548911266691948e-9  1.0513062018585064
8.323366900037922e-9  1.1145058520090994
1.1097822533383895e-8  1.1573567025691944
1.3872278166729869e-8  1.1913392629251096
1.6646733800075844e-8  1.2204590940155302
1.9421189433421816e-8  1.244913707706986
2.219564506676779e-8  1.2657790439217058
2.4970100700113762e-8  1.284408310301977
2.7744556333459737e-8  1.3007267394441997
3.051901196680571e-8  1.316922013006939
3.329346760015169e-8  1.3275905856270493
3.6067923233497656e-8  1.3416783533730359
3.884237886684363e-8  1.3543599990621522
4.1616834500189606e-8  1.366963542533425
4.439129013353558e-8  1.373600881204318
4.7165745766881556e-8  1.381686768422022
4.9940201400227525e-8  1.3932899306824462
5.27146570335735e-8  1.399795018215685
5.5489112666919475e-8  1.4066710313084003
5.826356830026545e-8  1.4163586452537893
6.103802393361143e-8  1.4247068007964023
6.38124795669574e-8  1.4287090172192396
6.658693520030338e-8  1.436828947731123
6.936139083364934e-8  1.4409724378028148
7.213584646699531e-8  1.4514777580078124
7.49103021003413e-8  1.4551101600577823
7.768475773368726e-8  1.4583268773976321
8.045921336703324e-8  1.463792043043304
8.323366900037921e-8  1.4729741889983243
8.600812463372518e-8  1.4750897575349406
8.878258026707116e-8  1.4799818130596372
9.155703590041713e-8  1.4831107814511233
9.433149153376311e-8  1.4914470721845239
9.710594716710908e-8  1.4931932803910755
9.988040280045505e-8  1.5025355267325848
1.0265485843380103e-7  1.497461673421783
1.05429314067147e-7  1.5023618387811764
1.0820376970049298e-7  1.512206071625693
1.1097822533383895e-7  1.51525484085118
1.1375268096718492e-7  1.5140162172899776
1.165271366005309e-7  1.51837745260501
1.1930159223387688e-7  1.5273274229761433
1.2207604786722285e-7  1.5297040804430646
1.2485050350056882e-7  1.524725124557057
1.276249591339148e-7  1.5344900134891784
1.3039941476726076e-7  1.5353879710033342
1.3317387040060675e-7  1.5448891538560856
1.3594832603395272e-7  1.5467016215002083
1.387227816672987e-7  1.5445932978281747
