2.774455633345974e-9  2.05309844121406
5.548911266691948e-9  2.2727535582962775
8.323366900037922e-9  2.401954869324227
1.1097822533383895e-8  2.4941592932551706
1.3872278166729869e-8  2.563350737386603
1.6646733800075844e-8  2.6223270304037287
1.9421189433421816e-8  2.6695527069085783
2.219564506676779e-8  2.7135849136280084
2.4970100700113762e-8  2.749552203147504
2.7744556333459737e-8  2.7850530455188407
3.051901196680571e-8  2.820321473521202
3.329346760015169e-8  2.844821826696061
3.6067923233497656e-8  2.8662618648882345
3.884237886684363e-8  2.8916657095855176
4.1616834500189606e-8  2.9152155169150733
4.439129013353558e-8  2.9331461596089565
4.7165745766881556e-8  2.954252541271377
4.9940201400227525e-8  2.975199757181209
5.27146570335735e-8  2.9951880957271837
5.5489112666919475e-8  3.0071964422912267
5.826356830026545e-8  3.0207074441982282
6.103802393361143e-8  3.04007181228128
6.38124795669574e-8  3.0528473404307457
6.658693520030338e-8  3.068267316453543
6.936139083364934e-8  3.076107349010925
7.213584646699531e-8  3.085408604710151
7.49103021003413e-8  3.100238099394665
7.768475773368726e-8  3.1084859061635672
8.045921336703324e-8  3.1290971193571573
8.323366900037921e-8  3.1357630133932246
8.600812463372518e-8  3.1442978086656175
8.878258026707116e-8  3.154365839093229
9.155703590041713e-8  3.160314194309406
9.433149153376311e-8  3.170340715595852
9.710594716710908e-8  3.1843495147682064
9.988040280045505e-8  3.1995705550616025
1.0265485843380103e-7  3.2137953879498
1.05429314067147e-7  3.213445598233322
1.0820376970049298e-7  3.2161571616673834
1.1097822533383895e-7  3.2385321762050294
1.1375268096718492e-7  3.2397987968330355
1.165271366005309e-7  3.2387213164891837
1.1930159223387688e-7  3.2528190458665818
1.2207604786722285e-7  3.244162236556537
1.2485050350056882e-7  3.266864247368243
1.276249591339148e-7  3.2661677864733316
1.3039941476726076e-7  3.2763784677884615
1.3317387040060675e-7  3.2838281917418723
1.3594832603395272e-7  3.28583775206106
1.387227816672987e-7  3.295062517416076
