2.774455633345974e-9  1.0755625105635724
5.548911266691948e-9  1.185996252950035
8.323366900037922e-9  1.2513390858116542
1.1097822533383895e-8  1.2977394914362508
1.3872278166729869e-8  1.3350754635663027
1.6646733800075844e-8  1.3614938553444444
1.9421189433421816e-8  1.3878979621434435
2.219564506676779e-8  1.4092016032037487
2.4970100700113762e-8  1.4281898017627483
2.7744556333459737e-8  1.4440849258237496
3.051901196680571e-8  1.4591544988374299
3.329346760015169e-8  1.4705273730832644
3.6067923233497656e-8  1.4865714335811746
3.884237886684363e-8  1.497201034076813
4.1616834500189606e-8  1.5081033469749332
4.439129013353558e-8  1.5246056387858538
4.7165745766881556e-8  1.5286795982658552
4.9940201400227525e-8  1.5424123289493388
5.27146570335735e-8  1.5427302087858985
5.5489112666919475e-8  1.557506458820359
5.826356830026545e-8  1.562822648466941
6.103802393361143e-8  1.5713605453753499
6.38124795669574e-8  1.5739431602457465
6.658693520030338e-8  1.5801636129648722
6.936139083364934e-8  1.5889218411765669
7.213584646699531e-8  1.5916314910773122
7.49103021003413e-8  1.6001132231864104
7.768475773368726e-8  1.6079780819264944
8.045921336703324e-8  1.6089254415783498
8.323366900037921e-8  1.6182966876336824
8.600812463372518e-8  1.6256099590467374
8.878258026707116e-8  1.6322826172971228
9.155703590041713e-8  1.6432798557734885
9.433149153376311e-8  1.6332813032762488
9.710594716710908e-8  1.6486650055900804
9.988040280045505e-8  1.651519378504269
1.0265485843380103e-7  1.6469098521955108
1.05429314067147e-7  1.6560615298964365
1.0820376970049298e-7  1.6621061856447468
1.1097822533383895e-7  1.6620471909834935
1.1375268096718492e-7  1.6654518976193515
1.165271366005309e-7  1.666044930376871
1.1930159223387688e-7  1.6788768171164488
1.2207604786722285e-7  1.6749843543710736
1.2485050350056882e-7  1.6748837197873268
1.276249591339148e-7  1.6740409844607458
1.3039941476726076e-7  1.6914054596406753
1.3317387040060675e-7  1.6936355130544203
1.3594832603395272e-7  1.6948127208000523
1.387227816672987e-7  1.6986090914886094
