2.774455633345974e-9  2303.1487177831764
5.548911266691948e-9  4626.416889849407
8.323366900037922e-9  6950.292782865409
1.1097822533383895e-8  9274.427411680628
1.3872278166729869e-8  11600.585830768161
1.6646733800075844e-8  13925.833398082284
1.9421189433421816e-8  16248.683894395306
2.219564506676779e-8  18582.700800166116
2.4970100700113762e-8  20898.21545029726
2.7744556333459737e-8  23223.769411042642
3.051901196680571e-8  25546.747313175772
3.329346760015169e-8  27871.52862373159
3.6067923233497656e-8  30192.028988299244
3.884237886684363e-8  32521.868211621615
4.1616834500189606e-8  34848.156904213785
4.439129013353558e-8  37173.1510105553
4.7165745766881556e-8  39496.02187437302
4.9940201400227525e-8  41822.193650561014
5.27146570335735e-8  44145.49962535262
5.5489112666919475e-8  46470.105952074104
5.826356830026545e-8  48797.97457912156
6.103802393361143e-8  51128.613165364055
6.38124795669574e-8  53446.42316059503
6.658693520030338e-8  55772.437886377775
6.936139083364934e-8  58048.64767647209
7.213584646699531e-8  60424.689790884266
7.49103021003413e-8  62756.047908968154
7.768475773368726e-8  65075.50014928635
8.045921336703324e-8  67408.03118641322
8.323366900037921e-8  69730.47065343565
8.600812463372518e-8  72060.54305954046
8.878258026707116e-8  74364.68785162328
9.155703590041713e-8  76693.88261753542
9.433149153376311e-8  79032.85192109476
9.710594716710908e-8  81344.66528235913
9.988040280045505e-8  83677.75102610882
1.0265485843380103e-7  85995.93826844302
1.05429314067147e-7  88327.55023979908
1.0820376970049298e-7  90686.11397049486
1.1097822533383895e-7  92976.73240155629
1.1375268096718492e-7  95310.02673741957
1.165271366005309e-7  97616.14365990326
1.1930159223387688e-7  99950.0184835041
1.2207604786722285e-7  102274.9038607924
1.2485050350056882e-7  104600.59453117856
1.276249591339148e-7  106915.57916725375
1.3039941476726076e-7  109253.91974704435
1.3317387040060675e-7  111576.32516497403
1.3594832603395272e-7  113901.00528354295
1.387227816672987e-7  116224.86870466835
