2.774455633345974e-9  1.1883170465865773
5.548911266691948e-9  1.3114440768407187
8.323366900037922e-9  1.3837792506357842
1.1097822533383895e-8  1.4356740548362286
1.3872278166729869e-8  1.4762011722737254
1.6646733800075844e-8  1.509439862249182
1.9421189433421816e-8  1.5362133088590153
2.219564506676779e-8  1.5594018927751012
2.4970100700113762e-8  1.5809024588170857
2.7744556333459737e-8  1.6018102247500177
3.051901196680571e-8  1.6238932703534512
3.329346760015169e-8  1.6360118244106658
3.6067923233497656e-8  1.6475480239641602
3.884237886684363e-8  1.6574762069437643
4.1616834500189606e-8  1.6694281112603617
4.439129013353558e-8  1.680307722824055
4.7165745766881556e-8  1.6951364037751075
4.9940201400227525e-8  1.7041700734673775
5.27146570335735e-8  1.7108036763685353
5.5489112666919475e-8  1.7266698361874409
5.826356830026545e-8  1.7370008014864766
6.103802393361143e-8  1.744570435105431
6.38124795669574e-8  1.7544488936597729
6.658693520030338e-8  1.7602679705828894
6.936139083364934e-8  1.7665655874152173
7.213584646699531e-8  1.768531512404364
7.49103021003413e-8  1.7772810455372818
7.768475773368726e-8  1.7822765170346955
8.045921336703324e-8  1.7877893214490916
8.323366900037921e-8  1.7913308659180986
8.600812463372518e-8  1.7975482601064785
8.878258026707116e-8  1.8115453748711203
9.155703590041713e-8  1.8058590419139127
9.433149153376311e-8  1.8127349304278415
9.710594716710908e-8  1.8184369622973506
9.988040280045505e-8  1.8268206776763374
1.0265485843380103e-7  1.8292057541487003
1.05429314067147e-7  1.8389282625945809
1.0820376970049298e-7  1.841933501764843
1.1097822533383895e-7  1.8520438893253515
1.1375268096718492e-7  1.8618634676092265
1.165271366005309e-7  1.867127901215948
1.1930159223387688e-7  1.8677162098236884
1.2207604786722285e-7  1.8607886645617893
1.2485050350056882e-7  1.87617595611496
1.276249591339148e-7  1.8737994206162676
1.3039941476726076e-7  1.8851080943010792
1.3317387040060675e-7  1.884750644062042
1.3594832603395272e-7  1.87898113599986
1.387227816672987e-7  1.8865105602399515
