2.774455633345974e-9  1.3843855682544866
5.548911266691948e-9  1.551652969112706
8.323366900037922e-9  1.64840794840739
1.1097822533383895e-8  1.7155036471872216
1.3872278166729869e-8  1.7683379557219838
1.6646733800075844e-8  1.8119500605395469
1.9421189433421816e-8  1.8489565281667133
2.219564506676779e-8  1.8805623269955754
2.4970100700113762e-8  1.9087833196592328
2.7744556333459737e-8  1.9338424492639816
3.051901196680571e-8  1.96017758854841
3.329346760015169e-8  1.9797915816241682
3.6067923233497656e-8  1.9968032898811916
3.884237886684363e-8  2.0151516977640784
4.1616834500189606e-8  2.033317390384581
4.439129013353558e-8  2.049221987964224
4.7165745766881556e-8  2.0650635402061477
4.9940201400227525e-8  2.0745162544166984
5.27146570335735e-8  2.0907751783167225
5.5489112666919475e-8  2.0988571304413286
5.826356830026545e-8  2.1120517817665156
6.103802393361143e-8  2.127184976071037
6.38124795669574e-8  2.133904269724909
6.658693520030338e-8  2.145556215657164
6.936139083364934e-8  2.1561323195756987
7.213584646699531e-8  2.162556104993026
7.49103021003413e-8  2.17573557805627
7.768475773368726e-8  2.184051442263731
8.045921336703324e-8  2.189542767841707
8.323366900037921e-8  2.1956075834953372
8.600812463372518e-8  2.2110657226297947
8.878258026707116e-8  2.2160271750460514
9.155703590041713e-8  2.231073175472449
9.433149153376311e-8  2.2290482844129094
9.710594716710908e-8  2.2329685604690623
9.988040280045505e-8  2.2443673751771
1.0265485843380103e-7  2.2539781502031833
1.05429314067147e-7  2.250942680888868
1.0820376970049298e-7  2.2560477129657346
1.1097822533383895e-7  2.262961045299512
1.1375268096718492e-7  2.2683318541801225
1.165271366005309e-7  2.274276963182321
1.1930159223387688e-7  2.284149529931886
1.2207604786722285e-7  2.284032777197073
1.2485050350056882e-7  2.2917411168687214
1.276249591339148e-7  2.2968831993435663
1.3039941476726076e-7  2.2924192533579277
1.3317387040060675e-7  2.3083641006056075
1.3594832603395272e-7  2.3112210340286796
1.387227816672987e-7  2.3138007430867376
