2.774455633345974e-9  0.8265575243014719
5.548911266691948e-9  0.9287072170507708
8.323366900037922e-9  0.9878154106435599
1.1097822533383895e-8  1.0287492609203968
1.3872278166729869e-8  1.0611731752130367
1.6646733800075844e-8  1.0880688621311316
1.9421189433421816e-8  1.1106092432074952
2.219564506676779e-8  1.1298268539390157
2.4970100700113762e-8  1.1475537481767626
2.7744556333459737e-8  1.1630199067948837
3.051901196680571e-8  1.1769068429590634
3.329346760015169e-8  1.1908575706550488
3.6067923233497656e-8  1.2023826113174954
3.884237886684363e-8  1.2155781829757344
4.1616834500189606e-8  1.2243683981311206
4.439129013353558e-8  1.232934827170698
4.7165745766881556e-8  1.2400899364253366
4.9940201400227525e-8  1.2491196558295443
5.27146570335735e-8  1.2565580093510393
5.5489112666919475e-8  1.2660781029496346
5.826356830026545e-8  1.2725489714479898
6.103802393361143e-8  1.2791629238811364
6.38124795669574e-8  1.285041080822822
6.658693520030338e-8  1.2941377043128706
6.936139083364934e-8  1.2995135212963258
7.213584646699531e-8  1.3037652699315136
7.49103021003413e-8  1.31028815108523
7.768475773368726e-8  1.3161085586812267
8.045921336703324e-8  1.3219259904299518
8.323366900037921e-8  1.3244422113862944
8.600812463372518e-8  1.33093636019316
8.878258026707116e-8  1.3336181187956522
9.155703590041713e-8  1.3382604802801457
9.433149153376311e-8  1.3406389269570973
9.710594716710908e-8  1.3488155795833265
9.988040280045505e-8  1.3503331321701935
1.0265485843380103e-7  1.353547193908701
1.05429314067147e-7  1.3575787070578746
1.0820376970049298e-7  1.361582540654597
1.1097822533383895e-7  1.3674786559386038
1.1375268096718492e-7  1.3672960650960468
1.165271366005309e-7  1.3756229356769993
1.1930159223387688e-7  1.381313758528812
1.2207604786722285e-7  1.3794878038032736
1.2485050350056882e-7  1.386299077042408
1.276249591339148e-7  1.3908365973690007
1.3039941476726076e-7  1.390358661764587
1.3317387040060675e-7  1.4016217237735806
1.3594832603395272e-7  1.4049357327994247
1.387227816672987e-7  1.4037786704028201
