2.774455633345974e-9  0.6761411046274967
5.548911266691948e-9  0.7415201548665946
8.323366900037922e-9  0.7797996846355987
1.1097822533383895e-8  0.8075170024578682
1.3872278166729869e-8  0.8292648717360365
1.6646733800075844e-8  0.8466814624346971
1.9421189433421816e-8  0.8589510119514987
2.219564506676779e-8  0.8726544140969171
2.4970100700113762e-8  0.883567978738277
2.7744556333459737e-8  0.8966902067844773
3.051901196680571e-8  0.907125553280149
3.329346760015169e-8  0.9098704517916597
3.6067923233497656e-8  0.9169022460841687
3.884237886684363e-8  0.9239270482525265
4.1616834500189606e-8  0.9323489348810312
4.439129013353558e-8  0.9374593822017384
4.7165745766881556e-8  0.9427603852722855
4.9940201400227525e-8  0.9491794626550057
5.27146570335735e-8  0.9570956025967342
5.5489112666919475e-8  0.9651144296069449
5.826356830026545e-8  0.9648537150808489
6.103802393361143e-8  0.9685241160357119
6.38124795669574e-8  0.9749080522021979
6.658693520030338e-8  0.9743485857454408
6.936139083364934e-8  0.9797703496998469
7.213584646699531e-8  0.9813247974366972
7.49103021003413e-8  0.9926074557275762
7.768475773368726e-8  0.9867383804017039
8.045921336703324e-8  0.994890589216474
8.323366900037921e-8  0.9960222882404614
8.600812463372518e-8  0.9995627733969633
8.878258026707116e-8  1.003080081352309
9.155703590041713e-8  1.0088369472659076
9.433149153376311e-8  1.0064648384734776
9.710594716710908e-8  1.0080861896874502
9.988040280045505e-8  1.0148816854754878
1.0265485843380103e-7  1.016347781122223
1.05429314067147e-7  1.022411063230776
1.0820376970049298e-7  1.0234563383193418
1.1097822533383895e-7  1.0274669180633367
1.1375268096718492e-7  1.030172109890272
1.165271366005309e-7  1.0241512222831726
1.1930159223387688e-7  1.0353269675001064
1.2207604786722285e-7  1.0351995141465007
1.2485050350056882e-7  1.032429960731132
1.276249591339148e-7  1.0350331023313701
1.3039941476726076e-7  1.0381360448473416
1.3317387040060675e-7  1.040428126299319
1.3594832603395272e-7  1.0425011757595581
1.387227816672987e-7  1.039088347556122
