2.774455633345974e-9  0.9193089147854353
5.548911266691948e-9  1.0306282744068431
8.323366900037922e-9  1.0958960045392188
1.1097822533383895e-8  1.142400502464786
1.3872278166729869e-8  1.178209518138734
1.6646733800075844e-8  1.2075883695227287
1.9421189433421816e-8  1.2322155157174044
2.219564506676779e-8  1.2539542978236224
2.4970100700113762e-8  1.2730034314224155
2.7744556333459737e-8  1.289943422490053
3.051901196680571e-8  1.305863108183402
3.329346760015169e-8  1.3212385551520802
3.6067923233497656e-8  1.3341206947613486
3.884237886684363e-8  1.3484310695698665
4.1616834500189606e-8  1.357622049794821
4.439129013353558e-8  1.367163045767686
4.7165745766881556e-8  1.3748630877423063
4.9940201400227525e-8  1.3846204673654365
5.27146570335735e-8  1.3941181596731727
5.5489112666919475e-8  1.4044881659845878
5.826356830026545e-8  1.411816928420534
6.103802393361143e-8  1.4168214875994216
6.38124795669574e-8  1.4247093096531094
6.658693520030338e-8  1.4355727181419904
6.936139083364934e-8  1.4398722272587918
7.213584646699531e-8  1.4471954881262068
7.49103021003413e-8  1.4517210588232807
7.768475773368726e-8  1.4615519694174068
8.045921336703324e-8  1.4653372487574448
8.323366900037921e-8  1.4706781234240571
8.600812463372518e-8  1.475275302585298
8.878258026707116e-8  1.478275830659759
9.155703590041713e-8  1.484782923749296
9.433149153376311e-8  1.487160204196107
9.710594716710908e-8  1.494104321110236
9.988040280045505e-8  1.500034869859042
1.0265485843380103e-7  1.5020914052711065
1.05429314067147e-7  1.503970204669192
1.0820376970049298e-7  1.5134101380627558
1.1097822533383895e-7  1.5164895560578875
1.1375268096718492e-7  1.5176744872458543
1.165271366005309e-7  1.523561265093562
1.1930159223387688e-7  1.529281484297558
1.2207604786722285e-7  1.5279302722939947
1.2485050350056882e-7  1.535654734947167
1.276249591339148e-7  1.5389159151287963
1.3039941476726076e-7  1.5435305090654883
1.3317387040060675e-7  1.5491089078332532
1.3594832603395272e-7  1.5566689648456993
1.387227816672987e-7  1.5592526051297098
