2.774455633345974e-9  1.0154039034956028
5.548911266691948e-9  1.1294043856805063
8.323366900037922e-9  1.1961733061270703
1.1097822533383895e-8  1.2441099087173952
1.3872278166729869e-8  1.2812822407918971
1.6646733800075844e-8  1.310936255819672
1.9421189433421816e-8  1.3367786620752873
2.219564506676779e-8  1.359900248151045
2.4970100700113762e-8  1.3810917225982264
2.7744556333459737e-8  1.3980045445565916
3.051901196680571e-8  1.4125110533449428
3.329346760015169e-8  1.4297693977912724
3.6067923233497656e-8  1.4397417782343125
3.884237886684363e-8  1.452778131885797
4.1616834500189606e-8  1.4676316839821915
4.439129013353558e-8  1.4810929319081092
4.7165745766881556e-8  1.489254563284524
4.9940201400227525e-8  1.493415758148861
5.27146570335735e-8  1.5060812080790147
5.5489112666919475e-8  1.5132512062960177
5.826356830026545e-8  1.5167132424104182
6.103802393361143e-8  1.5292597516199964
6.38124795669574e-8  1.5359449745377556
6.658693520030338e-8  1.5455566056256593
6.936139083364934e-8  1.5483211679978737
7.213584646699531e-8  1.556458190998047
7.49103021003413e-8  1.5622855542361729
7.768475773368726e-8  1.569248678074994
8.045921336703324e-8  1.579479625657561
8.323366900037921e-8  1.5799613839321156
8.600812463372518e-8  1.5931239501740595
8.878258026707116e-8  1.589602554071991
9.155703590041713e-8  1.5990613285541595
9.433149153376311e-8  1.601829436457457
9.710594716710908e-8  1.610781398622
9.988040280045505e-8  1.6161772934759102
1.0265485843380103e-7  1.613201506783213
1.05429314067147e-7  1.621108198354298
1.0820376970049298e-7  1.6262900613808815
1.1097822533383895e-7  1.6289313844579034
1.1375268096718492e-7  1.630715707165081
1.165271366005309e-7  1.6325954748104532
1.1930159223387688e-7  1.637567256726482
1.2207604786722285e-7  1.6395982983666246
1.2485050350056882e-7  1.6505243058154273
1.276249591339148e-7  1.6518940424901365
1.3039941476726076e-7  1.651718817298259
1.3317387040060675e-7  1.6564799000793053
1.3594832603395272e-7  1.65594354515257
1.387227816672987e-7  1.6644963765265761
