2.774455633345974e-9  1.5011244708148315
5.548911266691948e-9  1.665950624028229
8.323366900037922e-9  1.7633089400802289
1.1097822533383895e-8  1.8321673801057505
1.3872278166729869e-8  1.8860170825117433
1.6646733800075844e-8  1.9295707784709593
1.9421189433421816e-8  1.96509822008042
2.219564506676779e-8  1.998460813882788
2.4970100700113762e-8  2.027859968292007
2.7744556333459737e-8  2.0561001361053917
3.051901196680571e-8  2.0778878888454835
3.329346760015169e-8  2.0980172070860235
3.6067923233497656e-8  2.114393124590136
3.884237886684363e-8  2.133880102914721
4.1616834500189606e-8  2.1476775060432054
4.439129013353558e-8  2.1661777850736867
4.7165745766881556e-8  2.182302124410842
4.9940201400227525e-8  2.197682348494535
5.27146570335735e-8  2.2105130848712595
5.5489112666919475e-8  2.2265527113483046
5.826356830026545e-8  2.2335982671932655
6.103802393361143e-8  2.246471646052437
6.38124795669574e-8  2.2538456081608507
6.658693520030338e-8  2.2633682905586703
6.936139083364934e-8  2.2713600786016594
7.213584646699531e-8  2.281792868171444
7.49103021003413e-8  2.2832732225542967
7.768475773368726e-8  2.297283042346638
8.045921336703324e-8  2.3101111487843453
8.323366900037921e-8  2.311301640680534
8.600812463372518e-8  2.3172497883697996
8.878258026707116e-8  2.3316644424291013
9.155703590041713e-8  2.3368990496337467
9.433149153376311e-8  2.3498553858957556
9.710594716710908e-8  2.3632971490697194
9.988040280045505e-8  2.370767674661403
1.0265485843380103e-7  2.368431016166997
1.05429314067147e-7  2.372854454010067
1.0820376970049298e-7  2.386604132113124
1.1097822533383895e-7  2.3941009150282926
1.1375268096718492e-7  2.401988906798529
1.165271366005309e-7  2.396252676822645
1.1930159223387688e-7  2.404080526756074
1.2207604786722285e-7  2.4103078727793448
1.2485050350056882e-7  2.422026232474127
1.276249591339148e-7  2.4195308084350984
1.3039941476726076e-7  2.419526908899666
1.3317387040060675e-7  2.4239428053482865
1.3594832603395272e-7  2.4282500561703837
1.387227816672987e-7  2.4339726142537543
