2.774455633345974e-9  0.7822029063755942
5.548911266691948e-9  0.8714981215089544
8.323366900037922e-9  0.9221192368126011
1.1097822533383895e-8  0.9588370364163025
1.3872278166729869e-8  0.9877961181952758
1.6646733800075844e-8  1.0105631022951491
1.9421189433421816e-8  1.0311321913195295
2.219564506676779e-8  1.048175974468661
2.4970100700113762e-8  1.064876388135157
2.7744556333459737e-8  1.0771565138468644
3.051901196680571e-8  1.0887240924126407
3.329346760015169e-8  1.10049715253933
3.6067923233497656e-8  1.1112766554222002
3.884237886684363e-8  1.1217528433484707
4.1616834500189606e-8  1.1324112836599214
4.439129013353558e-8  1.1409624611943292
4.7165745766881556e-8  1.14754232492607
4.9940201400227525e-8  1.1546601086063868
5.27146570335735e-8  1.160557427271027
5.5489112666919475e-8  1.1666233913092627
5.826356830026545e-8  1.1725160303637678
6.103802393361143e-8  1.1797663355092958
6.38124795669574e-8  1.1841723456714468
6.658693520030338e-8  1.1900553358068344
6.936139083364934e-8  1.1955131562373429
7.213584646699531e-8  1.1981938411073654
7.49103021003413e-8  1.2043848949304807
7.768475773368726e-8  1.21155650443147
8.045921336703324e-8  1.218989323503745
8.323366900037921e-8  1.2181830483152842
8.600812463372518e-8  1.2273616739502917
8.878258026707116e-8  1.226683865439018
9.155703590041713e-8  1.2331999936597717
9.433149153376311e-8  1.2339505597947422
9.710594716710908e-8  1.2395718031375393
9.988040280045505e-8  1.24326128510629
1.0265485843380103e-7  1.241708738459485
1.05429314067147e-7  1.2478299883107458
1.0820376970049298e-7  1.2498095601810142
1.1097822533383895e-7  1.2565585367015193
1.1375268096718492e-7  1.2620518668273837
1.165271366005309e-7  1.2586693253791064
1.1930159223387688e-7  1.2634480850717023
1.2207604786722285e-7  1.2690170104263272
1.2485050350056882e-7  1.2744698238102465
1.276249591339148e-7  1.2723424865802464
1.3039941476726076e-7  1.2753454252760366
1.3317387040060675e-7  1.2773778003306442
1.3594832603395272e-7  1.2782399921152159
1.387227816672987e-7  1.2831976508287064
