2.774455633345974e-9  2.5809421879742116
5.548911266691948e-9  2.6535737810361097
8.323366900037922e-9  2.7634138277327005
1.1097822533383895e-8  2.938628732147014
1.3872278166729869e-8  3.04179977498413
1.6646733800075844e-8  3.063635909477385
1.9421189433421816e-8  3.1218095054063224
2.219564506676779e-8  3.19208925759619
2.4970100700113762e-8  3.2432533559382093
2.7744556333459737e-8  3.261779814794188
3.051901196680571e-8  3.301754050898635
3.329346760015169e-8  3.335922787457558
3.6067923233497656e-8  3.3788405723328983
3.884237886684363e-8  3.3912143962982553
4.1616834500189606e-8  3.4195018348916277
4.439129013353558e-8  3.4382527758183246
4.7165745766881556e-8  3.479673410179509
4.9940201400227525e-8  3.4768809905549203
5.27146570335735e-8  3.507965644428919
5.5489112666919475e-8  3.53148118123939
5.826356830026545e-8  3.562346915861525
6.103802393361143e-8  3.5479620909850595
6.38124795669574e-8  3.577945696528176
6.658693520030338e-8  3.5998295982680912
6.936139083364934e-8  3.623679690515743
7.213584646699531e-8  3.607456310222412
7.49103021003413e-8  3.6393981893826983
7.768475773368726e-8  3.659471398551885
8.045921336703324e-8  3.6677509452792854
8.323366900037921e-8  3.674261652810416
8.600812463372518e-8  3.682802910418066
8.878258026707116e-8  3.7056381600131885
9.155703590041713e-8  3.7192481563463424
9.433149153376311e-8  3.7211708800142462
9.710594716710908e-8  3.731870843412888
9.988040280045505e-8  3.7535398734452765
1.0265485843380103e-7  3.7457626568167264
1.05429314067147e-7  3.7639069542394905
1.0820376970049298e-7  3.772038840992804
1.1097822533383895e-7  3.7940310794113925
1.1375268096718492e-7  3.78623223200248
1.165271366005309e-7  3.801690302681865
1.1930159223387688e-7  3.8051024154571698
1.2207604786722285e-7  3.818585676046913
1.2485050350056882e-7  3.8250040257570164
1.276249591339148e-7  3.8325537391611215
1.3039941476726076e-7  3.8401390727120566
1.3317387040060675e-7  3.8627315492382146
1.3594832603395272e-7  3.8589347447658424
1.387227816672987e-7  3.863221809650654
