2.774455633345974e-9  2.3220609581980587
5.548911266691948e-9  2.687634558089971
8.323366900037922e-9  2.661696306061715
1.1097822533383895e-8  2.796440532794647
1.3872278166729869e-8  2.9212863347265756
1.6646733800075844e-8  2.9452545964733012
1.9421189433421816e-8  3.002900964612244
2.219564506676779e-8  3.0706070773729652
2.4970100700113762e-8  3.072958591411372
2.7744556333459737e-8  3.1606677673641697
3.051901196680571e-8  3.194487978669057
3.329346760015169e-8  3.2062903965190364
3.6067923233497656e-8  3.252691029658187
3.884237886684363e-8  3.2790308061735765
4.1616834500189606e-8  3.291432968548157
4.439129013353558e-8  3.3376994490517853
4.7165745766881556e-8  3.3370688152766936
4.9940201400227525e-8  3.353355945960217
5.27146570335735e-8  3.3937585989769294
5.5489112666919475e-8  3.3982374351681637
5.826356830026545e-8  3.4228593578012285
6.103802393361143e-8  3.4455913424170572
6.38124795669574e-8  3.4504147637040568
6.658693520030338e-8  3.4749838683067065
6.936139083364934e-8  3.4995202884262766
7.213584646699531e-8  3.4919710901635455
7.49103021003413e-8  3.5140940938252254
7.768475773368726e-8  3.524039971271405
8.045921336703324e-8  3.5365896728772697
8.323366900037921e-8  3.5561849352991937
8.600812463372518e-8  3.5627604816056606
8.878258026707116e-8  3.5681654843401467
9.155703590041713e-8  3.597536877416913
9.433149153376311e-8  3.60057997744634
9.710594716710908e-8  3.612101596089792
9.988040280045505e-8  3.6205628625438484
1.0265485843380103e-7  3.6272798674545057
1.05429314067147e-7  3.644954291100681
1.0820376970049298e-7  3.653870273163992
1.1097822533383895e-7  3.6478187122940304
1.1375268096718492e-7  3.664267516167307
1.165271366005309e-7  3.680992458013023
1.1930159223387688e-7  3.67600674153177
1.2207604786722285e-7  3.7059508483701085
1.2485050350056882e-7  3.702407533254503
1.276249591339148e-7  3.7063469309840005
1.3039941476726076e-7  3.7166775268209413
1.3317387040060675e-7  3.7214125410375765
1.3594832603395272e-7  3.7320319205774313
1.387227816672987e-7  3.738645796244879
