2.774455633345974e-9  13.600228672470319
5.548911266691948e-9  13.663621346714564
8.323366900037922e-9  13.695484038025606
1.1097822533383895e-8  13.726934464210895
1.3872278166729869e-8  13.760140692352573
1.6646733800075844e-8  13.79374031596872
1.9421189433421816e-8  13.824524033112777
2.219564506676779e-8  13.85201352446305
2.4970100700113762e-8  13.872140707938481
2.7744556333459737e-8  13.884185997775885
3.051901196680571e-8  13.892288972553775
3.329346760015169e-8  13.894785975636953
3.6067923233497656e-8  13.888705208160218
3.884237886684363e-8  13.878485915553407
4.1616834500189606e-8  13.867304672989741
4.439129013353558e-8  13.853989580826182
4.7165745766881556e-8  13.83455131204633
4.9940201400227525e-8  13.826847965333993
5.27146570335735e-8  13.82239590447717
5.5489112666919475e-8  13.819812777955786
5.826356830026545e-8  13.826212111938183
6.103802393361143e-8  13.809051335760175
6.38124795669574e-8  13.826977317847875
6.658693520030338e-8  13.833189081642178
6.936139083364934e-8  13.840262424303813
7.213584646699531e-8  13.85229788349228
7.49103021003413e-8  13.861282778812155
7.768475773368726e-8  13.85424392880873
8.045921336703324e-8  13.861588306157277
8.323366900037921e-8  13.823727863247315
8.600812463372518e-8  13.852693506881238
8.878258026707116e-8  13.818658606797667
9.155703590041713e-8  13.849943498896675
9.433149153376311e-8  13.804398145396979
9.710594716710908e-8  13.828034135644822
9.988040280045505e-8  13.801930704866596
1.0265485843380103e-7  13.77417857258943
1.05429314067147e-7  13.828096916188196
1.0820376970049298e-7  13.813139208314897
1.1097822533383895e-7  13.819232759197801
1.1375268096718492e-7  13.813609541827962
1.165271366005309e-7  13.815596172339262
1.1930159223387688e-7  13.836094861924858
1.2207604786722285e-7  13.845413642524043
1.2485050350056882e-7  13.84213120479062
1.276249591339148e-7  13.84301361862306
1.3039941476726076e-7  13.83384417542528
1.3317387040060675e-7  13.813789799080531
1.3594832603395272e-7  13.80153762562678
1.387227816672987e-7  13.828990478455202
