2.774455633345974e-9  -0.44372394425954476
5.548911266691948e-9  -0.44093345173312676
8.323366900037922e-9  -0.4384366564974101
1.1097822533383895e-8  -0.4373237925288914
1.3872278166729869e-8  -0.4338983877600729
1.6646733800075844e-8  -0.43840661977834067
1.9421189433421816e-8  -0.43751258970084506
2.219564506676779e-8  -0.43330971320243244
2.4970100700113762e-8  -0.42573672202783613
2.7744556333459737e-8  -0.42703720722307204
3.051901196680571e-8  -0.42745288412823623
3.329346760015169e-8  -0.43697295463561403
3.6067923233497656e-8  -0.44204139862038205
3.884237886684363e-8  -0.4403636523733746
4.1616834500189606e-8  -0.4348054702353346
4.439129013353558e-8  -0.4347042595797255
4.7165745766881556e-8  -0.4240275707782729
4.9940201400227525e-8  -0.4190548935547229
5.27146570335735e-8  -0.41813303669217977
5.5489112666919475e-8  -0.42928273058524336
5.826356830026545e-8  -0.43323388756417075
6.103802393361143e-8  -0.440288111469682
6.38124795669574e-8  -0.44540921609455597
6.658693520030338e-8  -0.45051913939522664
6.936139083364934e-8  -0.45171488824474754
7.213584646699531e-8  -0.45170346649436305
7.49103021003413e-8  -0.4534360329300335
7.768475773368726e-8  -0.45292573490184024
8.045921336703324e-8  -0.4434591596330234
8.323366900037921e-8  -0.43959229898087193
8.600812463372518e-8  -0.43461346473724705
8.878258026707116e-8  -0.43621705064092864
9.155703590041713e-8  -0.43279603154994106
9.433149153376311e-8  -0.44089350684328327
9.710594716710908e-8  -0.44229958447505696
9.988040280045505e-8  -0.42948644176978346
1.0265485843380103e-7  -0.4294694846968162
1.05429314067147e-7  -0.4372924948105875
1.0820376970049298e-7  -0.42761475734858867
1.1097822533383895e-7  -0.42726689343771945
1.1375268096718492e-7  -0.42707196783827645
1.165271366005309e-7  -0.43183817636272526
1.1930159223387688e-7  -0.427657308262971
1.2207604786722285e-7  -0.4323483434549199
1.2485050350056882e-7  -0.4451010779094923
1.276249591339148e-7  -0.4457184008843399
1.3039941476726076e-7  -0.4518834510125257
1.3317387040060675e-7  -0.4594558860917612
1.3594832603395272e-7  -0.46080272261541955
1.387227816672987e-7  -0.46757394061329866
