2.774455633345974e-9  1.8330862458251884
5.548911266691948e-9  1.8181470328525933
8.323366900037922e-9  1.8317004288915795
1.1097822533383895e-8  1.819666482249311
1.3872278166729869e-8  1.833706576558316
1.6646733800075844e-8  1.8237792087142124
1.9421189433421816e-8  1.8327959139844137
2.219564506676779e-8  1.823371174445418
2.4970100700113762e-8  1.8362463756158953
2.7744556333459737e-8  1.8411130227738828
3.051901196680571e-8  1.8473780655594072
3.329346760015169e-8  1.8445168547697643
3.6067923233497656e-8  1.8325944765842495
3.884237886684363e-8  1.8385883108565126
4.1616834500189606e-8  1.8315955558534942
4.439129013353558e-8  1.8501382202605539
4.7165745766881556e-8  1.825502285887183
4.9940201400227525e-8  1.8341638135134692
5.27146570335735e-8  1.846451759236202
5.5489112666919475e-8  1.849542264213588
5.826356830026545e-8  1.859469882003243
6.103802393361143e-8  1.8681238809064957
6.38124795669574e-8  1.8681567766946165
6.658693520030338e-8  1.8571972087635835
6.936139083364934e-8  1.8737259229942984
7.213584646699531e-8  1.8612467212150232
7.49103021003413e-8  1.8369889018954486
7.768475773368726e-8  1.8380772362614006
8.045921336703324e-8  1.8484737347404445
8.323366900037921e-8  1.8497085741442985
8.600812463372518e-8  1.8290654116103033
8.878258026707116e-8  1.836880349110495
9.155703590041713e-8  1.8689449656439434
9.433149153376311e-8  1.8425190536478775
9.710594716710908e-8  1.8561171057882495
9.988040280045505e-8  1.831019974648627
1.0265485843380103e-7  1.8091120283516624
1.05429314067147e-7  1.8433858915411607
1.0820376970049298e-7  1.8171731901564196
1.1097822533383895e-7  1.808708739972127
1.1375268096718492e-7  1.8061721820833132
1.165271366005309e-7  1.8318962273886448
1.1930159223387688e-7  1.8287090209017298
1.2207604786722285e-7  1.801333387496026
1.2485050350056882e-7  1.8260759436541096
1.276249591339148e-7  1.825219555150021
1.3039941476726076e-7  1.8630101022959336
1.3317387040060675e-7  1.8368307262475774
1.3594832603395272e-7  1.8683288337210053
1.387227816672987e-7  1.8459415944013344
