2.774455633345974e-9  42.104142895660154
5.548911266691948e-9  46.26046473924816
8.323366900037922e-9  48.6952538895823
1.1097822533383895e-8  50.42080946553774
1.3872278166729869e-8  51.759515222232956
1.6646733800075844e-8  52.85803419603812
1.9421189433421816e-8  53.777379705375026
2.219564506676779e-8  54.575143780190345
2.4970100700113762e-8  55.284256308922664
2.7744556333459737e-8  55.91496425966484
3.051901196680571e-8  56.48937703658476
3.329346760015169e-8  57.012256186030996
3.6067923233497656e-8  57.492908047483056
3.884237886684363e-8  57.93007333668265
4.1616834500189606e-8  58.350359205250726
4.439129013353558e-8  58.73892086022858
4.7165745766881556e-8  59.10162996756553
4.9940201400227525e-8  59.398374366963196
5.27146570335735e-8  59.76718236040898
5.5489112666919475e-8  60.07555805499579
5.826356830026545e-8  60.37057310815203
6.103802393361143e-8  60.63373905131315
6.38124795669574e-8  60.92382200829993
6.658693520030338e-8  61.17161715942413
6.936139083364934e-8  61.41909719617097
7.213584646699531e-8  61.65287749744559
7.49103021003413e-8  61.87189784302467
7.768475773368726e-8  62.09909498531055
8.045921336703324e-8  62.30611943011898
8.323366900037921e-8  62.51107187209109
8.600812463372518e-8  62.70602494466402
8.878258026707116e-8  62.901174731064934
9.155703590041713e-8  63.079671776526155
9.433149153376311e-8  63.2609109611956
9.710594716710908e-8  63.43497865489643
9.988040280045505e-8  63.60354883976624
1.0265485843380103e-7  63.768250842165536
1.05429314067147e-7  63.92911129623899
1.0820376970049298e-7  64.0863100466089
1.1097822533383895e-7  64.23601253802285
1.1375268096718492e-7  64.3837178111754
1.165271366005309e-7  64.53726189862354
1.1930159223387688e-7  64.66826208833682
1.2207604786722285e-7  64.80358420372343
1.2485050350056882e-7  64.94808514056459
1.276249591339148e-7  65.07829817457774
1.3039941476726076e-7  65.20593664957656
1.3317387040060675e-7  65.32691982091983
1.3594832603395272e-7  65.44859529606506
1.387227816672987e-7  65.57850388445755
