2.774455633345974e-9  -0.24665904513510387
5.548911266691948e-9  -0.2461874303161984
8.323366900037922e-9  -0.24549414339873937
1.1097822533383895e-8  -0.24617790926433236
1.3872278166729869e-8  -0.24571443109123656
1.6646733800075844e-8  -0.2474483647664124
1.9421189433421816e-8  -0.24272375833193266
2.219564506676779e-8  -0.2416797662214133
2.4970100700113762e-8  -0.24501005563312195
2.7744556333459737e-8  -0.2362066204225092
3.051901196680571e-8  -0.23770814819284242
3.329346760015169e-8  -0.2562386208222116
3.6067923233497656e-8  -0.24345680198428546
3.884237886684363e-8  -0.2419260944983807
4.1616834500189606e-8  -0.23924871011141088
4.439129013353558e-8  -0.24176777286075138
4.7165745766881556e-8  -0.24780427603147018
4.9940201400227525e-8  -0.24107623449251933
5.27146570335735e-8  -0.23992023838142912
5.5489112666919475e-8  -0.23095341484064044
5.826356830026545e-8  -0.233622709574681
6.103802393361143e-8  -0.25979355578130203
6.38124795669574e-8  -0.25838772586073633
6.658693520030338e-8  -0.24303856897505116
6.936139083364934e-8  -0.2522999940658308
7.213584646699531e-8  -0.2504626915846451
7.49103021003413e-8  -0.24801024227490776
7.768475773368726e-8  -0.24775060274267222
8.045921336703324e-8  -0.2362815687840899
8.323366900037921e-8  -0.23907100942155612
8.600812463372518e-8  -0.24638512899738643
8.878258026707116e-8  -0.24030610049450066
9.155703590041713e-8  -0.2562099270787964
9.433149153376311e-8  -0.23755237866902348
9.710594716710908e-8  -0.24193136508132893
9.988040280045505e-8  -0.25262318336959705
1.0265485843380103e-7  -0.25888040927501826
1.05429314067147e-7  -0.2553595803095252
1.0820376970049298e-7  -0.24603313857838674
1.1097822533383895e-7  -0.2156300949452706
1.1375268096718492e-7  -0.22916794900314158
1.165271366005309e-7  -0.2287171590195539
1.1930159223387688e-7  -0.24621332571960972
1.2207604786722285e-7  -0.2314066585458001
1.2485050350056882e-7  -0.26556089871611993
1.276249591339148e-7  -0.2628464918315614
1.3039941476726076e-7  -0.25279089641507196
1.3317387040060675e-7  -0.2680750769674725
1.3594832603395272e-7  -0.24910459013348077
1.387227816672987e-7  -0.2442865477646523
