2.774455633345974e-9  0.7523777020429183
5.548911266691948e-9  0.7530529999919252
8.323366900037922e-9  0.7543499044744321
1.1097822533383895e-8  0.7544615370050771
1.3872278166729869e-8  0.7543687404569502
1.6646733800075844e-8  0.7555205041262629
1.9421189433421816e-8  0.7540059223477199
2.219564506676779e-8  0.7542135703002554
2.4970100700113762e-8  0.7533109912309698
2.7744556333459737e-8  0.7608577270512807
3.051901196680571e-8  0.7603391364372679
3.329346760015169e-8  0.7594762568761545
3.6067923233497656e-8  0.761104916393703
3.884237886684363e-8  0.7560619736705937
4.1616834500189606e-8  0.7610358987094031
4.439129013353558e-8  0.7673026302186076
4.7165745766881556e-8  0.7708708978260812
4.9940201400227525e-8  0.7729673023906786
5.27146570335735e-8  0.7683026690702375
5.5489112666919475e-8  0.7801180878037332
5.826356830026545e-8  0.7609536673009192
6.103802393361143e-8  0.7703227441635032
6.38124795669574e-8  0.7526210383273684
6.658693520030338e-8  0.759442126223287
6.936139083364934e-8  0.7500426263660208
7.213584646699531e-8  0.7618248635561323
7.49103021003413e-8  0.7451113980098929
7.768475773368726e-8  0.7491540888923371
8.045921336703324e-8  0.7655862851539588
8.323366900037921e-8  0.7383461918120476
8.600812463372518e-8  0.7949166398167158
8.878258026707116e-8  0.7569727991056642
9.155703590041713e-8  0.773719933435259
9.433149153376311e-8  0.7829774799793
9.710594716710908e-8  0.7749986238873335
9.988040280045505e-8  0.7686758265301911
1.0265485843380103e-7  0.7344054163740449
1.05429314067147e-7  0.7554631592207015
1.0820376970049298e-7  0.7553784599580671
1.1097822533383895e-7  0.7652588289310938
1.1375268096718492e-7  0.7808691961929348
1.165271366005309e-7  0.7610150654300358
1.1930159223387688e-7  0.7517270980264209
1.2207604786722285e-7  0.7527621595929666
1.2485050350056882e-7  0.7781911636227706
1.276249591339148e-7  0.7287623526748076
1.3039941476726076e-7  0.770576026984785
1.3317387040060675e-7  0.7737141123574466
1.3594832603395272e-7  0.7442199732092214
1.387227816672987e-7  0.7653979521845772
