2.774455633345974e-9  2.1065590140993367
5.548911266691948e-9  2.107270940955378
8.323366900037922e-9  2.1112377333485304
1.1097822533383895e-8  2.1140117762078616
1.3872278166729869e-8  2.1140449405209534
1.6646733800075844e-8  2.116435041851832
1.9421189433421816e-8  2.1279146468943715
2.219564506676779e-8  2.1257337029038808
2.4970100700113762e-8  2.121435621049205
2.7744556333459737e-8  2.116912625714561
3.051901196680571e-8  2.1381330121748516
3.329346760015169e-8  2.1184024297557906
3.6067923233497656e-8  2.111593113306842
3.884237886684363e-8  2.108908756457478
4.1616834500189606e-8  2.1141744301444474
4.439129013353558e-8  2.1197209660630705
4.7165745766881556e-8  2.1412967815408264
4.9940201400227525e-8  2.1177954797199434
5.27146570335735e-8  2.1082019187316794
5.5489112666919475e-8  2.1144176400676953
5.826356830026545e-8  2.122080171143148
6.103802393361143e-8  2.1126184572112474
6.38124795669574e-8  2.148024830335109
6.658693520030338e-8  2.124680816590032
6.936139083364934e-8  2.109134784782994
7.213584646699531e-8  2.098215551923024
7.49103021003413e-8  2.114030347658793
7.768475773368726e-8  2.1146232248658343
8.045921336703324e-8  2.088718907944546
8.323366900037921e-8  2.101972017173447
8.600812463372518e-8  2.112717749617962
8.878258026707116e-8  2.141641893911464
9.155703590041713e-8  2.083418939964009
9.433149153376311e-8  2.123934076968093
9.710594716710908e-8  2.089088319722706
9.988040280045505e-8  2.0884457090639468
1.0265485843380103e-7  2.1152634640170898
1.05429314067147e-7  2.106731715329777
1.0820376970049298e-7  2.1136969733779165
1.1097822533383895e-7  2.1121587924487284
1.1375268096718492e-7  2.113017022772802
1.165271366005309e-7  2.111024955895589
1.1930159223387688e-7  2.1113643358086462
1.2207604786722285e-7  2.0989002493125635
1.2485050350056882e-7  2.0995203036997014
1.276249591339148e-7  2.0732910049380684
1.3039941476726076e-7  2.110070970338857
1.3317387040060675e-7  2.107473431475915
1.3594832603395272e-7  2.075629145908587
1.387227816672987e-7  2.1010218685949305
