2.774455633345974e-9  3.5297629543865643
5.548911266691948e-9  3.5235390469225867
8.323366900037922e-9  3.5292964817831494
1.1097822533383895e-8  3.523735640681001
1.3872278166729869e-8  3.529178258796417
1.6646733800075844e-8  3.522090659251031
1.9421189433421816e-8  3.5292138349652022
2.219564506676779e-8  3.5258009373912085
2.4970100700113762e-8  3.527717726279202
2.7744556333459737e-8  3.5166932699591875
3.051901196680571e-8  3.5293118875355654
3.329346760015169e-8  3.526274980636435
3.6067923233497656e-8  3.5227233658268475
3.884237886684363e-8  3.5246160214196047
4.1616834500189606e-8  3.531713093040791
4.439129013353558e-8  3.525641728933695
4.7165745766881556e-8  3.5146606123573463
4.9940201400227525e-8  3.5412987101942868
5.27146570335735e-8  3.53200919165716
5.5489112666919475e-8  3.5189742150255996
5.826356830026545e-8  3.5307478699752166
6.103802393361143e-8  3.5359485292267303
6.38124795669574e-8  3.5347073578426698
6.658693520030338e-8  3.547141784329043
6.936139083364934e-8  3.5361936593244185
7.213584646699531e-8  3.5244581065128626
7.49103021003413e-8  3.5544418473710357
7.768475773368726e-8  3.510487837573281
8.045921336703324e-8  3.509720200954085
8.323366900037921e-8  3.5259896947804976
8.600812463372518e-8  3.523245560055513
8.878258026707116e-8  3.51357509816759
9.155703590041713e-8  3.51380491335205
9.433149153376311e-8  3.5300897675771212
9.710594716710908e-8  3.5307241684478803
9.988040280045505e-8  3.541771228879171
1.0265485843380103e-7  3.5135306013713223
1.05429314067147e-7  3.49576176431792
1.0820376970049298e-7  3.549157463668685
1.1097822533383895e-7  3.5399279966312673
1.1375268096718492e-7  3.5325233186047895
1.165271366005309e-7  3.575972552009749
1.1930159223387688e-7  3.559455957269191
1.2207604786722285e-7  3.5470850456727554
1.2485050350056882e-7  3.5784374619727375
1.276249591339148e-7  3.5038082441859326
1.3039941476726076e-7  3.4957580339755463
1.3317387040060675e-7  3.585071170834017
1.3594832603395272e-7  3.522869154234435
1.387227816672987e-7  3.5454893882266596
