2.774455633345974e-9  3.5354472701782225
5.548911266691948e-9  3.5355947920646087
8.323366900037922e-9  3.535494132348109
1.1097822533383895e-8  3.535196643440737
1.3872278166729869e-8  3.5347920696129864
1.6646733800075844e-8  3.5341120057185718
1.9421189433421816e-8  3.534061979564114
2.219564506676779e-8  3.5340934898391345
2.4970100700113762e-8  3.5305312361492254
2.7744556333459737e-8  3.5305604938045416
3.051901196680571e-8  3.531062464569471
3.329346760015169e-8  3.531153663268277
3.6067923233497656e-8  3.5318867264768943
3.884237886684363e-8  3.5307296558145866
4.1616834500189606e-8  3.5291132590462757
4.439129013353558e-8  3.5352241119844985
4.7165745766881556e-8  3.5246884240260514
4.9940201400227525e-8  3.5267953797177922
5.27146570335735e-8  3.5265235667725023
5.5489112666919475e-8  3.5311482566870067
5.826356830026545e-8  3.5332051673822074
6.103802393361143e-8  3.5381941363406924
6.38124795669574e-8  3.5330730780041657
6.658693520030338e-8  3.5276318194281604
6.936139083364934e-8  3.493568336707103
7.213584646699531e-8  3.5168149739394305
7.49103021003413e-8  3.515476453236805
7.768475773368726e-8  3.5376529881853775
8.045921336703324e-8  3.5311018687239715
8.323366900037921e-8  3.5348498702671023
8.600812463372518e-8  3.5422516659605034
8.878258026707116e-8  3.518734688887408
9.155703590041713e-8  3.550015665958295
9.433149153376311e-8  3.5557506348623247
9.710594716710908e-8  3.551157410343363
9.988040280045505e-8  3.543262183299958
1.0265485843380103e-7  3.5233611860420107
1.05429314067147e-7  3.528873092242908
1.0820376970049298e-7  3.512349842220154
1.1097822533383895e-7  3.5344133491011633
1.1375268096718492e-7  3.5476078304094583
1.165271366005309e-7  3.5480959698196224
1.1930159223387688e-7  3.5414463756506596
1.2207604786722285e-7  3.565602723778164
1.2485050350056882e-7  3.55386903208566
1.276249591339148e-7  3.5496223345032574
1.3039941476726076e-7  3.5537023331813633
1.3317387040060675e-7  3.536573357392074
1.3594832603395272e-7  3.5676384615044037
1.387227816672987e-7  3.492725503407685
