2.774455633345974e-9  2.8195450875707464
5.548911266691948e-9  2.8197472257685905
8.323366900037922e-9  2.8197716309056076
1.1097822533383895e-8  2.8197194695794305
1.3872278166729869e-8  2.819146356856062
1.6646733800075844e-8  2.8183509444923
1.9421189433421816e-8  2.8186579908737825
2.219564506676779e-8  2.8166767415518077
2.4970100700113762e-8  2.8210835331722675
2.7744556333459737e-8  2.8204838506366543
3.051901196680571e-8  2.819689357310519
3.329346760015169e-8  2.8217393271014988
3.6067923233497656e-8  2.8169477033617523
3.884237886684363e-8  2.815255205995394
4.1616834500189606e-8  2.8175453846068885
4.439129013353558e-8  2.824740728035414
4.7165745766881556e-8  2.8176465569603564
4.9940201400227525e-8  2.821291584422036
5.27146570335735e-8  2.81393853519054
5.5489112666919475e-8  2.829584710780499
5.826356830026545e-8  2.823721217487327
6.103802393361143e-8  2.8460795773750287
6.38124795669574e-8  2.81823808281799
6.658693520030338e-8  2.8264524178393504
6.936139083364934e-8  2.813953353236327
7.213584646699531e-8  2.819071096630188
7.49103021003413e-8  2.808251276552441
7.768475773368726e-8  2.821143225384463
8.045921336703324e-8  2.825252442644241
8.323366900037921e-8  2.7968499655277244
8.600812463372518e-8  2.814502765675893
8.878258026707116e-8  2.814734065077674
9.155703590041713e-8  2.8192253695624134
9.433149153376311e-8  2.8318394715473305
9.710594716710908e-8  2.790723214368247
9.988040280045505e-8  2.8093849378148703
1.0265485843380103e-7  2.7820538427554538
1.05429314067147e-7  2.8243153715373532
1.0820376970049298e-7  2.8268647353738214
1.1097822533383895e-7  2.851425499424408
1.1375268096718492e-7  2.831802671515138
1.165271366005309e-7  2.8350667757036976
1.1930159223387688e-7  2.852833610531535
1.2207604786722285e-7  2.8628537189362664
1.2485050350056882e-7  2.8987036596384486
1.276249591339148e-7  2.881394386095099
1.3039941476726076e-7  2.8406288959377806
1.3317387040060675e-7  2.855033908582717
1.3594832603395272e-7  2.8557434165763502
1.387227816672987e-7  2.8818764494681974
