2.774455633345974e-9  2.212810229074913
5.548911266691948e-9  2.212918970040312
8.323366900037922e-9  2.2129957604292074
1.1097822533383895e-8  2.2137595842469437
1.3872278166729869e-8  2.215846731367668
1.6646733800075844e-8  2.2147825933286596
1.9421189433421816e-8  2.2139567302043917
2.219564506676779e-8  2.2170244896148312
2.4970100700113762e-8  2.2171990802835517
2.7744556333459737e-8  2.220802958666723
3.051901196680571e-8  2.228273706073719
3.329346760015169e-8  2.232605594929728
3.6067923233497656e-8  2.231878445431135
3.884237886684363e-8  2.2215492683168567
4.1616834500189606e-8  2.224615089998598
4.439129013353558e-8  2.243967386562996
4.7165745766881556e-8  2.2298968511052695
4.9940201400227525e-8  2.2185716883774647
5.27146570335735e-8  2.218658612102701
5.5489112666919475e-8  2.2416450845947935
5.826356830026545e-8  2.229115143114525
6.103802393361143e-8  2.237485034773789
6.38124795669574e-8  2.2189541768143513
6.658693520030338e-8  2.245046130508765
6.936139083364934e-8  2.225011411130723
7.213584646699531e-8  2.2081713503505176
7.49103021003413e-8  2.2167795543409463
7.768475773368726e-8  2.2100434171128045
8.045921336703324e-8  2.2340487992231846
8.323366900037921e-8  2.2143168697168467
8.600812463372518e-8  2.225933590707942
8.878258026707116e-8  2.2208693112939075
9.155703590041713e-8  2.2389671413256362
9.433149153376311e-8  2.229654358114508
9.710594716710908e-8  2.1963749697595762
9.988040280045505e-8  2.2066758980264582
1.0265485843380103e-7  2.1790417002522164
1.05429314067147e-7  2.2165643977225975
1.0820376970049298e-7  2.199803320719879
1.1097822533383895e-7  2.195698663722297
1.1375268096718492e-7  2.2227750251518175
1.165271366005309e-7  2.2290689761593496
1.1930159223387688e-7  2.198527059940321
1.2207604786722285e-7  2.2404743547854973
1.2485050350056882e-7  2.2612930921110275
1.276249591339148e-7  2.2595800843022893
1.3039941476726076e-7  2.2299372749374218
1.3317387040060675e-7  2.2361892602498266
1.3594832603395272e-7  2.198597224691854
1.387227816672987e-7  2.2508675558002937
