2.774455633345974e-9  1.7650553402658709
5.548911266691948e-9  1.7650875666954227
8.323366900037922e-9  1.7715610683412808
1.1097822533383895e-8  1.7693122528284613
1.3872278166729869e-8  1.7732927885457441
1.6646733800075844e-8  1.7663297365576744
1.9421189433421816e-8  1.7817390072682084
2.219564506676779e-8  1.7745444249497473
2.4970100700113762e-8  1.768774503226591
2.7744556333459737e-8  1.7696342215153666
3.051901196680571e-8  1.7881654658564827
3.329346760015169e-8  1.7840596026419946
3.6067923233497656e-8  1.7795546725013982
3.884237886684363e-8  1.7866809148748224
4.1616834500189606e-8  1.7691808680854713
4.439129013353558e-8  1.7675888775584534
4.7165745766881556e-8  1.7774241150585275
4.9940201400227525e-8  1.7502679054736034
5.27146570335735e-8  1.7732245914371625
5.5489112666919475e-8  1.7524781207538969
5.826356830026545e-8  1.759320740357335
6.103802393361143e-8  1.7728456880320018
6.38124795669574e-8  1.7777902328701383
6.658693520030338e-8  1.7509815796978252
6.936139083364934e-8  1.7732771133942677
7.213584646699531e-8  1.7696344122913672
7.49103021003413e-8  1.76349291705678
7.768475773368726e-8  1.7636823120041172
8.045921336703324e-8  1.7747557816723012
8.323366900037921e-8  1.7803861512507928
8.600812463372518e-8  1.770471294577881
8.878258026707116e-8  1.798522047267649
9.155703590041713e-8  1.7622910111263275
9.433149153376311e-8  1.7761841646961132
9.710594716710908e-8  1.7271282984814926
9.988040280045505e-8  1.7419723860030303
1.0265485843380103e-7  1.7442333823762886
1.05429314067147e-7  1.778699976893198
1.0820376970049298e-7  1.762403348020287
1.1097822533383895e-7  1.7795065161955104
1.1375268096718492e-7  1.7635673013356064
1.165271366005309e-7  1.7872450249478582
1.1930159223387688e-7  1.758085006884748
1.2207604786722285e-7  1.7636461213582453
1.2485050350056882e-7  1.7665645242930248
1.276249591339148e-7  1.7413322695011566
1.3039941476726076e-7  1.7348300871271103
1.3317387040060675e-7  1.7475170431101557
1.3594832603395272e-7  1.7342151609765792
1.387227816672987e-7  1.7588229961933743
