2.774455633345974e-9  8.268272603811546
5.548911266691948e-9  8.26255109726903
8.323366900037922e-9  8.255124171484473
1.1097822533383895e-8  8.247896690652201
1.3872278166729869e-8  8.242417243964596
1.6646733800075844e-8  8.243472413075603
1.9421189433421816e-8  8.244046800649613
2.219564506676779e-8  8.240856765401084
2.4970100700113762e-8  8.241624481081438
2.7744556333459737e-8  8.236781928512084
3.051901196680571e-8  8.248767030752969
3.329346760015169e-8  8.259024772039947
3.6067923233497656e-8  8.234369936227319
3.884237886684363e-8  8.227440364382918
4.1616834500189606e-8  8.2479700914048
4.439129013353558e-8  8.249334593885271
4.7165745766881556e-8  8.26160567270856
4.9940201400227525e-8  8.258272992438034
5.27146570335735e-8  8.2475821496736
5.5489112666919475e-8  8.243417451466062
5.826356830026545e-8  8.254488895108231
6.103802393361143e-8  8.253213730202654
6.38124795669574e-8  8.251057291178535
6.658693520030338e-8  8.286524883289742
6.936139083364934e-8  8.248869161057218
7.213584646699531e-8  8.276970107563736
7.49103021003413e-8  8.284339047558458
7.768475773368726e-8  8.266311760512925
8.045921336703324e-8  8.254018066993272
8.323366900037921e-8  8.245033021897802
8.600812463372518e-8  8.258443396445932
8.878258026707116e-8  8.240052381698568
9.155703590041713e-8  8.261956194190958
9.433149153376311e-8  8.28432435957588
9.710594716710908e-8  8.213476007263697
9.988040280045505e-8  8.263892294257168
1.0265485843380103e-7  8.267616021270658
1.05429314067147e-7  8.279988725306042
1.0820376970049298e-7  8.264884261208278
1.1097822533383895e-7  8.24650997945367
1.1375268096718492e-7  8.20876871156611
1.165271366005309e-7  8.28430357499165
1.1930159223387688e-7  8.255646150218098
1.2207604786722285e-7  8.267332009271858
1.2485050350056882e-7  8.235333873985123
1.276249591339148e-7  8.222334032657148
1.3039941476726076e-7  8.27976353182875
1.3317387040060675e-7  8.310604444463669
1.3594832603395272e-7  8.253766404598906
1.387227816672987e-7  8.206947364157326
