2.774455633345974e-9  2.533346393614976
5.548911266691948e-9  2.5326551292178547
8.323366900037922e-9  2.5348914223795376
1.1097822533383895e-8  2.5361237901617817
1.3872278166729869e-8  2.533654828331844
1.6646733800075844e-8  2.549113197443433
1.9421189433421816e-8  2.541293690805874
2.219564506676779e-8  2.5412785080654463
2.4970100700113762e-8  2.552247395489126
2.7744556333459737e-8  2.542376249155149
3.051901196680571e-8  2.5695946533220484
3.329346760015169e-8  2.54423036814914
3.6067923233497656e-8  2.551847562152842
3.884237886684363e-8  2.5435322717812547
4.1616834500189606e-8  2.533068230879362
4.439129013353558e-8  2.5235628768983123
4.7165745766881556e-8  2.5599586370189105
4.9940201400227525e-8  2.5522489929997656
5.27146570335735e-8  2.540187275185217
5.5489112666919475e-8  2.5463205792333614
5.826356830026545e-8  2.538130292514695
6.103802393361143e-8  2.549210194111511
6.38124795669574e-8  2.559359138417769
6.658693520030338e-8  2.550051126135738
6.936139083364934e-8  2.527516910923896
7.213584646699531e-8  2.521170049576683
7.49103021003413e-8  2.5354912239611034
7.768475773368726e-8  2.5360255881835783
8.045921336703324e-8  2.5491561912845775
8.323366900037921e-8  2.5479793117053195
8.600812463372518e-8  2.5448262655771305
8.878258026707116e-8  2.5781102126386655
9.155703590041713e-8  2.530449680870216
9.433149153376311e-8  2.563878522652195
9.710594716710908e-8  2.565215096710953
9.988040280045505e-8  2.557611829464417
1.0265485843380103e-7  2.5853523345786806
1.05429314067147e-7  2.543587884351311
1.0820376970049298e-7  2.577737055101452
1.1097822533383895e-7  2.5423315377839817
1.1375268096718492e-7  2.5564279109295502
1.165271366005309e-7  2.5434601380188755
1.1930159223387688e-7  2.540496324334738
1.2207604786722285e-7  2.534101320016342
1.2485050350056882e-7  2.5258434288861085
1.276249591339148e-7  2.529973640778007
1.3039941476726076e-7  2.522872846031038
1.3317387040060675e-7  2.490778052987805
1.3594832603395272e-7  2.5012860060711777
1.387227816672987e-7  2.527072313600363
