2.774455633345974e-9  39.66935269226784
5.548911266691948e-9  43.82912908969843
8.323366900037922e-9  46.26046473924816
1.1097822533383895e-8  47.987734971867916
1.3872278166729869e-8  49.326308554447486
1.6646733800075844e-8  50.42080946553774
1.9421189433421816e-8  51.346012034235514
2.219564506676779e-8  52.14759188628779
2.4970100700113762e-8  52.85803419603821
2.7744556333459737e-8  53.48534674249094
3.051901196680571e-8  54.057335229023664
3.329346760015169e-8  54.575143780190345
3.6067923233497656e-8  55.05961761212502
3.884237886684363e-8  55.503359407335836
4.1616834500189606e-8  55.91496425966484
4.439129013353558e-8  56.30570646040115
4.7165745766881556e-8  56.66953980488934
4.9940201400227525e-8  57.01225618603117
5.27146570335735e-8  57.33703281272228
5.5489112666919475e-8  57.642334210493395
5.826356830026545e-8  57.93007333668254
6.103802393361143e-8  58.218935822667994
6.38124795669574e-8  58.48480700339562
6.658693520030338e-8  58.73892086022858
6.936139083364934e-8  58.98258797054033
7.213584646699531e-8  59.21829479100258
7.49103021003413e-8  59.398374366963196
7.768475773368726e-8  59.66227281660661
8.045921336703324e-8  59.87360186634561
8.323366900037921e-8  60.07555805499579
8.600812463372518e-8  60.273607019163975
8.878258026707116e-8  60.46507164220889
9.155703590041713e-8  60.63373905131313
9.433149153376311e-8  60.82690913650891
9.710594716710908e-8  61.00251869446375
9.988040280045505e-8  61.17161715942413
1.0265485843380103e-7  61.33577816670381
1.05429314067147e-7  61.50028772706676
1.0820376970049298e-7  61.65287749744559
1.1097822533383895e-7  61.80077276935556
1.1375268096718492e-7  61.94748101344905
1.165271366005309e-7  62.09909498531019
1.1930159223387688e-7  62.22467925914889
1.2207604786722285e-7  62.37189371750984
1.2485050350056882e-7  62.51107187209074
1.276249591339148e-7  62.64428377729308
1.3039941476726076e-7  62.77244457025533
1.3317387040060675e-7  62.901174731064934
1.3594832603395272e-7  63.02574048966288
1.387227816672987e-7  63.148300135402614
