2.774455633345974e-9  41.00994888384333
5.548911266691948e-9  45.13272058388089
8.323366900037922e-9  47.60058125234318
1.1097822533383895e-8  49.326308554447486
1.3872278166729869e-8  50.662039029731
1.6646733800075844e-8  51.759515222232956
1.9421189433421816e-8  52.682435864073035
2.219564506676779e-8  53.48534674249094
2.4970100700113762e-8  54.19315806414724
2.7744556333459737e-8  54.824384291322566
3.051901196680571e-8  55.39611331565371
3.329346760015169e-8  55.91496425966484
3.6067923233497656e-8  56.39454394335878
3.884237886684363e-8  56.84362175726709
4.1616834500189606e-8  57.25471808081583
4.439129013353558e-8  57.642334210493395
4.7165745766881556e-8  58.0089486239043
4.9940201400227525e-8  58.35035920525069
5.27146570335735e-8  58.67664428991306
5.5489112666919475e-8  58.98258797054033
5.826356830026545e-8  59.27690001668764
6.103802393361143e-8  59.55559913508969
6.38124795669574e-8  59.821499077366454
6.658693520030338e-8  60.07555805499579
6.936139083364934e-8  60.32268827883205
7.213584646699531e-8  60.55891351545361
7.49103021003413e-8  60.782799538348435
7.768475773368726e-8  61.00251869446375
8.045921336703324e-8  61.211534370799534
8.323366900037921e-8  61.41909719617092
8.600812463372518e-8  61.613297822107235
8.878258026707116e-8  61.80077276935556
9.155703590041713e-8  61.977489262238564
9.433149153376311e-8  62.165438893204396
9.710594716710908e-8  62.34082910393798
9.988040280045505e-8  62.51107187209074
1.0265485843380103e-7  62.67391669171412
1.05429314067147e-7  62.833619019503075
1.0820376970049298e-7  62.99100094316759
1.1097822533383895e-7  63.148300135402614
1.1375268096718492e-7  63.2902545502618
1.165271366005309e-7  63.43497865489643
1.1930159223387688e-7  63.57722553244399
1.2207604786722285e-7  63.714471978921345
1.2485050350056882e-7  63.848318356522526
1.276249591339148e-7  63.97590916101886
1.3039941476726076e-7  64.1096854975807
1.3317387040060675e-7  64.23601253802285
1.3594832603395272e-7  64.3600446746991
1.387227816672987e-7  64.48190498337047
