2.774455633345974e-9  42.743231258497325
5.548911266691948e-9  46.8939274847513
8.323366900037922e-9  49.326308554447486
1.1097822533383895e-8  51.053938456816944
1.3872278166729869e-8  52.38834569831919
1.6646733800075844e-8  53.48534674249094
1.9421189433421816e-8  54.41264202810751
2.219564506676779e-8  55.21258434951471
2.4970100700113762e-8  55.914964259665076
2.7744556333459737e-8  56.550664825487004
3.051901196680571e-8  57.134610333166016
3.329346760015169e-8  57.642334210493395
3.6067923233497656e-8  58.124742493996635
3.884237886684363e-8  58.57232494669942
4.1616834500189606e-8  58.98258797054033
4.439129013353558e-8  59.36984847685845
4.7165745766881556e-8  59.7323744838275
4.9940201400227525e-8  60.07555805499618
5.27146570335735e-8  60.398909950206544
5.5489112666919475e-8  60.71126558425224
5.826356830026545e-8  61.00251869446375
6.103802393361143e-8  61.27902823205966
6.38124795669574e-8  61.54288018339522
6.658693520030338e-8  61.80077276935556
6.936139083364934e-8  62.04885896954271
7.213584646699531e-8  62.275536562811226
7.49103021003413e-8  62.51107187209074
7.768475773368726e-8  62.72952309812214
8.045921336703324e-8  62.94060814037213
8.323366900037921e-8  63.148300135402614
8.600812463372518e-8  63.33199610754836
8.878258026707116e-8  63.53128871664716
9.155703590041713e-8  63.714471978921345
9.433149153376311e-8  63.89452345962096
9.710594716710908e-8  64.06716321748821
9.988040280045505e-8  64.23601253802536
1.0265485843380103e-7  64.40067822796276
1.05429314067147e-7  64.56526788329518
1.0820376970049298e-7  64.7168350448019
1.1097822533383895e-7  64.89252695631801
1.1375268096718492e-7  65.01725637783052
1.165271366005309e-7  65.16207321261378
1.1930159223387688e-7  65.3142700552937
1.2207604786722285e-7  65.43912796297539
1.2485050350056882e-7  65.5785038844576
1.276249591339148e-7  65.70877691540362
1.3039941476726076e-7  65.83691954849759
1.3317387040060675e-7  65.96524702751175
1.3594832603395272e-7  66.08592080731876
1.387227816672987e-7  66.20548803512307
