2.774455633345974e-9  0.33429446428136056
5.548911266691948e-9  0.3343604068801012
8.323366900037922e-9  0.3342628294876451
1.1097822533383895e-8  0.3341639237059923
1.3872278166729869e-8  0.3366684089158334
1.6646733800075844e-8  0.33566955344662047
1.9421189433421816e-8  0.33508392394809416
2.219564506676779e-8  0.33776509994642623
2.4970100700113762e-8  0.34595302911619347
2.7744556333459737e-8  0.34292443076884255
3.051901196680571e-8  0.3414184449241936
3.329346760015169e-8  0.3436391661892433
3.6067923233497656e-8  0.3429395005736322
3.884237886684363e-8  0.33680474673986266
4.1616834500189606e-8  0.33565844614403595
4.439129013353558e-8  0.349404853620561
4.7165745766881556e-8  0.347539810044487
4.9940201400227525e-8  0.33480306018038014
5.27146570335735e-8  0.3353845763879624
5.5489112666919475e-8  0.3423653520892815
5.826356830026545e-8  0.34089535510814695
6.103802393361143e-8  0.3415918312501888
6.38124795669574e-8  0.33788511764081547
6.658693520030338e-8  0.3528894420825144
6.936139083364934e-8  0.34094694429626066
7.213584646699531e-8  0.32215486365214036
7.49103021003413e-8  0.3213809984483195
7.768475773368726e-8  0.3343452687937285
8.045921336703324e-8  0.33172248228412793
8.323366900037921e-8  0.3484359289474009
8.600812463372518e-8  0.32818777412865285
8.878258026707116e-8  0.3605567298720343
9.155703590041713e-8  0.378273087883673
9.433149153376311e-8  0.32707014168877546
9.710594716710908e-8  0.3474272000565029
9.988040280045505e-8  0.34859488103903463
1.0265485843380103e-7  0.33993251499981764
1.05429314067147e-7  0.3622686151304241
1.0820376970049298e-7  0.34604094344740993
1.1097822533383895e-7  0.33307970761445005
1.1375268096718492e-7  0.327177304405934
1.165271366005309e-7  0.3378191267977156
1.1930159223387688e-7  0.33672729907866455
1.2207604786722285e-7  0.33655916330468183
1.2485050350056882e-7  0.3276751028668634
1.276249591339148e-7  0.3188845636185861
1.3039941476726076e-7  0.3298846238851148
1.3317387040060675e-7  0.34522054946333247
1.3594832603395272e-7  0.33526420087063
1.387227816672987e-7  0.3414306453526749
