2.774455633345974e-9  33.07762672775515
5.548911266691948e-9  37.24132435599168
8.323366900037922e-9  39.66935269226791
1.1097822533383895e-8  41.40090640173218
1.3872278166729869e-8  42.743231258497325
1.6646733800075844e-8  43.8291290896985
1.9421189433421816e-8  44.75477799196667
2.219564506676779e-8  45.55669048724463
2.4970100700113762e-8  46.26046473924825
2.7744556333459737e-8  46.8939274847513
3.051901196680571e-8  47.46604633457807
3.329346760015169e-8  47.987734971868015
3.6067923233497656e-8  48.46840280836586
3.884237886684363e-8  48.91331318764369
4.1616834500189606e-8  49.326308554447486
4.439129013353558e-8  49.713425572941965
4.7165745766881556e-8  50.07480927152518
4.9940201400227525e-8  50.420809465537786
5.27146570335735e-8  50.74917282495056
5.5489112666919475e-8  51.053938456816944
5.826356830026545e-8  51.34601203423565
6.103802393361143e-8  51.624970383156686
6.38124795669574e-8  51.891115864090416
6.658693520030338e-8  52.14759188628771
6.936139083364934e-8  52.38834569831919
7.213584646699531e-8  52.61668990036861
7.49103021003413e-8  52.85803419603812
7.768475773368726e-8  53.0707900977793
8.045921336703324e-8  53.282239573296174
8.323366900037921e-8  53.48534674249094
8.600812463372518e-8  53.683250731807725
8.878258026707116e-8  53.87177439235757
9.155703590041713e-8  54.057335229023664
9.433149153376311e-8  54.23945813047356
9.710594716710908e-8  54.41264202810751
9.988040280045505e-8  54.57514378019035
1.0265485843380103e-7  54.74718359532281
1.05429314067147e-7  54.90230907838564
1.0820376970049298e-7  55.05961761212472
1.1097822533383895e-7  55.21258434951471
1.1375268096718492e-7  55.35904404472689
1.165271366005309e-7  55.503359407335964
1.1930159223387688e-7  55.64556082905723
1.2207604786722285e-7  55.78350152062689
1.2485050350056882e-7  55.91496425966484
1.276249591339148e-7  56.05033254209882
1.3039941476726076e-7  56.17591392446011
1.3317387040060675e-7  56.305706460401524
1.3594832603395272e-7  56.42967403978781
1.387227816672987e-7  56.550664825487004
