2.774455633345974e-9  1.4746525192239677
5.548911266691948e-9  1.4747496196912389
8.323366900037922e-9  1.4747026750259056
1.1097822533383895e-8  1.480666060816757
1.3872278166729869e-8  1.4800217124300759
1.6646733800075844e-8  1.4758387686038728
1.9421189433421816e-8  1.4804181627142412
2.219564506676779e-8  1.477665116538624
2.4970100700113762e-8  1.4792288450661033
2.7744556333459737e-8  1.4862772967944988
3.051901196680571e-8  1.4863419427531166
3.329346760015169e-8  1.4838576107831736
3.6067923233497656e-8  1.4771552463813666
3.884237886684363e-8  1.482974874353314
4.1616834500189606e-8  1.4836868381861001
4.439129013353558e-8  1.4911016392009682
4.7165745766881556e-8  1.4813240995529668
4.9940201400227525e-8  1.473910938460658
5.27146570335735e-8  1.4787750161810305
5.5489112666919475e-8  1.4936941045054222
5.826356830026545e-8  1.4841076035030556
6.103802393361143e-8  1.5057697203087572
6.38124795669574e-8  1.4762512691875234
6.658693520030338e-8  1.4695674651109278
6.936139083364934e-8  1.4584279313727837
7.213584646699531e-8  1.4651329830945046
7.49103021003413e-8  1.4814739205676934
7.768475773368726e-8  1.468496966590532
8.045921336703324e-8  1.4896293902761502
8.323366900037921e-8  1.4786026952821636
8.600812463372518e-8  1.4960538307171232
8.878258026707116e-8  1.461811346622675
9.155703590041713e-8  1.4856778966246575
9.433149153376311e-8  1.4900321249375073
9.710594716710908e-8  1.460719436892459
9.988040280045505e-8  1.478484799767376
1.0265485843380103e-7  1.4336243363548793
1.05429314067147e-7  1.4425424556578115
1.0820376970049298e-7  1.4682021521272453
1.1097822533383895e-7  1.447097685668102
1.1375268096718492e-7  1.474506776974796
1.165271366005309e-7  1.4927025124647426
1.1930159223387688e-7  1.4683321113839731
1.2207604786722285e-7  1.501121668075818
1.2485050350056882e-7  1.4995124333446628
1.276249591339148e-7  1.4498863122338441
1.3039941476726076e-7  1.4582868271074139
1.3317387040060675e-7  1.458735445299618
1.3594832603395272e-7  1.4497484179089384
1.387227816672987e-7  1.4792688809623284
