2.774455633345974e-9  0.09722962334309396
5.548911266691948e-9  0.09978028934245516
8.323366900037922e-9  0.09997998204322968
1.1097822533383895e-8  0.09913037061467081
1.3872278166729869e-8  0.09955313351615977
1.6646733800075844e-8  0.09940423857935261
1.9421189433421816e-8  0.09967578677621128
2.219564506676779e-8  0.09977245159853543
2.4970100700113762e-8  0.09882864360229736
2.7744556333459737e-8  0.10081159771158574
3.051901196680571e-8  0.09997213885281767
3.329346760015169e-8  0.10063352981149251
3.6067923233497656e-8  0.10078345855814141
3.884237886684363e-8  0.10406972438989215
4.1616834500189606e-8  0.10745257171784443
4.439129013353558e-8  0.1015628367224557
4.7165745766881556e-8  0.10650520584569048
4.9940201400227525e-8  0.10394745429548306
5.27146570335735e-8  0.10654222190091632
5.5489112666919475e-8  0.10337886894260273
5.826356830026545e-8  0.10102685516952982
6.103802393361143e-8  0.10537408207990952
6.38124795669574e-8  0.09478537230563552
6.658693520030338e-8  0.09844785665573381
6.936139083364934e-8  0.09695656132252099
7.213584646699531e-8  0.1122048705467666
7.49103021003413e-8  0.11502324243246283
7.768475773368726e-8  0.11859687678082238
8.045921336703324e-8  0.09532930279225481
8.323366900037921e-8  0.10901565206731828
8.600812463372518e-8  0.11001406883664978
8.878258026707116e-8  0.10402628211134074
9.155703590041713e-8  0.10455154380728122
9.433149153376311e-8  0.1051195326483941
9.710594716710908e-8  0.11015230453587876
9.988040280045505e-8  0.09128166570612274
1.0265485843380103e-7  0.09703239909336346
1.05429314067147e-7  0.10525705730966406
1.0820376970049298e-7  0.097708972928484
1.1097822533383895e-7  0.10614698343663906
1.1375268096718492e-7  0.10737053916352307
1.165271366005309e-7  0.10547996883929243
1.1930159223387688e-7  0.10095675233036071
1.2207604786722285e-7  0.10473080702531509
1.2485050350056882e-7  0.08095130303924429
1.276249591339148e-7  0.09892830719530872
1.3039941476726076e-7  0.10269202633862849
1.3317387040060675e-7  0.10058858527070125
1.3594832603395272e-7  0.10677074118818189
1.387227816672987e-7  0.10281782952959152
