2.774455633345974e-9  1.11523811274033
5.548911266691948e-9  1.1177212921373092
8.323366900037922e-9  1.1155956870759265
1.1097822533383895e-8  1.1171995261032965
1.3872278166729869e-8  1.1178749542707611
1.6646733800075844e-8  1.1196331785792948
1.9421189433421816e-8  1.1202839189422313
2.219564506676779e-8  1.1172213098600816
2.4970100700113762e-8  1.1186514646433494
2.7744556333459737e-8  1.116636075818459
3.051901196680571e-8  1.127275048555731
3.329346760015169e-8  1.1163645982994588
3.6067923233497656e-8  1.1182667755087845
3.884237886684363e-8  1.1282410443680229
4.1616834500189606e-8  1.1245613136248434
4.439129013353558e-8  1.1391942272016862
4.7165745766881556e-8  1.115556874580288
4.9940201400227525e-8  1.141993307336088
5.27146570335735e-8  1.1394446945535357
5.5489112666919475e-8  1.1078991508407972
5.826356830026545e-8  1.122852598973956
6.103802393361143e-8  1.1322602977479517
6.38124795669574e-8  1.1258694429291767
6.658693520030338e-8  1.129736183503618
6.936139083364934e-8  1.120159386637573
7.213584646699531e-8  1.09550543232278
7.49103021003413e-8  1.1377457082207272
7.768475773368726e-8  1.1267201755004952
8.045921336703324e-8  1.110292501286363
8.323366900037921e-8  1.1331572277170552
8.600812463372518e-8  1.1252068532885775
8.878258026707116e-8  1.144868807284174
9.155703590041713e-8  1.13373144281432
9.433149153376311e-8  1.1371697204507256
9.710594716710908e-8  1.1699561776019234
9.988040280045505e-8  1.15194737745908
1.0265485843380103e-7  1.1287440450675872
1.05429314067147e-7  1.1237032193996765
1.0820376970049298e-7  1.1174097057466497
1.1097822533383895e-7  1.1284636323102208
1.1375268096718492e-7  1.0911870655633085
1.165271366005309e-7  1.1272454535264267
1.1930159223387688e-7  1.0907825604336052
1.2207604786722285e-7  1.1020669739343476
1.2485050350056882e-7  1.108013596218478
1.276249591339148e-7  1.084120586565384
1.3039941476726076e-7  1.1113944522504695
1.3317387040060675e-7  1.1091148678173386
1.3594832603395272e-7  1.09321690161822
1.387227816672987e-7  1.1148490014792443
