2.774455633345974e-9  40.15124691784947
5.548911266691948e-9  44.30890082278654
8.323366900037922e-9  46.74424554044438
1.1097822533383895e-8  48.46840280836586
1.3872278166729869e-8  49.80819436391068
1.6646733800075844e-8  50.90125510961679
1.9421189433421816e-8  51.82537998414352
2.219564506676779e-8  52.61668990036861
2.4970100700113762e-8  53.334080428773085
2.7744556333459737e-8  53.97042313767876
3.051901196680571e-8  54.53939227244662
3.329346760015169e-8  55.05961761212472
3.6067923233497656e-8  55.539968058447755
3.884237886684363e-8  55.99149829612921
4.1616834500189606e-8  56.39454394335878
4.439129013353558e-8  56.787158662901284
4.7165745766881556e-8  57.14562579153043
4.9940201400227525e-8  57.492908047483056
5.27146570335735e-8  57.8171589987032
5.5489112666919475e-8  58.124742493996635
5.826356830026545e-8  58.41784324774784
6.103802393361143e-8  58.696934747105296
6.38124795669574e-8  58.9591707092186
6.658693520030338e-8  59.21829479100215
6.936139083364934e-8  59.462005610000084
7.213584646699531e-8  59.698184386461605
7.49103021003413e-8  59.92850909738345
7.768475773368726e-8  60.141435354190044
8.045921336703324e-8  60.35795185428813
8.323366900037921e-8  60.55891351545361
8.600812463372518e-8  60.75777548714455
8.878258026707116e-8  60.94561805249235
9.155703590041713e-8  61.12694943895792
9.433149153376311e-8  61.310617105381915
9.710594716710908e-8  61.48162868474312
9.988040280045505e-8  61.65287749744559
1.0265485843380103e-7  61.818712638249224
1.05429314067147e-7  61.976226280461994
1.0820376970049298e-7  62.13161182956942
1.1097822533383895e-7  62.275536562811226
1.1375268096718492e-7  62.431535231757984
1.165271366005309e-7  62.57548461062642
1.1930159223387688e-7  62.71934839234312
1.2207604786722285e-7  62.855514522725535
1.2485050350056882e-7  62.99100094316759
1.276249591339148e-7  63.122851611049065
1.3039941476726076e-7  63.24950808676454
1.3317387040060675e-7  63.381749695215575
1.3594832603395272e-7  63.50462579096051
1.387227816672987e-7  63.62229951012823
