2.774455633345974e-9  -0.7329979943007928
5.548911266691948e-9  -0.735032140775194
8.323366900037922e-9  -0.7327525676501789
1.1097822533383895e-8  -0.7329605715103802
1.3872278166729869e-8  -0.7302577168317238
1.6646733800075844e-8  -0.7321830097584361
1.9421189433421816e-8  -0.732607880311226
2.219564506676779e-8  -0.7292797250382319
2.4970100700113762e-8  -0.7257762372111767
2.7744556333459737e-8  -0.7267094010103982
3.051901196680571e-8  -0.7321156524415118
3.329346760015169e-8  -0.7356505622621518
3.6067923233497656e-8  -0.7357080747654949
3.884237886684363e-8  -0.7370738676489892
4.1616834500189606e-8  -0.7310920589434312
4.439129013353558e-8  -0.7324521879450843
4.7165745766881556e-8  -0.7265761196943116
4.9940201400227525e-8  -0.7227344312578333
5.27146570335735e-8  -0.7270583664098853
5.5489112666919475e-8  -0.7347422009472611
5.826356830026545e-8  -0.7357319679824722
6.103802393361143e-8  -0.7353962989790251
6.38124795669574e-8  -0.7483548841932504
6.658693520030338e-8  -0.7451631002768982
6.936139083364934e-8  -0.7411987228424898
7.213584646699531e-8  -0.7451386768545716
7.49103021003413e-8  -0.7473722148523161
7.768475773368726e-8  -0.7421957771480766
8.045921336703324e-8  -0.7386343671474205
8.323366900037921e-8  -0.7290159628631568
8.600812463372518e-8  -0.7326984434779977
8.878258026707116e-8  -0.7411250284756469
9.155703590041713e-8  -0.7314854630638167
9.433149153376311e-8  -0.7258336385116195
9.710594716710908e-8  -0.7314700504680659
9.988040280045505e-8  -0.7156448046345276
1.0265485843380103e-7  -0.7318412356499361
1.05429314067147e-7  -0.7346442430571527
1.0820376970049298e-7  -0.7349772585162262
1.1097822533383895e-7  -0.726805500450323
1.1375268096718492e-7  -0.735725270643474
1.165271366005309e-7  -0.7367405851828083
1.1930159223387688e-7  -0.7421621388217725
1.2207604786722285e-7  -0.73399062275744
1.2485050350056882e-7  -0.7461126355281489
1.276249591339148e-7  -0.7527735003598199
1.3039941476726076e-7  -0.7355384164906626
1.3317387040060675e-7  -0.745132192285484
1.3594832603395272e-7  -0.7487731560794572
1.387227816672987e-7  -0.7449340589936849
