2.774455633345974e-9  1.7480183008499932
5.548911266691948e-9  1.736917834771153
8.323366900037922e-9  1.7437498214385454
1.1097822533383895e-8  1.742488188193497
1.3872278166729869e-8  1.7391070429743645
1.6646733800075844e-8  1.7434273188932001
1.9421189433421816e-8  1.7449630092438633
2.219564506676779e-8  1.745674370741889
2.4970100700113762e-8  1.7454146327966924
2.7744556333459737e-8  1.7406919003926782
3.051901196680571e-8  1.748011026037711
3.329346760015169e-8  1.7417997596897046
3.6067923233497656e-8  1.7582521601956218
3.884237886684363e-8  1.7599745053002525
4.1616834500189606e-8  1.7658732609999237
4.439129013353558e-8  1.753483267355192
4.7165745766881556e-8  1.7667087068683178
4.9940201400227525e-8  1.7428718742739486
5.27146570335735e-8  1.7398394461108728
5.5489112666919475e-8  1.731775750197572
5.826356830026545e-8  1.7487149728727178
6.103802393361143e-8  1.7434259918093769
6.38124795669574e-8  1.769385013598299
6.658693520030338e-8  1.760409925691264
6.936139083364934e-8  1.7576780607462497
7.213584646699531e-8  1.7707476342238895
7.49103021003413e-8  1.762962350690377
7.768475773368726e-8  1.7661958252422811
8.045921336703324e-8  1.811687493579982
8.323366900037921e-8  1.7810181709120152
8.600812463372518e-8  1.7445402326140012
8.878258026707116e-8  1.7863362314325497
9.155703590041713e-8  1.7498404311669713
9.433149153376311e-8  1.7581976906808297
9.710594716710908e-8  1.751702457577322
9.988040280045505e-8  1.723470242724261
1.0265485843380103e-7  1.7258389919149302
1.05429314067147e-7  1.739765956232052
1.0820376970049298e-7  1.7216266794438913
1.1097822533383895e-7  1.7440953753279447
1.1375268096718492e-7  1.7068519335986787
1.165271366005309e-7  1.7395566654858556
1.1930159223387688e-7  1.726062953323098
1.2207604786722285e-7  1.7492253354194192
1.2485050350056882e-7  1.751634249604022
1.276249591339148e-7  1.7573553627571237
1.3039941476726076e-7  1.7374451184680066
1.3317387040060675e-7  1.7609083689494407
1.3594832603395272e-7  1.7589342180184615
1.387227816672987e-7  1.76172565339638
