2.774455633345974e-9  0.45601890874372775
5.548911266691948e-9  0.4554396696674286
8.323366900037922e-9  0.4564116638374379
1.1097822533383895e-8  0.45989263638666233
1.3872278166729869e-8  0.46401271723564635
1.6646733800075844e-8  0.4638385925897649
1.9421189433421816e-8  0.45873241402753934
2.219564506676779e-8  0.4581525373779826
2.4970100700113762e-8  0.4687530034232662
2.7744556333459737e-8  0.4455818640939884
3.051901196680571e-8  0.4707468728146661
3.329346760015169e-8  0.4591227312004674
3.6067923233497656e-8  0.45533441051704965
3.884237886684363e-8  0.45614269684747405
4.1616834500189606e-8  0.4581696828357356
4.439129013353558e-8  0.4547753234331241
4.7165745766881556e-8  0.488624784045668
4.9940201400227525e-8  0.49055853123273896
5.27146570335735e-8  0.47366748628062894
5.5489112666919475e-8  0.4709746379018867
5.826356830026545e-8  0.46249960278169844
6.103802393361143e-8  0.45605857021932006
6.38124795669574e-8  0.4545365408378421
6.658693520030338e-8  0.45914639196779905
6.936139083364934e-8  0.46888398180501834
7.213584646699531e-8  0.4590252288213346
7.49103021003413e-8  0.4456928952139305
7.768475773368726e-8  0.44547941570062777
8.045921336703324e-8  0.45082989995211764
8.323366900037921e-8  0.44912466754574526
8.600812463372518e-8  0.4368361889795771
8.878258026707116e-8  0.4402764963645983
9.155703590041713e-8  0.4559668072324741
9.433149153376311e-8  0.44156656052382237
9.710594716710908e-8  0.4693725931948295
9.988040280045505e-8  0.4804306456953463
1.0265485843380103e-7  0.45973325100029233
1.05429314067147e-7  0.44418920018162983
1.0820376970049298e-7  0.4715614918642761
1.1097822533383895e-7  0.4802100519477181
1.1375268096718492e-7  0.46424013196642666
1.165271366005309e-7  0.4474392393593226
1.1930159223387688e-7  0.4676124081731257
1.2207604786722285e-7  0.45518616536307266
1.2485050350056882e-7  0.45309718795245574
1.276249591339148e-7  0.4607727696601093
1.3039941476726076e-7  0.4450046286427365
1.3317387040060675e-7  0.45180916914296965
1.3594832603395272e-7  0.4399436349783853
1.387227816672987e-7  0.43011151725471625
