2.774455633345974e-9  -0.5059913169999899
5.548911266691948e-9  -0.5054013067637897
8.323366900037922e-9  -0.5043735706352116
1.1097822533383895e-8  -0.5056786660056176
1.3872278166729869e-8  -0.5020384121895036
1.6646733800075844e-8  -0.5058873845416346
1.9421189433421816e-8  -0.5055271505636141
2.219564506676779e-8  -0.5056146576830454
2.4970100700113762e-8  -0.5030268205474513
2.7744556333459737e-8  -0.49708587585981306
3.051901196680571e-8  -0.5123654175270042
3.329346760015169e-8  -0.5069622191441101
3.6067923233497656e-8  -0.5041425505927709
3.884237886684363e-8  -0.4982990496400115
4.1616834500189606e-8  -0.4970412296430638
4.439129013353558e-8  -0.5013272642483039
4.7165745766881556e-8  -0.507403925560897
4.9940201400227525e-8  -0.5039858236182925
5.27146570335735e-8  -0.47427649045248066
5.5489112666919475e-8  -0.49542771977343075
5.826356830026545e-8  -0.5116035342340656
6.103802393361143e-8  -0.5137859372450737
6.38124795669574e-8  -0.521372370773766
6.658693520030338e-8  -0.4981395219542695
6.936139083364934e-8  -0.49989835141954087
7.213584646699531e-8  -0.5045001167418923
7.49103021003413e-8  -0.4969514206803516
7.768475773368726e-8  -0.5042590577327353
8.045921336703324e-8  -0.4999310899628265
8.323366900037921e-8  -0.4931245113963383
8.600812463372518e-8  -0.5078510018896487
8.878258026707116e-8  -0.5085944212104526
9.155703590041713e-8  -0.5271907765226233
9.433149153376311e-8  -0.5148361724760363
9.710594716710908e-8  -0.5131501335091512
9.988040280045505e-8  -0.4965818849655828
1.0265485843380103e-7  -0.5158106053571422
1.05429314067147e-7  -0.5056359719508364
1.0820376970049298e-7  -0.4941074691610762
1.1097822533383895e-7  -0.48545306512258196
1.1375268096718492e-7  -0.4978880530794563
1.165271366005309e-7  -0.5228606703948697
1.1930159223387688e-7  -0.5039775832823509
1.2207604786722285e-7  -0.510007842853863
1.2485050350056882e-7  -0.5050733232341743
1.276249591339148e-7  -0.5232221478854486
1.3039941476726076e-7  -0.5017312551393055
1.3317387040060675e-7  -0.5120455551457975
1.3594832603395272e-7  -0.5069420015318825
1.387227816672987e-7  -0.4968367860588223
