2.774455633345974e-9  39.148380596613244
5.548911266691948e-9  43.305976120080985
8.323366900037922e-9  45.729627393179385
1.1097822533383895e-8  47.46604633457807
1.3872278166729869e-8  48.80290620647462
1.6646733800075844e-8  49.90321676639015
1.9421189433421816e-8  50.82444444710179
2.219564506676779e-8  51.624970383156686
2.4970100700113762e-8  52.33078464451493
2.7744556333459737e-8  52.963096403084236
3.051901196680571e-8  53.535566706263225
3.329346760015169e-8  54.0573352290238
3.6067923233497656e-8  54.53939227244671
3.884237886684363e-8  54.98291084981619
4.1616834500189606e-8  55.39611331565371
4.439129013353558e-8  55.78350152062689
4.7165745766881556e-8  56.14738412339578
4.9940201400227525e-8  56.48937703658482
5.27146570335735e-8  56.81640417329997
5.5489112666919475e-8  57.134610333166016
5.826356830026545e-8  57.415933757336255
6.103802393361143e-8  57.695023079578476
6.38124795669574e-8  57.95929324297417
6.658693520030338e-8  58.21893582266787
6.936139083364934e-8  58.46200561978563
7.213584646699531e-8  58.69693474710556
7.49103021003413e-8  58.92438514036411
7.768475773368726e-8  59.14124180675776
8.045921336703324e-8  59.35208787561479
8.323366900037921e-8  59.55559913508969
8.600812463372518e-8  59.753806794207506
8.878258026707116e-8  59.933275820462576
9.155703590041713e-8  60.12656144585498
9.433149153376311e-8  60.30631695066238
9.710594716710908e-8  60.47684830020651
9.988040280045505e-8  60.63373905131313
1.0265485843380103e-7  60.816926529732804
1.05429314067147e-7  60.97622620035301
1.0820376970049298e-7  61.12694943895792
1.1097822533383895e-7  61.27902823205966
1.1375268096718492e-7  61.43160734632717
1.165271366005309e-7  61.5741677100285
1.1930159223387688e-7  61.714279870623976
1.2207604786722285e-7  61.85763833081753
1.2485050350056882e-7  61.977489262238564
1.276249591339148e-7  62.12056166183051
1.3039941476726076e-7  62.252089396391966
1.3317387040060675e-7  62.37189371750957
1.3594832603395272e-7  62.49924232097949
1.387227816672987e-7  62.62090859971408
