2.774455633345974e-9  1.0138992973174887
5.548911266691948e-9  1.0136208150700354
8.323366900037922e-9  1.0132729011980899
1.1097822533383895e-8  1.017795377125794
1.3872278166729869e-8  1.0179199472873024
1.6646733800075844e-8  1.016187809110538
1.9421189433421816e-8  1.0216922097878924
2.219564506676779e-8  1.0233508909489384
2.4970100700113762e-8  1.0270633954975554
2.7744556333459737e-8  1.0079988360108245
3.051901196680571e-8  1.011734098971767
3.329346760015169e-8  1.0134084496711353
3.6067923233497656e-8  1.0116387066781767
3.884237886684363e-8  1.0181646744852848
4.1616834500189606e-8  1.0214510666942949
4.439129013353558e-8  1.0227355588281988
4.7165745766881556e-8  1.006526293625091
4.9940201400227525e-8  1.0129654855665111
5.27146570335735e-8  1.0234438890492885
5.5489112666919475e-8  1.0195933621804163
5.826356830026545e-8  0.9949926773555954
6.103802393361143e-8  1.0227149692636748
6.38124795669574e-8  1.0224485211571661
6.658693520030338e-8  1.0244921040110864
6.936139083364934e-8  1.027641087548509
7.213584646699531e-8  1.0011486136501635
7.49103021003413e-8  1.023695892437632
7.768475773368726e-8  1.0023810985761559
8.045921336703324e-8  0.9981188148904976
8.323366900037921e-8  0.9848571148548187
8.600812463372518e-8  1.003319819836057
8.878258026707116e-8  1.03185474347805
9.155703590041713e-8  1.0239374380261663
9.433149153376311e-8  1.0356851345625846
9.710594716710908e-8  1.0449821659226712
9.988040280045505e-8  1.0172730811778428
1.0265485843380103e-7  1.0146456930723033
1.05429314067147e-7  0.9940865496635084
1.0820376970049298e-7  1.0046525096474581
1.1097822533383895e-7  0.9982226958425365
1.1375268096718492e-7  0.9911276843695357
1.165271366005309e-7  1.022386840425355
1.1930159223387688e-7  1.0099228117556456
1.2207604786722285e-7  1.018734521525286
1.2485050350056882e-7  1.012782205896915
1.276249591339148e-7  1.0150811637205748
1.3039941476726076e-7  1.0000168695614484
1.3317387040060675e-7  1.0360815822106422
1.3594832603395272e-7  1.0271163652146094
1.387227816672987e-7  0.9996643380455393
