2.774455633345974e-9  1.801134077805563
5.548911266691948e-9  1.7916902011356302
8.323366900037922e-9  1.8004295325578803
1.1097822533383895e-8  1.7926585818342688
1.3872278166729869e-8  1.7993384130754215
1.6646733800075844e-8  1.7939725201025807
1.9421189433421816e-8  1.798668564827778
2.219564506676779e-8  1.7954181756479468
2.4970100700113762e-8  1.7939508300329532
2.7744556333459737e-8  1.7957523459638327
3.051901196680571e-8  1.790644421910302
3.329346760015169e-8  1.7956855426002387
3.6067923233497656e-8  1.8000868940182855
3.884237886684363e-8  1.8036401953427608
4.1616834500189606e-8  1.7953406008137454
4.439129013353558e-8  1.8024858486475264
4.7165745766881556e-8  1.7933403731854156
4.9940201400227525e-8  1.7947574102100443
5.27146570335735e-8  1.8016524597734913
5.5489112666919475e-8  1.7962861065564617
5.826356830026545e-8  1.805930318791745
6.103802393361143e-8  1.8054176470224386
6.38124795669574e-8  1.8034421460586498
6.658693520030338e-8  1.7939772531312868
6.936139083364934e-8  1.7954337864836585
7.213584646699531e-8  1.810445738254338
7.49103021003413e-8  1.820843642534836
7.768475773368726e-8  1.810834971398544
8.045921336703324e-8  1.813836800206663
8.323366900037921e-8  1.8157046783501518
8.600812463372518e-8  1.81818326885604
8.878258026707116e-8  1.809639874504954
9.155703590041713e-8  1.8168927219297437
9.433149153376311e-8  1.8229599754125057
9.710594716710908e-8  1.8095056252393098
9.988040280045505e-8  1.8034129679698243
1.0265485843380103e-7  1.8032842311754986
1.05429314067147e-7  1.803314412368701
1.0820376970049298e-7  1.7867436647706667
1.1097822533383895e-7  1.80162794478393
1.1375268096718492e-7  1.7775310061604492
1.165271366005309e-7  1.8039131305238647
1.1930159223387688e-7  1.799599764440731
1.2207604786722285e-7  1.8000791784419006
1.2485050350056882e-7  1.8162279021984755
1.276249591339148e-7  1.8269881371199315
1.3039941476726076e-7  1.7960598820119758
1.3317387040060675e-7  1.8125700866371448
1.3594832603395272e-7  1.8272778261125266
1.387227816672987e-7  1.7997161766867824
