2.774455633345974e-9  37.24132435599168
5.548911266691948e-9  41.40090640173218
8.323366900037922e-9  43.8291290896985
1.1097822533383895e-8  45.55669048724463
1.3872278166729869e-8  46.8939274847513
1.6646733800075844e-8  47.987734971868015
1.9421189433421816e-8  48.91331318764369
2.219564506676779e-8  49.713425572941965
2.4970100700113762e-8  50.420809465537786
2.7744556333459737e-8  51.053938456816944
3.051901196680571e-8  51.624970383156686
3.329346760015169e-8  52.14759188628771
3.6067923233497656e-8  52.61668990036861
3.884237886684363e-8  53.0707900977793
4.1616834500189606e-8  53.48534674249094
4.439129013353558e-8  53.87177439235757
4.7165745766881556e-8  54.23945813047356
4.9940201400227525e-8  54.57514378019035
5.27146570335735e-8  54.90230907838564
5.5489112666919475e-8  55.21258434951471
5.826356830026545e-8  55.503359407335964
6.103802393361143e-8  55.78350152062689
6.38124795669574e-8  56.05033254209882
6.658693520030338e-8  56.305706460401524
6.936139083364934e-8  56.550664825487004
7.213584646699531e-8  56.787158662901284
7.49103021003413e-8  57.012256186030996
7.768475773368726e-8  57.23060150974241
8.045921336703324e-8  57.44090919967983
8.323366900037921e-8  57.642334210493395
8.600812463372518e-8  57.84922628810114
8.878258026707116e-8  58.03145926030597
9.155703590041713e-8  58.218935822667994
9.433149153376311e-8  58.39511984134473
9.710594716710908e-8  58.57232494669942
9.988040280045505e-8  58.73892086022866
1.0265485843380103e-7  58.90164882500662
1.05429314067147e-7  59.06005960976343
1.0820376970049298e-7  59.21829479100215
1.1097822533383895e-7  59.36984847685845
1.1375268096718492e-7  59.51782352570592
1.165271366005309e-7  59.66227281660645
1.1930159223387688e-7  59.80681703948405
1.2207604786722285e-7  59.933275820462576
1.2485050350056882e-7  60.07555805499579
1.276249591339148e-7  60.212104811428475
1.3039941476726076e-7  60.33426554715253
1.3317387040060675e-7  60.4650716422089
1.3594832603395272e-7  60.5868670987099
1.387227816672987e-7  60.71126558425224
