2.774455633345974e-9  -0.6149050398922344
5.548911266691948e-9  -0.6151334721457111
8.323366900037922e-9  -0.6145114903145219
1.1097822533383895e-8  -0.6141782540354431
1.3872278166729869e-8  -0.6128614150405925
1.6646733800075844e-8  -0.6125007304646202
1.9421189433421816e-8  -0.61114830309113
2.219564506676779e-8  -0.6131350696007982
2.4970100700113762e-8  -0.605651631598531
2.7744556333459737e-8  -0.6134656662596972
3.051901196680571e-8  -0.6179811977910271
3.329346760015169e-8  -0.6175140315013674
3.6067923233497656e-8  -0.6170835036230697
3.884237886684363e-8  -0.6062947443506985
4.1616834500189606e-8  -0.6067328125274948
4.439129013353558e-8  -0.6080224732538152
4.7165745766881556e-8  -0.6094609713993292
4.9940201400227525e-8  -0.589265288639839
5.27146570335735e-8  -0.5907857425570502
5.5489112666919475e-8  -0.611254166568347
5.826356830026545e-8  -0.6148304687744713
6.103802393361143e-8  -0.608017179382652
6.38124795669574e-8  -0.620505553749599
6.658693520030338e-8  -0.6217392573631814
6.936139083364934e-8  -0.6019021804847968
7.213584646699531e-8  -0.6144341307786179
7.49103021003413e-8  -0.611067414713853
7.768475773368726e-8  -0.6239901119883885
8.045921336703324e-8  -0.6255792713146829
8.323366900037921e-8  -0.6136461245805657
8.600812463372518e-8  -0.6070346858387271
8.878258026707116e-8  -0.6108860165983463
9.155703590041713e-8  -0.6189253101191219
9.433149153376311e-8  -0.6139104158079824
9.710594716710908e-8  -0.604593088437918
9.988040280045505e-8  -0.6014022823617132
1.0265485843380103e-7  -0.6126945693239341
1.05429314067147e-7  -0.615966884602874
1.0820376970049298e-7  -0.6023683703041915
1.1097822533383895e-7  -0.6016416765436444
1.1375268096718492e-7  -0.6093447338477014
1.165271366005309e-7  -0.6192006200948593
1.1930159223387688e-7  -0.6003731375349367
1.2207604786722285e-7  -0.6081196481318939
1.2485050350056882e-7  -0.6234582034891273
1.276249591339148e-7  -0.6303767013087552
1.3039941476726076e-7  -0.6175901186343778
1.3317387040060675e-7  -0.621721698522622
1.3594832603395272e-7  -0.6318149019186188
1.387227816672987e-7  -0.6216420749279773
