2.774455633345974e-9  2.689622890366451
5.548911266691948e-9  2.6580191956633366
8.323366900037922e-9  2.6814200851871
1.1097822533383895e-8  2.668164770541285
1.3872278166729869e-8  2.6720927835479333
1.6646733800075844e-8  2.6774090316783323
1.9421189433421816e-8  2.6710748731882266
2.219564506676779e-8  2.680957592938086
2.4970100700113762e-8  2.6750652146606937
2.7744556333459737e-8  2.677706036049168
3.051901196680571e-8  2.694047328221277
3.329346760015169e-8  2.676000061814258
3.6067923233497656e-8  2.683335484065353
3.884237886684363e-8  2.6920972888261914
4.1616834500189606e-8  2.6921353832055543
4.439129013353558e-8  2.6858525690368733
4.7165745766881556e-8  2.6988378379544997
4.9940201400227525e-8  2.6922817370154766
5.27146570335735e-8  2.681957291409672
5.5489112666919475e-8  2.7054173610172123
5.826356830026545e-8  2.7107400502165153
6.103802393361143e-8  2.7055626949356113
6.38124795669574e-8  2.714644976608982
6.658693520030338e-8  2.7170959034241506
6.936139083364934e-8  2.6941326758598407
7.213584646699531e-8  2.7020570177729657
7.49103021003413e-8  2.702660557523889
7.768475773368726e-8  2.7047180986959174
8.045921336703324e-8  2.7009181523072723
8.323366900037921e-8  2.689093870951383
8.600812463372518e-8  2.6820096823238937
8.878258026707116e-8  2.716218410947964
9.155703590041713e-8  2.68483757188824
9.433149153376311e-8  2.7043748134023344
9.710594716710908e-8  2.6862262383487185
9.988040280045505e-8  2.669795907391368
1.0265485843380103e-7  2.6864324934776262
1.05429314067147e-7  2.674221278974862
1.0820376970049298e-7  2.6778786712168863
1.1097822533383895e-7  2.67115420399859
1.1375268096718492e-7  2.7151323214817884
1.165271366005309e-7  2.696341543387824
1.1930159223387688e-7  2.6628764636614117
1.2207604786722285e-7  2.687206936213918
1.2485050350056882e-7  2.68304524304706
1.276249591339148e-7  2.6728378170291776
1.3039941476726076e-7  2.6679392228077656
1.3317387040060675e-7  2.6982590884206408
1.3594832603395272e-7  2.691886364668273
1.387227816672987e-7  2.6951847115774563
