2.774455633345974e-9  -0.15441815417185023
5.548911266691948e-9  -0.1544052869681607
8.323366900037922e-9  -0.1540842123048858
1.1097822533383895e-8  -0.15452457201927627
1.3872278166729869e-8  -0.15267506777901357
1.6646733800075844e-8  -0.15280278578771564
1.9421189433421816e-8  -0.15185227490227682
2.219564506676779e-8  -0.14969028276185595
2.4970100700113762e-8  -0.1472925568061509
2.7744556333459737e-8  -0.15057903800301875
3.051901196680571e-8  -0.14848962592419854
3.329346760015169e-8  -0.15140109278508648
3.6067923233497656e-8  -0.14797650477351668
3.884237886684363e-8  -0.15247408954295733
4.1616834500189606e-8  -0.14140947672893348
4.439129013353558e-8  -0.1433439039185121
4.7165745766881556e-8  -0.15577626465412744
4.9940201400227525e-8  -0.15506565729783164
5.27146570335735e-8  -0.15019936353511112
5.5489112666919475e-8  -0.1473328492405501
5.826356830026545e-8  -0.14635746334420685
6.103802393361143e-8  -0.14733264717233338
6.38124795669574e-8  -0.15205259783960853
6.658693520030338e-8  -0.15846537025819954
6.936139083364934e-8  -0.1522651802275695
7.213584646699531e-8  -0.159435524752381
7.49103021003413e-8  -0.15962083919263084
7.768475773368726e-8  -0.15541972063780105
8.045921336703324e-8  -0.1309023488429068
8.323366900037921e-8  -0.13643534668872198
8.600812463372518e-8  -0.14542263322143154
8.878258026707116e-8  -0.14044025402578375
9.155703590041713e-8  -0.13190462515642146
9.433149153376311e-8  -0.16637036584832862
9.710594716710908e-8  -0.16248500868355947
9.988040280045505e-8  -0.15913963233555098
1.0265485843380103e-7  -0.15570809815237033
1.05429314067147e-7  -0.15185873940592118
1.0820376970049298e-7  -0.13990023130606064
1.1097822533383895e-7  -0.15185576521671565
1.1375268096718492e-7  -0.1439938685287619
1.165271366005309e-7  -0.1484341190705208
1.1930159223387688e-7  -0.1560371616149899
1.2207604786722285e-7  -0.15421856418737592
1.2485050350056882e-7  -0.16163943895503435
1.276249591339148e-7  -0.15560082271135495
1.3039941476726076e-7  -0.14942735870237125
1.3317387040060675e-7  -0.1516341964530795
1.3594832603395272e-7  -0.16725447297002077
1.387227816672987e-7  -0.15452925827876535
