2.774455633345974e-9  -0.45372401081203706
5.548911266691948e-9  -0.45411570808040924
8.323366900037922e-9  -0.45220453932343285
1.1097822533383895e-8  -0.4512866654614694
1.3872278166729869e-8  -0.454066596630374
1.6646733800075844e-8  -0.4511885546316294
1.9421189433421816e-8  -0.4529321460950628
2.219564506676779e-8  -0.445265614246377
2.4970100700113762e-8  -0.4572261525215742
2.7744556333459737e-8  -0.45645646392571343
3.051901196680571e-8  -0.4493136463010505
3.329346760015169e-8  -0.4481908273860546
3.6067923233497656e-8  -0.45379388804266146
3.884237886684363e-8  -0.4605254745020759
4.1616834500189606e-8  -0.45666997246072677
4.439129013353558e-8  -0.43847107559215065
4.7165745766881556e-8  -0.44010812484776335
4.9940201400227525e-8  -0.46446769562884466
5.27146570335735e-8  -0.45807222611791504
5.5489112666919475e-8  -0.4512208121958115
5.826356830026545e-8  -0.43848992751172117
6.103802393361143e-8  -0.45985571547451737
6.38124795669574e-8  -0.4456611338664233
6.658693520030338e-8  -0.4399578309261223
6.936139083364934e-8  -0.45850917362418064
7.213584646699531e-8  -0.4585544002928737
7.49103021003413e-8  -0.4477747613934616
7.768475773368726e-8  -0.45994075832124226
8.045921336703324e-8  -0.4435867475669467
8.323366900037921e-8  -0.45505476464284705
8.600812463372518e-8  -0.45432742537900356
8.878258026707116e-8  -0.4359939263344556
9.155703590041713e-8  -0.4296235945412387
9.433149153376311e-8  -0.46369416965012383
9.710594716710908e-8  -0.4441246932785558
9.988040280045505e-8  -0.4572912969566737
1.0265485843380103e-7  -0.45497263351972694
1.05429314067147e-7  -0.4451556568165269
1.0820376970049298e-7  -0.45391040413039985
1.1097822533383895e-7  -0.45885755390675276
1.1375268096718492e-7  -0.44569660807456374
1.165271366005309e-7  -0.4539878245286195
1.1930159223387688e-7  -0.4423246044969345
1.2207604786722285e-7  -0.45663126950140187
1.2485050350056882e-7  -0.4155588460693066
1.276249591339148e-7  -0.45910546601669316
1.3039941476726076e-7  -0.4631240555017202
1.3317387040060675e-7  -0.459646126118875
1.3594832603395272e-7  -0.4580682572938581
1.387227816672987e-7  -0.44139466518216647
