2.774455633345974e-9  -0.631742966625383
5.548911266691948e-9  -0.6317947887239568
8.323366900037922e-9  -0.6315917807300371
1.1097822533383895e-8  -0.6307330213680685
1.3872278166729869e-8  -0.6323627787351872
1.6646733800075844e-8  -0.6317826047062152
1.9421189433421816e-8  -0.6259590107775077
2.219564506676779e-8  -0.6325221694125601
2.4970100700113762e-8  -0.6289426503669328
2.7744556333459737e-8  -0.6314743792398996
3.051901196680571e-8  -0.630095107652518
3.329346760015169e-8  -0.6300526574284818
3.6067923233497656e-8  -0.633732876329669
3.884237886684363e-8  -0.6316070972154084
4.1616834500189606e-8  -0.6323472520580871
4.439129013353558e-8  -0.6330917496599475
4.7165745766881556e-8  -0.6267713746741742
4.9940201400227525e-8  -0.6313810992047135
5.27146570335735e-8  -0.6316361225127878
5.5489112666919475e-8  -0.6282131009097754
5.826356830026545e-8  -0.6310270800609742
6.103802393361143e-8  -0.6325837630489932
6.38124795669574e-8  -0.6403862862200349
6.658693520030338e-8  -0.6275811501387396
6.936139083364934e-8  -0.6403174054483068
7.213584646699531e-8  -0.6217406031275254
7.49103021003413e-8  -0.6190480991155368
7.768475773368726e-8  -0.6379407420679729
8.045921336703324e-8  -0.6254930141428897
8.323366900037921e-8  -0.6375947086749731
8.600812463372518e-8  -0.6267464835933959
8.878258026707116e-8  -0.6216031992835451
9.155703590041713e-8  -0.6317488654229917
9.433149153376311e-8  -0.6383778460332689
9.710594716710908e-8  -0.6237460657745114
9.988040280045505e-8  -0.6316887171821773
1.0265485843380103e-7  -0.638447055268595
1.05429314067147e-7  -0.628640825538497
1.0820376970049298e-7  -0.634672644300802
1.1097822533383895e-7  -0.6101053992493677
1.1375268096718492e-7  -0.6335048332535452
1.165271366005309e-7  -0.6358045226277191
1.1930159223387688e-7  -0.624209557995888
1.2207604786722285e-7  -0.6376266702551551
1.2485050350056882e-7  -0.6347694779963705
1.276249591339148e-7  -0.6444018087202859
1.3039941476726076e-7  -0.6262824431137952
1.3317387040060675e-7  -0.6321811627147483
1.3594832603395272e-7  -0.6395197774732673
1.387227816672987e-7  -0.6343807356204963
