2.774455633345974e-9  35.51158454279053
5.548911266691948e-9  39.66935269226784
8.323366900037922e-9  42.104142895660154
1.1097822533383895e-8  43.82912908969843
1.3872278166729869e-8  45.13272058388089
1.6646733800075844e-8  46.26046473924816
1.9421189433421816e-8  47.18729232029334
2.219564506676779e-8  47.987734971867916
2.4970100700113762e-8  48.69525388958231
2.7744556333459737e-8  49.326308554447486
3.051901196680571e-8  49.90321676639007
3.329346760015169e-8  50.42080946553774
3.6067923233497656e-8  50.90125510961717
3.884237886684363e-8  51.346012034235514
4.1616834500189606e-8  51.759515222232956
4.439129013353558e-8  52.14759188628779
4.7165745766881556e-8  52.51089207665782
4.9940201400227525e-8  52.85803419603821
5.27146570335735e-8  53.18329802602432
5.5489112666919475e-8  53.48534674249094
5.826356830026545e-8  53.777379705375175
6.103802393361143e-8  54.057335229023664
6.38124795669574e-8  54.32423049152421
6.658693520030338e-8  54.575143780190345
6.936139083364934e-8  54.824384291322566
7.213584646699531e-8  55.05961761212502
7.49103021003413e-8  55.284256308922664
7.768475773368726e-8  55.503359407335836
8.045921336703324e-8  55.715560913323074
8.323366900037921e-8  55.91496425966484
8.600812463372518e-8  56.11209548959879
8.878258026707116e-8  56.30570646040115
9.155703590041713e-8  56.48937703658482
9.433149153376311e-8  56.66953980488934
9.710594716710908e-8  56.84362175726709
9.988040280045505e-8  57.01225618603117
1.0265485843380103e-7  57.176702761283785
1.05429314067147e-7  57.33703281272228
1.0820376970049298e-7  57.492908047483056
1.1097822533383895e-7  57.642334210493395
1.1375268096718492e-7  57.791835589466686
1.165271366005309e-7  57.93007333668254
1.1930159223387688e-7  58.07892059726559
1.2207604786722285e-7  58.218935822667994
1.2485050350056882e-7  58.35035920525069
1.276249591339148e-7  58.48480700339562
1.3039941476726076e-7  58.61189394740591
1.3317387040060675e-7  58.73892086022858
1.3594832603395272e-7  58.861698743289466
1.387227816672987e-7  58.98258797054033
