2.774455633345974e-9  36.174561733480125
5.548911266691948e-9  40.33120913218155
8.323366900037922e-9  42.76523844773677
1.1097822533383895e-8  44.49049740234458
1.3872278166729869e-8  45.830333676685825
1.6646733800075844e-8  46.923595177509426
1.9421189433421816e-8  47.85073134813319
2.219564506676779e-8  48.650374688937156
2.4970100700113762e-8  49.3569487306419
2.7744556333459737e-8  49.98726970897614
3.051901196680571e-8  50.5670180584889
3.329346760015169e-8  51.08298861397791
3.6067923233497656e-8  51.5622348077382
3.884237886684363e-8  52.02024450138935
4.1616834500189606e-8  52.42392977433573
4.439129013353558e-8  52.80916123284024
4.7165745766881556e-8  53.17333990497776
4.9940201400227525e-8  53.515336492414384
5.27146570335735e-8  53.83974062959569
5.5489112666919475e-8  54.14802475297317
5.826356830026545e-8  54.44132960845849
6.103802393361143e-8  54.71961866481509
6.38124795669574e-8  54.982926263092835
6.658693520030338e-8  55.23690607319672
6.936139083364934e-8  55.48757181520405
7.213584646699531e-8  55.72255649023676
7.49103021003413e-8  55.94757753313575
7.768475773368726e-8  56.16664013058078
8.045921336703324e-8  56.376391031910934
8.323366900037921e-8  56.57965083023488
8.600812463372518e-8  56.7742224616921
8.878258026707116e-8  56.97000476659732
9.155703590041713e-8  57.152727993160056
9.433149153376311e-8  57.333547774718625
9.710594716710908e-8  57.50127864956191
9.988040280045505e-8  57.67427762892662
1.0265485843380103e-7  57.83851029722547
1.05429314067147e-7  57.99931868217166
1.0820376970049298e-7  58.15293884420314
1.1097822533383895e-7  58.304210201483095
1.1375268096718492e-7  58.46440860182778
1.165271366005309e-7  58.59923566744023
1.1930159223387688e-7  58.74119226073716
1.2207604786722285e-7  58.878627350923786
1.2485050350056882e-7  59.01297018478861
1.276249591339148e-7  59.14693863772221
1.3039941476726076e-7  59.27268501922306
1.3317387040060675e-7  59.40380516644163
1.3594832603395272e-7  59.52351990156795
1.387227816672987e-7  59.64614753916911
