2.774455633345974e-9  -0.5220164015251386
5.548911266691948e-9  -0.5208874314836627
8.323366900037922e-9  -0.5189288394035005
1.1097822533383895e-8  -0.5173928590952932
1.3872278166729869e-8  -0.5192876589117618
1.6646733800075844e-8  -0.5174469920689838
1.9421189433421816e-8  -0.517999992473195
2.219564506676779e-8  -0.5144547098128983
2.4970100700113762e-8  -0.527931635385286
2.7744556333459737e-8  -0.5226036554224743
3.051901196680571e-8  -0.5162955986916932
3.329346760015169e-8  -0.5119431186810297
3.6067923233497656e-8  -0.5184989436593425
3.884237886684363e-8  -0.5267043115983057
4.1616834500189606e-8  -0.4984242796337318
4.439129013353558e-8  -0.5062980051594381
4.7165745766881556e-8  -0.5119680448901165
4.9940201400227525e-8  -0.5281245881692898
5.27146570335735e-8  -0.518688449790453
5.5489112666919475e-8  -0.5339215658880634
5.826356830026545e-8  -0.5218125079060155
6.103802393361143e-8  -0.5281403918866182
6.38124795669574e-8  -0.5251530158223636
6.658693520030338e-8  -0.5216848344975766
6.936139083364934e-8  -0.5228812160385014
7.213584646699531e-8  -0.5196281447120975
7.49103021003413e-8  -0.5237210521757034
7.768475773368726e-8  -0.5300466476913247
8.045921336703324e-8  -0.5227144776968787
8.323366900037921e-8  -0.5014413108081279
8.600812463372518e-8  -0.511440893274043
8.878258026707116e-8  -0.49185223398704014
9.155703590041713e-8  -0.5012593990054403
9.433149153376311e-8  -0.5269040789425886
9.710594716710908e-8  -0.5212565086715782
9.988040280045505e-8  -0.5366284928597586
1.0265485843380103e-7  -0.5200638610786318
1.05429314067147e-7  -0.5286290482004999
1.0820376970049298e-7  -0.5300922558562957
1.1097822533383895e-7  -0.5233538633110001
1.1375268096718492e-7  -0.5151768037227429
1.165271366005309e-7  -0.5077101327950251
1.1930159223387688e-7  -0.5269754250249857
1.2207604786722285e-7  -0.5243217552452182
1.2485050350056882e-7  -0.5127066509764315
1.276249591339148e-7  -0.5126866468160873
1.3039941476726076e-7  -0.5040927936265039
1.3317387040060675e-7  -0.5120398799049349
1.3594832603395272e-7  -0.504061424386373
1.387227816672987e-7  -0.5351340591888387
