2.774455633345974e-9  1.3769044363744631
5.548911266691948e-9  1.3769421915084323
8.323366900037922e-9  1.3790425435651745
1.1097822533383895e-8  1.3816814340654162
1.3872278166729869e-8  1.38135649528484
1.6646733800075844e-8  1.3866707233971678
1.9421189433421816e-8  1.3898162684530866
2.219564506676779e-8  1.3853020972501948
2.4970100700113762e-8  1.3887796593176902
2.7744556333459737e-8  1.3913961449982217
3.051901196680571e-8  1.39447557976128
3.329346760015169e-8  1.3670900181476355
3.6067923233497656e-8  1.3857797668076892
3.884237886684363e-8  1.3869627776515259
4.1616834500189606e-8  1.393775128082585
4.439129013353558e-8  1.3923942117658359
4.7165745766881556e-8  1.3975408602473172
4.9940201400227525e-8  1.3715907979474886
5.27146570335735e-8  1.3875142081244687
5.5489112666919475e-8  1.3816621572318646
5.826356830026545e-8  1.3719059936915121
6.103802393361143e-8  1.3748952972463706
6.38124795669574e-8  1.3883987042555128
6.658693520030338e-8  1.3832384864915261
6.936139083364934e-8  1.385224734471952
7.213584646699531e-8  1.380131330616276
7.49103021003413e-8  1.4047057719084555
7.768475773368726e-8  1.3867351419542246
8.045921336703324e-8  1.3997868219617238
8.323366900037921e-8  1.390227131077153
8.600812463372518e-8  1.395064456804819
8.878258026707116e-8  1.4172118055276854
9.155703590041713e-8  1.3926065805964425
9.433149153376311e-8  1.3979444393690383
9.710594716710908e-8  1.3471815746543692
9.988040280045505e-8  1.3772172837723644
1.0265485843380103e-7  1.3520830310403709
1.05429314067147e-7  1.3778934812773462
1.0820376970049298e-7  1.3786881552173955
1.1097822533383895e-7  1.3774462204435813
1.1375268096718492e-7  1.3676529906833117
1.165271366005309e-7  1.3840401670717266
1.1930159223387688e-7  1.3565440656173169
1.2207604786722285e-7  1.3854323993925288
1.2485050350056882e-7  1.385620886449388
1.276249591339148e-7  1.3710138798320137
1.3039941476726076e-7  1.3808274902940518
1.3317387040060675e-7  1.3979416242107738
1.3594832603395272e-7  1.3846114657745128
1.387227816672987e-7  1.3514125378145885
