2.774455633345974e-9  2.073798838035943
5.548911266691948e-9  2.0699979830019983
8.323366900037922e-9  2.066033518734146
1.1097822533383895e-8  2.0597546796310393
1.3872278166729869e-8  2.0585600657393144
1.6646733800075844e-8  2.0582310136649946
1.9421189433421816e-8  2.061981691919662
2.219564506676779e-8  2.0602898962313065
2.4970100700113762e-8  2.064692258475376
2.7744556333459737e-8  2.068154742674112
3.051901196680571e-8  2.082313593170386
3.329346760015169e-8  2.064632729162804
3.6067923233497656e-8  2.0753270770168037
3.884237886684363e-8  2.0746245482559003
4.1616834500189606e-8  2.077726168384677
4.439129013353558e-8  2.069917834636597
4.7165745766881556e-8  2.086542108379442
4.9940201400227525e-8  2.074892184238172
5.27146570335735e-8  2.06735964653771
5.5489112666919475e-8  2.074402943213153
5.826356830026545e-8  2.0726371744658616
6.103802393361143e-8  2.073127289690412
6.38124795669574e-8  2.110776333849985
6.658693520030338e-8  2.100132404894242
6.936139083364934e-8  2.0934946983224787
7.213584646699531e-8  2.085715393459509
7.49103021003413e-8  2.1118484184894286
7.768475773368726e-8  2.084949115051237
8.045921336703324e-8  2.0994813460534676
8.323366900037921e-8  2.07967458390441
8.600812463372518e-8  2.0504326185848707
8.878258026707116e-8  2.0816145526097216
9.155703590041713e-8  2.0662006353419446
9.433149153376311e-8  2.073942664318005
9.710594716710908e-8  2.0638777091302347
9.988040280045505e-8  2.051611629647764
1.0265485843380103e-7  2.0554569951478228
1.05429314067147e-7  2.0732963157967794
1.0820376970049298e-7  2.0488223107159373
1.1097822533383895e-7  2.058044838766955
1.1375268096718492e-7  2.079237167315907
1.165271366005309e-7  2.048274806731812
1.1930159223387688e-7  2.0454847155815465
1.2207604786722285e-7  2.095153143364889
1.2485050350056882e-7  2.081366718946472
1.276249591339148e-7  2.062745041004752
1.3039941476726076e-7  2.0497633988130133
1.3317387040060675e-7  2.0932534325857786
1.3594832603395272e-7  2.0527976665894276
1.387227816672987e-7  2.0731313649139573
