2.774455633345974e-9  4.526439773462543
5.548911266691948e-9  4.520453887868018
8.323366900037922e-9  4.518703109021401
1.1097822533383895e-8  4.521035123914977
1.3872278166729869e-8  4.520892346073489
1.6646733800075844e-8  4.523673064642639
1.9421189433421816e-8  4.527352764579884
2.219564506676779e-8  4.529655065307648
2.4970100700113762e-8  4.535766042203208
2.7744556333459737e-8  4.518645809357183
3.051901196680571e-8  4.543482593768543
3.329346760015169e-8  4.535148514907773
3.6067923233497656e-8  4.519387639415132
3.884237886684363e-8  4.5494094343866855
4.1616834500189606e-8  4.539478842218427
4.439129013353558e-8  4.540282795150499
4.7165745766881556e-8  4.561766510074383
4.9940201400227525e-8  4.548746020873861
5.27146570335735e-8  4.542286651367241
5.5489112666919475e-8  4.55159914197584
5.826356830026545e-8  4.551324455336596
6.103802393361143e-8  4.54635316419307
6.38124795669574e-8  4.569561304222011
6.658693520030338e-8  4.521087893477814
6.936139083364934e-8  4.539740325712242
7.213584646699531e-8  4.563471364228973
7.49103021003413e-8  4.542428796827433
7.768475773368726e-8  4.554078353315546
8.045921336703324e-8  4.561798245067438
8.323366900037921e-8  4.55132190499239
8.600812463372518e-8  4.502575613916646
8.878258026707116e-8  4.5718025850106105
9.155703590041713e-8  4.526007955146722
9.433149153376311e-8  4.531503260315633
9.710594716710908e-8  4.520283876682601
9.988040280045505e-8  4.489417886714339
1.0265485843380103e-7  4.5591550600301005
1.05429314067147e-7  4.4970572887867
1.0820376970049298e-7  4.5360950288843105
1.1097822533383895e-7  4.528632603400053
1.1375268096718492e-7  4.549727114249546
1.165271366005309e-7  4.512849181987543
1.1930159223387688e-7  4.522330139532317
1.2207604786722285e-7  4.541608389293271
1.2485050350056882e-7  4.585100252514805
1.276249591339148e-7  4.5690076241419115
1.3039941476726076e-7  4.570540231182768
1.3317387040060675e-7  4.569763218805027
1.3594832603395272e-7  4.559955435563008
1.387227816672987e-7  4.530310735733591
