2.774455633345974e-9  3.379400157557432
5.548911266691948e-9  3.379637495364635
8.323366900037922e-9  3.3802289792540208
1.1097822533383895e-8  3.380594172226444
1.3872278166729869e-8  3.3814527058388095
1.6646733800075844e-8  3.3822675099520136
1.9421189433421816e-8  3.384739062102154
2.219564506676779e-8  3.382854323307018
2.4970100700113762e-8  3.3825745246561745
2.7744556333459737e-8  3.3838804518063688
3.051901196680571e-8  3.3876598772101882
3.329346760015169e-8  3.385991021458553
3.6067923233497656e-8  3.3860627106123466
3.884237886684363e-8  3.396080404155175
4.1616834500189606e-8  3.3924340379994415
4.439129013353558e-8  3.392605057148986
4.7165745766881556e-8  3.3923280814797296
4.9940201400227525e-8  3.39000480384939
5.27146570335735e-8  3.3993305134810243
5.5489112666919475e-8  3.3944951252332674
5.826356830026545e-8  3.39011722882477
6.103802393361143e-8  3.4196089092177826
6.38124795669574e-8  3.40427465864482
6.658693520030338e-8  3.4049017769793126
6.936139083364934e-8  3.376146551078593
7.213584646699531e-8  3.3914674466037336
7.49103021003413e-8  3.403238707106584
7.768475773368726e-8  3.408218317565697
8.045921336703324e-8  3.389966546583351
8.323366900037921e-8  3.4101103851309347
8.600812463372518e-8  3.398121093136374
8.878258026707116e-8  3.3912650557247956
9.155703590041713e-8  3.4226391780195504
9.433149153376311e-8  3.4061430129234065
9.710594716710908e-8  3.402391225303435
9.988040280045505e-8  3.3975965396292684
1.0265485843380103e-7  3.3778456712758134
1.05429314067147e-7  3.388728510994876
1.0820376970049298e-7  3.354097297761044
1.1097822533383895e-7  3.3886698655898697
1.1375268096718492e-7  3.4055631655944163
1.165271366005309e-7  3.4082084638922816
1.1930159223387688e-7  3.3817176207601927
1.2207604786722285e-7  3.403775497302074
1.2485050350056882e-7  3.414328273519621
1.276249591339148e-7  3.448428063213055
1.3039941476726076e-7  3.4314927303190492
1.3317387040060675e-7  3.3970235930989956
1.3594832603395272e-7  3.3991645312366674
1.387227816672987e-7  3.3509712611591533
