2.774455633345974e-9  2.7165810628793956
5.548911266691948e-9  2.7071665168128525
8.323366900037922e-9  2.7153067509107447
1.1097822533383895e-8  2.708457465090935
1.3872278166729869e-8  2.7157844997556446
1.6646733800075844e-8  2.7102598887527494
1.9421189433421816e-8  2.7158908744955186
2.219564506676779e-8  2.7104903526165858
2.4970100700113762e-8  2.7192822384648174
2.7744556333459737e-8  2.710586045815958
3.051901196680571e-8  2.7124886822817427
3.329346760015169e-8  2.7132289087396675
3.6067923233497656e-8  2.7208679756175664
3.884237886684363e-8  2.7192965626384935
4.1616834500189606e-8  2.727770697019311
4.439129013353558e-8  2.7167596053370504
4.7165745766881556e-8  2.7234958523345916
4.9940201400227525e-8  2.726959910208386
5.27146570335735e-8  2.7158006580507137
5.5489112666919475e-8  2.7469285454727808
5.826356830026545e-8  2.738641864345518
6.103802393361143e-8  2.721317577905566
6.38124795669574e-8  2.733319541787097
6.658693520030338e-8  2.7334816629247696
6.936139083364934e-8  2.7508687981574487
7.213584646699531e-8  2.74186414833975
7.49103021003413e-8  2.726998715173535
7.768475773368726e-8  2.7526050307965195
8.045921336703324e-8  2.7500188387064455
8.323366900037921e-8  2.7431447995346643
8.600812463372518e-8  2.7154874383791308
8.878258026707116e-8  2.7202640577947466
9.155703590041713e-8  2.769437019572184
9.433149153376311e-8  2.7265392551658674
9.710594716710908e-8  2.743534046921391
9.988040280045505e-8  2.739263117871607
1.0265485843380103e-7  2.7024846897878803
1.05429314067147e-7  2.7404962307617464
1.0820376970049298e-7  2.7373162342239494
1.1097822533383895e-7  2.71470573018658
1.1375268096718492e-7  2.6877439863159656
1.165271366005309e-7  2.735216979574946
1.1930159223387688e-7  2.733101743298065
1.2207604786722285e-7  2.712159841584473
1.2485050350056882e-7  2.6695918946767176
1.276249591339148e-7  2.6947787714306366
1.3039941476726076e-7  2.699231916930719
1.3317387040060675e-7  2.697553035997156
1.3594832603395272e-7  2.7133357033976533
1.387227816672987e-7  2.673362255375124
