2.774455633345974e-9  4.181881210755935
5.548911266691948e-9  4.152543576024212
8.323366900037922e-9  4.174149128505755
1.1097822533383895e-8  4.161795843833435
1.3872278166729869e-8  4.165414649543628
1.6646733800075844e-8  4.166845047803183
1.9421189433421816e-8  4.162000477700837
2.219564506676779e-8  4.164723124605909
2.4970100700113762e-8  4.1579853078404225
2.7744556333459737e-8  4.162176785039644
3.051901196680571e-8  4.161788379645891
3.329346760015169e-8  4.149925125562115
3.6067923233497656e-8  4.1551759622305875
3.884237886684363e-8  4.1627471343645475
4.1616834500189606e-8  4.169236496939629
4.439129013353558e-8  4.1773229559319605
4.7165745766881556e-8  4.157706109559863
4.9940201400227525e-8  4.160815257706555
5.27146570335735e-8  4.130563615209376
5.5489112666919475e-8  4.173450309301456
5.826356830026545e-8  4.1753806652350764
6.103802393361143e-8  4.136561549768285
6.38124795669574e-8  4.172191490535532
6.658693520030338e-8  4.168461884096608
6.936139083364934e-8  4.166616032426391
7.213584646699531e-8  4.155394820951639
7.49103021003413e-8  4.1593073759314025
7.768475773368726e-8  4.178482783898677
8.045921336703324e-8  4.187273585509723
8.323366900037921e-8  4.164324585446742
8.600812463372518e-8  4.15187185171752
8.878258026707116e-8  4.133182049690273
9.155703590041713e-8  4.175800428113288
9.433149153376311e-8  4.1486308457872685
9.710594716710908e-8  4.148528219835237
9.988040280045505e-8  4.16189281583019
1.0265485843380103e-7  4.109953639228607
1.05429314067147e-7  4.1937950258665815
1.0820376970049298e-7  4.1927312552423315
1.1097822533383895e-7  4.176701279163495
1.1375268096718492e-7  4.188372432031728
1.165271366005309e-7  4.167226301519866
1.1930159223387688e-7  4.204446013269611
1.2207604786722285e-7  4.1212162570950275
1.2485050350056882e-7  4.142879204793502
1.276249591339148e-7  4.1034902263293676
1.3039941476726076e-7  4.12171070489546
1.3317387040060675e-7  4.140318336244064
1.3594832603395272e-7  4.179317426606856
1.387227816672987e-7  4.1839229438109315
