2.774455633345974e-9  -0.4509723765782872
5.548911266691948e-9  -0.4496316168498897
8.323366900037922e-9  -0.44807883166337126
1.1097822533383895e-8  -0.4489027731568515
1.3872278166729869e-8  -0.44588606453040547
1.6646733800075844e-8  -0.44604008802658107
1.9421189433421816e-8  -0.44870615964776517
2.219564506676779e-8  -0.44613356531883486
2.4970100700113762e-8  -0.43398320695323483
2.7744556333459737e-8  -0.4383093866450556
3.051901196680571e-8  -0.4413958568496517
3.329346760015169e-8  -0.45052859059305833
3.6067923233497656e-8  -0.4543832844229747
3.884237886684363e-8  -0.4457538554784854
4.1616834500189606e-8  -0.4396551193333576
4.439129013353558e-8  -0.44907015636922065
4.7165745766881556e-8  -0.44270087415510373
4.9940201400227525e-8  -0.42975634583027134
5.27146570335735e-8  -0.41920535534271325
5.5489112666919475e-8  -0.4402766216100576
5.826356830026545e-8  -0.444131187672642
6.103802393361143e-8  -0.45169349364119277
6.38124795669574e-8  -0.4583720240082231
6.658693520030338e-8  -0.46550895658056846
6.936139083364934e-8  -0.4632050255599191
7.213584646699531e-8  -0.44718371422645786
7.49103021003413e-8  -0.4560499877108126
7.768475773368726e-8  -0.457561956942456
8.045921336703324e-8  -0.44480195279399437
8.323366900037921e-8  -0.43771008514408144
8.600812463372518e-8  -0.44300250382192136
8.878258026707116e-8  -0.4500756054865525
9.155703590041713e-8  -0.4340325465478504
9.433149153376311e-8  -0.4520351713774479
9.710594716710908e-8  -0.43992009407195964
9.988040280045505e-8  -0.42664848653468135
1.0265485843380103e-7  -0.45954392736181854
1.05429314067147e-7  -0.440104843618481
1.0820376970049298e-7  -0.4499479110236888
1.1097822533383895e-7  -0.43844166840043947
1.1375268096718492e-7  -0.4312853797221404
1.165271366005309e-7  -0.44320667030703953
1.1930159223387688e-7  -0.44827038217313153
1.2207604786722285e-7  -0.45064923901960663
1.2485050350056882e-7  -0.4544333216990107
1.276249591339148e-7  -0.4631604221544182
1.3039941476726076e-7  -0.4526681580566957
1.3317387040060675e-7  -0.4545408350433799
1.3594832603395272e-7  -0.45680503446778287
1.387227816672987e-7  -0.4681021499096438
