2.774455633345974e-9  12.348104304407697
5.548911266691948e-9  11.748802835392926
8.323366900037922e-9  12.153489910991336
1.1097822533383895e-8  11.80632028920315
1.3872278166729869e-8  12.123060596599508
1.6646733800075844e-8  11.82914511438362
1.9421189433421816e-8  12.101447624779116
2.219564506676779e-8  11.849902141906826
2.4970100700113762e-8  12.080720122546897
2.7744556333459737e-8  11.87227561883984
3.051901196680571e-8  12.058056667785118
3.329346760015169e-8  11.893775213611754
3.6067923233497656e-8  12.034528037430984
3.884237886684363e-8  11.913890348059775
4.1616834500189606e-8  12.011258469330054
4.439129013353558e-8  11.937614199683887
4.7165745766881556e-8  11.98683845681374
4.9940201400227525e-8  11.958370936861403
5.27146570335735e-8  11.972406045752738
5.5489112666919475e-8  11.979802486861765
5.826356830026545e-8  11.954008878579918
6.103802393361143e-8  11.987600063673822
6.38124795669574e-8  11.93944032197004
6.658693520030338e-8  11.998500153004287
6.936139083364934e-8  11.927683835675905
7.213584646699531e-8  11.989618127776103
7.49103021003413e-8  11.929318524589098
7.768475773368726e-8  11.985204765334613
8.045921336703324e-8  11.927653251369552
8.323366900037921e-8  11.994707503811867
8.600812463372518e-8  11.910356087734154
8.878258026707116e-8  11.976296695968669
9.155703590041713e-8  11.935329227233815
9.433149153376311e-8  11.978681639706904
9.710594716710908e-8  11.931301279900293
9.988040280045505e-8  11.97415491342909
1.0265485843380103e-7  11.947913841117416
1.05429314067147e-7  11.959770451553025
1.0820376970049298e-7  11.96256272934472
1.1097822533383895e-7  11.959017898045104
1.1375268096718492e-7  11.966426077412667
1.165271366005309e-7  11.954728730545376
1.1930159223387688e-7  11.969749124294264
1.2207604786722285e-7  11.943256585735078
1.2485050350056882e-7  12.00230272863787
1.276249591339148e-7  11.933874728085874
1.3039941476726076e-7  11.970015504769938
1.3317387040060675e-7  11.951274000337039
1.3594832603395272e-7  11.952577554803717
1.387227816672987e-7  11.916201666214551
