2.774455633345974e-9  -0.21381927257489033
5.548911266691948e-9  -0.21369811905575112
8.323366900037922e-9  -0.2134292820281858
1.1097822533383895e-8  -0.2133841567347267
1.3872278166729869e-8  -0.21141063226497164
1.6646733800075844e-8  -0.21288805459820626
1.9421189433421816e-8  -0.2103349484996842
2.219564506676779e-8  -0.21247306970764837
2.4970100700113762e-8  -0.2113625616553156
2.7744556333459737e-8  -0.20999453771757076
3.051901196680571e-8  -0.20790540972112934
3.329346760015169e-8  -0.2095092153180297
3.6067923233497656e-8  -0.21231867024526344
3.884237886684363e-8  -0.20399997034132294
4.1616834500189606e-8  -0.1993481611786223
4.439129013353558e-8  -0.2015348177274897
4.7165745766881556e-8  -0.21260570471136264
4.9940201400227525e-8  -0.21055952429965633
5.27146570335735e-8  -0.20913827199859308
5.5489112666919475e-8  -0.20327998416952997
5.826356830026545e-8  -0.20625197204879567
6.103802393361143e-8  -0.2072431734456488
6.38124795669574e-8  -0.20850568476016074
6.658693520030338e-8  -0.20916619778516327
6.936139083364934e-8  -0.2104678203083838
7.213584646699531e-8  -0.21353318277728717
7.49103021003413e-8  -0.2048872456018103
7.768475773368726e-8  -0.202617562219375
8.045921336703324e-8  -0.19011314208412924
8.323366900037921e-8  -0.1982789531265248
8.600812463372518e-8  -0.20050566548561993
8.878258026707116e-8  -0.2015896053455379
9.155703590041713e-8  -0.20763101631692008
9.433149153376311e-8  -0.2170406080946343
9.710594716710908e-8  -0.21425942534511178
9.988040280045505e-8  -0.21816192379491858
1.0265485843380103e-7  -0.21127238887084576
1.05429314067147e-7  -0.21540502213414747
1.0820376970049298e-7  -0.20893750143137368
1.1097822533383895e-7  -0.21913235596127487
1.1375268096718492e-7  -0.21628549537461858
1.165271366005309e-7  -0.21019313227395156
1.1930159223387688e-7  -0.20863142214889058
1.2207604786722285e-7  -0.20501355672833466
1.2485050350056882e-7  -0.20211867979730566
1.276249591339148e-7  -0.21184851457883647
1.3039941476726076e-7  -0.2155364302671048
1.3317387040060675e-7  -0.2057447178110058
1.3594832603395272e-7  -0.2179629713061738
1.387227816672987e-7  -0.22125313050291695
