2.774455633345974e-9  0.7667851023968953
5.548911266691948e-9  0.7584566782662753
8.323366900037922e-9  0.7644922491174182
1.1097822533383895e-8  0.7615896461767457
1.3872278166729869e-8  0.7627323431449485
1.6646733800075844e-8  0.762089663937105
1.9421189433421816e-8  0.7606098949084971
2.219564506676779e-8  0.7643053029888723
2.4970100700113762e-8  0.7652768953577401
2.7744556333459737e-8  0.7654167921678802
3.051901196680571e-8  0.769624878009959
3.329346760015169e-8  0.769535641092828
3.6067923233497656e-8  0.7675905509581691
3.884237886684363e-8  0.7578614075156128
4.1616834500189606e-8  0.7670883463600973
4.439129013353558e-8  0.7909783377973022
4.7165745766881556e-8  0.780403346230946
4.9940201400227525e-8  0.7708734310330553
5.27146570335735e-8  0.7738478196167773
5.5489112666919475e-8  0.7831753924883537
5.826356830026545e-8  0.7705717963988594
6.103802393361143e-8  0.7767061042394031
6.38124795669574e-8  0.7653588831738225
6.658693520030338e-8  0.7601919044141561
6.936139083364934e-8  0.7643687812499148
7.213584646699531e-8  0.7513770541339257
7.49103021003413e-8  0.7579179166264187
7.768475773368726e-8  0.7619125050106591
8.045921336703324e-8  0.7799443854619278
8.323366900037921e-8  0.774571188076452
8.600812463372518e-8  0.7826023301571101
8.878258026707116e-8  0.7951162778951212
9.155703590041713e-8  0.8000168290168301
9.433149153376311e-8  0.8129213969310211
9.710594716710908e-8  0.7951672600706557
9.988040280045505e-8  0.7866965662070993
1.0265485843380103e-7  0.7420547308187361
1.05429314067147e-7  0.7817732655526537
1.0820376970049298e-7  0.7741242215148952
1.1097822533383895e-7  0.7646258136726704
1.1375268096718492e-7  0.772699761794197
1.165271366005309e-7  0.7808834112292907
1.1930159223387688e-7  0.7619628925744515
1.2207604786722285e-7  0.7657069262637093
1.2485050350056882e-7  0.7699282143037632
1.276249591339148e-7  0.7510724442974079
1.3039941476726076e-7  0.7446960713522092
1.3317387040060675e-7  0.7723414978161993
1.3594832603395272e-7  0.747253565582612
1.387227816672987e-7  0.7595656121390906
