2.774455633345974e-9  2.442318696339545
5.548911266691948e-9  2.455007111414355
8.323366900037922e-9  2.4667358619557818
1.1097822533383895e-8  2.4711597082770997
1.3872278166729869e-8  2.4698454385377087
1.6646733800075844e-8  2.46396707261353
1.9421189433421816e-8  2.460206495117673
2.219564506676779e-8  2.471761820582991
2.4970100700113762e-8  2.4809438560564905
2.7744556333459737e-8  2.4832417794254287
3.051901196680571e-8  2.4823322748393513
3.329346760015169e-8  2.4794316502878053
3.6067923233497656e-8  2.4864808985551563
3.884237886684363e-8  2.4800428983696032
4.1616834500189606e-8  2.476941189794032
4.439129013353558e-8  2.489452041313358
4.7165745766881556e-8  2.4858614218722814
4.9940201400227525e-8  2.4953641455067195
5.27146570335735e-8  2.490245476117593
5.5489112666919475e-8  2.493308737446144
5.826356830026545e-8  2.5103992098792958
6.103802393361143e-8  2.4895752014343993
6.38124795669574e-8  2.463294742275755
6.658693520030338e-8  2.5017091797499043
6.936139083364934e-8  2.5057804772809837
7.213584646699531e-8  2.4942061521336485
7.49103021003413e-8  2.5047247242685238
7.768475773368726e-8  2.518894027996992
8.045921336703324e-8  2.4682995940734265
8.323366900037921e-8  2.4994461639036434
8.600812463372518e-8  2.4854168688780036
8.878258026707116e-8  2.4248476102727747
9.155703590041713e-8  2.4690216775690783
9.433149153376311e-8  2.459663231881371
9.710594716710908e-8  2.4519832516736546
9.988040280045505e-8  2.4732674051279693
1.0265485843380103e-7  2.4747977087148416
1.05429314067147e-7  2.512190668668449
1.0820376970049298e-7  2.4986650182321424
1.1097822533383895e-7  2.4860070309197404
1.1375268096718492e-7  2.498215363803519
1.165271366005309e-7  2.5223040603708444
1.1930159223387688e-7  2.4164842189745346
1.2207604786722285e-7  2.4959379144849985
1.2485050350056882e-7  2.4700046850828636
1.276249591339148e-7  2.4740227825401346
1.3039941476726076e-7  2.4591438922944118
1.3317387040060675e-7  2.487378816782437
1.3594832603395272e-7  2.530707205975283
1.387227816672987e-7  2.449811112533168
