2.774455633345974e-9  0.3043842275114879
5.548911266691948e-9  0.3047719968155661
8.323366900037922e-9  0.3046540289642106
1.1097822533383895e-8  0.3048965239709902
1.3872278166729869e-8  0.3047654154768341
1.6646733800075844e-8  0.3052035510342164
1.9421189433421816e-8  0.3047205362361858
2.219564506676779e-8  0.30439122221055875
2.4970100700113762e-8  0.30492312319089065
2.7744556333459737e-8  0.3047443999520899
3.051901196680571e-8  0.30790086772524605
3.329346760015169e-8  0.30897114704442197
3.6067923233497656e-8  0.30895261215330216
3.884237886684363e-8  0.3096202940387285
4.1616834500189606e-8  0.3072654491279123
4.439129013353558e-8  0.30968221004920155
4.7165745766881556e-8  0.30971034193283337
4.9940201400227525e-8  0.3089148816884086
5.27146570335735e-8  0.29902759595555706
5.5489112666919475e-8  0.3038358173074641
5.826356830026545e-8  0.30501714017388215
6.103802393361143e-8  0.3096765287888501
6.38124795669574e-8  0.31004519486519516
6.658693520030338e-8  0.30819306516352035
6.936139083364934e-8  0.31358615911572624
7.213584646699531e-8  0.3070686100392309
7.49103021003413e-8  0.3063361247682819
7.768475773368726e-8  0.3085311150110148
8.045921336703324e-8  0.3087232013439538
8.323366900037921e-8  0.30546367890707893
8.600812463372518e-8  0.3006888354268364
8.878258026707116e-8  0.30788299082315107
9.155703590041713e-8  0.31876600048586373
9.433149153376311e-8  0.31266010177367454
9.710594716710908e-8  0.309458096653648
9.988040280045505e-8  0.30268163253207986
1.0265485843380103e-7  0.30339937999801736
1.05429314067147e-7  0.2964343556691875
1.0820376970049298e-7  0.30112139727104903
1.1097822533383895e-7  0.291784215198214
1.1375268096718492e-7  0.3048020533799774
1.165271366005309e-7  0.30619020929435165
1.1930159223387688e-7  0.30101020169176523
1.2207604786722285e-7  0.31569649081648243
1.2485050350056882e-7  0.3044763993497935
1.276249591339148e-7  0.30904121705469156
1.3039941476726076e-7  0.3187733381846557
1.3317387040060675e-7  0.300516292999716
1.3594832603395272e-7  0.30804109954045866
1.387227816672987e-7  0.29108715420297193
