2.774455633345974e-9  1.536020388670111
5.548911266691948e-9  1.532956463345158
8.323366900037922e-9  1.5290810134668193
1.1097822533383895e-8  1.527937466547654
1.3872278166729869e-8  1.5242082918910356
1.6646733800075844e-8  1.5250849927888976
1.9421189433421816e-8  1.5364858826380852
2.219564506676779e-8  1.5451678526619401
2.4970100700113762e-8  1.5376556761177744
2.7744556333459737e-8  1.5319750469268092
3.051901196680571e-8  1.5553826794683223
3.329346760015169e-8  1.5328414339809706
3.6067923233497656e-8  1.528380762581039
3.884237886684363e-8  1.543319308630508
4.1616834500189606e-8  1.5611148540621922
4.439129013353558e-8  1.5164551787105622
4.7165745766881556e-8  1.5633754576706769
4.9940201400227525e-8  1.5566670907470885
5.27146570335735e-8  1.5491744522784585
5.5489112666919475e-8  1.5554423080925597
5.826356830026545e-8  1.5452076426034982
6.103802393361143e-8  1.5435188063202083
6.38124795669574e-8  1.5379881487713338
6.658693520030338e-8  1.5395382534873163
6.936139083364934e-8  1.5395659926324774
7.213584646699531e-8  1.5263343571090924
7.49103021003413e-8  1.5218543708905614
7.768475773368726e-8  1.5056396608770897
8.045921336703324e-8  1.5237078729989983
8.323366900037921e-8  1.5482319028169191
8.600812463372518e-8  1.532571066590462
8.878258026707116e-8  1.5415092594660793
9.155703590041713e-8  1.5174749767889257
9.433149153376311e-8  1.5021192616287073
9.710594716710908e-8  1.552042267598114
9.988040280045505e-8  1.5206449404380435
1.0265485843380103e-7  1.5235302049407742
1.05429314067147e-7  1.516004461472928
1.0820376970049298e-7  1.5443455443682552
1.1097822533383895e-7  1.5813173901267157
1.1375268096718492e-7  1.5367328297611522
1.165271366005309e-7  1.5426782639938394
1.1930159223387688e-7  1.5634751014434052
1.2207604786722285e-7  1.552826699502855
1.2485050350056882e-7  1.5302463019345065
1.276249591339148e-7  1.532100118266222
1.3039941476726076e-7  1.5187598158583901
1.3317387040060675e-7  1.544515480650625
1.3594832603395272e-7  1.5577358895757172
1.387227816672987e-7  1.5254635157065646
