2.774455633345974e-9  -0.13676106228655557
5.548911266691948e-9  -0.13682902825014703
8.323366900037922e-9  -0.13626963967527805
1.1097822533383895e-8  -0.13615729149507547
1.3872278166729869e-8  -0.13516769400552228
1.6646733800075844e-8  -0.13246653918329554
1.9421189433421816e-8  -0.13463148909115588
2.219564506676779e-8  -0.13403559933347792
2.4970100700113762e-8  -0.12890869539299293
2.7744556333459737e-8  -0.11567889003122978
3.051901196680571e-8  -0.11212088336878574
3.329346760015169e-8  -0.13570321242582206
3.6067923233497656e-8  -0.14081286615131047
3.884237886684363e-8  -0.1413487796691018
4.1616834500189606e-8  -0.13211274376670157
4.439129013353558e-8  -0.13555403777328956
4.7165745766881556e-8  -0.12499530525666376
4.9940201400227525e-8  -0.12731871823512836
5.27146570335735e-8  -0.1030190933278229
5.5489112666919475e-8  -0.10646878622474856
5.826356830026545e-8  -0.12077827243256613
6.103802393361143e-8  -0.12133133358707174
6.38124795669574e-8  -0.12541009659513086
6.658693520030338e-8  -0.1443702060032975
6.936139083364934e-8  -0.13624060585600553
7.213584646699531e-8  -0.14046862813760397
7.49103021003413e-8  -0.1489627584990454
7.768475773368726e-8  -0.13835250239947514
8.045921336703324e-8  -0.1328526999987176
8.323366900037921e-8  -0.13096751031689255
8.600812463372518e-8  -0.13072766494191382
8.878258026707116e-8  -0.12581767719809261
9.155703590041713e-8  -0.11316340068335884
9.433149153376311e-8  -0.13241814249342243
9.710594716710908e-8  -0.14067119243256337
9.988040280045505e-8  -0.14368463505485662
1.0265485843380103e-7  -0.14047877621966717
1.05429314067147e-7  -0.11993290621462166
1.0820376970049298e-7  -0.12548711674691784
1.1097822533383895e-7  -0.0840483769666799
1.1375268096718492e-7  -0.11531849908797377
1.165271366005309e-7  -0.11920569817340454
1.1930159223387688e-7  -0.1311396635361902
1.2207604786722285e-7  -0.12068386411158158
1.2485050350056882e-7  -0.1398351217361258
1.276249591339148e-7  -0.14966751265082281
1.3039941476726076e-7  -0.12998321362125018
1.3317387040060675e-7  -0.15643717124053055
1.3594832603395272e-7  -0.14913181735834136
1.387227816672987e-7  -0.15480139784027452
