2.774455633345974e-9  41.40090640173218
5.548911266691948e-9  45.55669048724463
8.323366900037922e-9  47.987734971868015
1.1097822533383895e-8  49.713425572941965
1.3872278166729869e-8  51.053938456816944
1.6646733800075844e-8  52.14759188628771
1.9421189433421816e-8  53.0707900977793
2.219564506676779e-8  53.87177439235757
2.4970100700113762e-8  54.57514378019035
2.7744556333459737e-8  55.21258434951471
3.051901196680571e-8  55.78350152062689
3.329346760015169e-8  56.305706460401524
3.6067923233497656e-8  56.787158662901284
3.884237886684363e-8  57.23060150974241
4.1616834500189606e-8  57.642334210493395
4.439129013353558e-8  58.03145926030597
4.7165745766881556e-8  58.39511984134473
4.9940201400227525e-8  58.73892086022866
5.27146570335735e-8  59.06005960976343
5.5489112666919475e-8  59.36984847685845
5.826356830026545e-8  59.66227281660645
6.103802393361143e-8  59.933275820462576
6.38124795669574e-8  60.212104811428475
6.658693520030338e-8  60.4650716422089
6.936139083364934e-8  60.71126558425224
7.213584646699531e-8  60.94561805249235
7.49103021003413e-8  61.17161715942413
7.768475773368726e-8  61.38977240822
8.045921336703324e-8  61.59686121199835
8.323366900037921e-8  61.80077276935556
8.600812463372518e-8  62.00082543710373
8.878258026707116e-8  62.19207622881413
9.155703590041713e-8  62.37189371750984
9.433149153376311e-8  62.553807335908225
9.710594716710908e-8  62.72952309812214
9.988040280045505e-8  62.901174731064806
1.0265485843380103e-7  63.06397140800432
1.05429314067147e-7  63.223725702630915
1.0820376970049298e-7  63.381749695215575
1.1097822533383895e-7  63.53128871664716
1.1375268096718492e-7  63.67646395484122
1.165271366005309e-7  63.82127230411635
1.1930159223387688e-7  63.96492795243623
1.2207604786722285e-7  64.09985567354838
1.2485050350056882e-7  64.23601253802285
1.276249591339148e-7  64.36597538509939
1.3039941476726076e-7  64.49878541109734
1.3317387040060675e-7  64.61846416693307
1.3594832603395272e-7  64.747522219802
1.387227816672987e-7  64.89252695631801
