2.774455633345974e-9  5.03032008520208
5.548911266691948e-9  5.007014017728976
8.323366900037922e-9  5.028498102966727
1.1097822533383895e-8  5.008218339323386
1.3872278166729869e-8  5.027819239833263
1.6646733800075844e-8  5.00933345728521
1.9421189433421816e-8  5.026075029703644
2.219564506676779e-8  5.008971909666108
2.4970100700113762e-8  5.025972871306617
2.7744556333459737e-8  5.010151075729527
3.051901196680571e-8  5.022530092512459
3.329346760015169e-8  5.00859202205806
3.6067923233497656e-8  5.02158549901551
3.884237886684363e-8  5.0041531035552635
4.1616834500189606e-8  5.016879419540883
4.439129013353558e-8  5.0071746920430105
4.7165745766881556e-8  5.012917946440177
4.9940201400227525e-8  5.01965026557144
5.27146570335735e-8  5.002238139402885
5.5489112666919475e-8  5.022991486938967
5.826356830026545e-8  5.014931149226997
6.103802393361143e-8  5.024480574854594
6.38124795669574e-8  5.004969337934759
6.658693520030338e-8  5.0216956500517425
6.936139083364934e-8  5.005975891900977
7.213584646699531e-8  4.986054435093956
7.49103021003413e-8  4.997847863317488
7.768475773368726e-8  5.0239190404383525
8.045921336703324e-8  5.011949525965157
8.323366900037921e-8  5.02629542153387
8.600812463372518e-8  4.984004107846568
8.878258026707116e-8  4.995891236657643
9.155703590041713e-8  5.011495280292953
9.433149153376311e-8  5.032567908052751
9.710594716710908e-8  4.968169769479604
9.988040280045505e-8  5.015535715069869
1.0265485843380103e-7  4.995971001790227
1.05429314067147e-7  4.9696538605683145
1.0820376970049298e-7  5.019541772960084
1.1097822533383895e-7  5.015264270066268
1.1375268096718492e-7  5.016033279622323
1.165271366005309e-7  5.031567998767418
1.1930159223387688e-7  4.9964319943056665
1.2207604786722285e-7  4.982389671705185
1.2485050350056882e-7  5.019319186114132
1.276249591339148e-7  5.025465045634972
1.3039941476726076e-7  4.953596493219387
1.3317387040060675e-7  5.013967346719315
1.3594832603395272e-7  5.0442499510749155
1.387227816672987e-7  5.02225588046419
