2.774455633345974e-9  2.7596100719404517
5.548911266691948e-9  2.7559812342706627
8.323366900037922e-9  2.7595539223305714
1.1097822533383895e-8  2.756290254823452
1.3872278166729869e-8  2.759029621286448
1.6646733800075844e-8  2.7569502086009243
1.9421189433421816e-8  2.75924796629888
2.219564506676779e-8  2.7586637254179367
2.4970100700113762e-8  2.760773264337057
2.7744556333459737e-8  2.759387934494351
3.051901196680571e-8  2.754787971206631
3.329346760015169e-8  2.758123436418557
3.6067923233497656e-8  2.7562333481299532
3.884237886684363e-8  2.7600610348611596
4.1616834500189606e-8  2.7647908030810426
4.439129013353558e-8  2.76235713563113
4.7165745766881556e-8  2.760731564171986
4.9940201400227525e-8  2.7659960656931433
5.27146570335735e-8  2.7637636408208586
5.5489112666919475e-8  2.772468176818456
5.826356830026545e-8  2.7675195493369396
6.103802393361143e-8  2.7709791927679475
6.38124795669574e-8  2.7640954590342104
6.658693520030338e-8  2.7582427153544393
6.936139083364934e-8  2.7624259215779454
7.213584646699531e-8  2.7517077617124444
7.49103021003413e-8  2.7594968773526993
7.768475773368726e-8  2.769025898389848
8.045921336703324e-8  2.7634081315613535
8.323366900037921e-8  2.7710840421961604
8.600812463372518e-8  2.742805313011682
8.878258026707116e-8  2.755536839236736
9.155703590041713e-8  2.769559919171707
9.433149153376311e-8  2.765545202338168
9.710594716710908e-8  2.762478425515916
9.988040280045505e-8  2.7661169387144735
1.0265485843380103e-7  2.7574085375892547
1.05429314067147e-7  2.7367885388220423
1.0820376970049298e-7  2.7834483983804073
1.1097822533383895e-7  2.7665810088248954
1.1375268096718492e-7  2.780159363205501
1.165271366005309e-7  2.7821249781995743
1.1930159223387688e-7  2.8007150310801894
1.2207604786722285e-7  2.7507421910298375
1.2485050350056882e-7  2.8117520980613864
1.276249591339148e-7  2.7779139563414694
1.3039941476726076e-7  2.7646381442337984
1.3317387040060675e-7  2.775818078347474
1.3594832603395272e-7  2.776058143888437
1.387227816672987e-7  2.7859932269393535
