2.774455633345974e-9  0.11105485808445974
5.548911266691948e-9  0.1120799114243347
8.323366900037922e-9  0.11282222971067736
1.1097822533383895e-8  0.11373808207931527
1.3872278166729869e-8  0.11357795962092498
1.6646733800075844e-8  0.11342190919020852
1.9421189433421816e-8  0.11299305974266731
2.219564506676779e-8  0.11672904653252943
2.4970100700113762e-8  0.11853189876564386
2.7744556333459737e-8  0.11733584104782949
3.051901196680571e-8  0.11616100207286431
3.329346760015169e-8  0.11960131009631775
3.6067923233497656e-8  0.11535419860689677
3.884237886684363e-8  0.11734027340865226
4.1616834500189606e-8  0.12096088425010175
4.439129013353558e-8  0.1369578029106772
4.7165745766881556e-8  0.1190214153624334
4.9940201400227525e-8  0.12481262844117437
5.27146570335735e-8  0.1152619926038612
5.5489112666919475e-8  0.11308429604314155
5.826356830026545e-8  0.11656386528978713
6.103802393361143e-8  0.11778559998802254
6.38124795669574e-8  0.11525886223966143
6.658693520030338e-8  0.11813767498867808
6.936139083364934e-8  0.10354436290896346
7.213584646699531e-8  0.10786123627426725
7.49103021003413e-8  0.11639790081315173
7.768475773368726e-8  0.11186483027375524
8.045921336703324e-8  0.12906844956056568
8.323366900037921e-8  0.12667366850526934
8.600812463372518e-8  0.13316304940662396
8.878258026707116e-8  0.1327087804385538
9.155703590041713e-8  0.12532737675376115
9.433149153376311e-8  0.12747976214778842
9.710594716710908e-8  0.12020973025352018
9.988040280045505e-8  0.12148145847835319
1.0265485843380103e-7  0.10725625410988002
1.05429314067147e-7  0.10497825363877886
1.0820376970049298e-7  0.10744273400884176
1.1097822533383895e-7  0.10780987304723957
1.1375268096718492e-7  0.10851320583143252
1.165271366005309e-7  0.09220795601173959
1.1930159223387688e-7  0.11125095964258842
1.2207604786722285e-7  0.12236870896254178
1.2485050350056882e-7  0.11384711837449872
1.276249591339148e-7  0.10335464331438186
1.3039941476726076e-7  0.11603002082555164
1.3317387040060675e-7  0.1341709770015483
1.3594832603395272e-7  0.10266552306314801
1.387227816672987e-7  0.11547018081545805
