2.774455633345974e-9  5.96515413857262
5.548911266691948e-9  5.957447227405892
8.323366900037922e-9  5.959568058581244
1.1097822533383895e-8  5.964351871855208
1.3872278166729869e-8  5.970323499579899
1.6646733800075844e-8  5.959958161596397
1.9421189433421816e-8  5.971980174410846
2.219564506676779e-8  5.960033491352851
2.4970100700113762e-8  5.97760737518552
2.7744556333459737e-8  5.957980548560026
3.051901196680571e-8  5.983351473760323
3.329346760015169e-8  5.9898765856885445
3.6067923233497656e-8  5.934460417205062
3.884237886684363e-8  6.002964173866253
4.1616834500189606e-8  5.990038331198488
4.439129013353558e-8  5.97620334266029
4.7165745766881556e-8  5.986298956319206
4.9940201400227525e-8  5.999178173560053
5.27146570335735e-8  5.956804226146475
5.5489112666919475e-8  5.96070439118223
5.826356830026545e-8  5.97603874779354
6.103802393361143e-8  6.025472134744541
6.38124795669574e-8  6.004695799347592
6.658693520030338e-8  5.9128835355151494
6.936139083364934e-8  5.957279732710764
7.213584646699531e-8  5.951084287437703
7.49103021003413e-8  5.962209366388181
7.768475773368726e-8  5.9562448713152225
8.045921336703324e-8  5.963951403822408
8.323366900037921e-8  5.935191867257353
8.600812463372518e-8  5.9834518066300415
8.878258026707116e-8  5.923114473695847
9.155703590041713e-8  5.982241885084346
9.433149153376311e-8  5.981982738796696
9.710594716710908e-8  5.917520490329643
9.988040280045505e-8  5.969017123799635
1.0265485843380103e-7  5.897983604933918
1.05429314067147e-7  5.962295021166932
1.0820376970049298e-7  5.9762916880138235
1.1097822533383895e-7  5.9324638580738975
1.1375268096718492e-7  5.970655192764962
1.165271366005309e-7  6.011586918943206
1.1930159223387688e-7  5.924804680043956
1.2207604786722285e-7  5.958661823062359
1.2485050350056882e-7  5.900066053831679
1.276249591339148e-7  5.970334666484464
1.3039941476726076e-7  5.92887304346076
1.3317387040060675e-7  6.045995389229063
1.3594832603395272e-7  6.026602794639021
1.387227816672987e-7  5.95595333523037
