2.774455633345974e-9  3.4936519743450587
5.548911266691948e-9  3.451775067269342
8.323366900037922e-9  3.486153839326403
1.1097822533383895e-8  3.462835167019134
1.3872278166729869e-8  3.4793970739358686
1.6646733800075844e-8  3.4718907689519023
1.9421189433421816e-8  3.4734336621561357
2.219564506676779e-8  3.490780468995919
2.4970100700113762e-8  3.4769912194873176
2.7744556333459737e-8  3.4682640446454602
3.051901196680571e-8  3.4938094457301196
3.329346760015169e-8  3.4944648861538607
3.6067923233497656e-8  3.4685956494527694
3.884237886684363e-8  3.4925210922122396
4.1616834500189606e-8  3.506003029091377
4.439129013353558e-8  3.5080087004106266
4.7165745766881556e-8  3.5389580883964262
4.9940201400227525e-8  3.5320140463465264
5.27146570335735e-8  3.5130877617803793
5.5489112666919475e-8  3.49766261278595
5.826356830026545e-8  3.518150036573508
6.103802393361143e-8  3.4846449359110396
6.38124795669574e-8  3.5101319390809316
6.658693520030338e-8  3.505699579390267
6.936139083364934e-8  3.5270112894386987
7.213584646699531e-8  3.455937532624512
7.49103021003413e-8  3.4795419147332916
7.768475773368726e-8  3.497619626846944
8.045921336703324e-8  3.4828693033110167
8.323366900037921e-8  3.498305316536858
8.600812463372518e-8  3.4941053854314843
8.878258026707116e-8  3.484590731612955
9.155703590041713e-8  3.50605264109456
9.433149153376311e-8  3.466724224778719
9.710594716710908e-8  3.470821262469134
9.988040280045505e-8  3.483609478554668
1.0265485843380103e-7  3.4674629157660575
1.05429314067147e-7  3.4542375130314125
1.0820376970049298e-7  3.5073652443240975
1.1097822533383895e-7  3.5316660225421015
1.1375268096718492e-7  3.4587406747312914
1.165271366005309e-7  3.498872567614824
1.1930159223387688e-7  3.5441770915626414
1.2207604786722285e-7  3.4924452785496207
1.2485050350056882e-7  3.5202576390474474
1.276249591339148e-7  3.516372365966333
1.3039941476726076e-7  3.4724704056794677
1.3317387040060675e-7  3.5135924068727817
1.3594832603395272e-7  3.495507578198726
1.387227816672987e-7  3.4482156959574315
