2.774455633345974e-9  -0.4882703752476058
5.548911266691948e-9  -0.48776238304239417
8.323366900037922e-9  -0.48793780182218066
1.1097822533383895e-8  -0.48751639585323386
1.3872278166729869e-8  -0.4861291049694292
1.6646733800075844e-8  -0.4858731659110528
1.9421189433421816e-8  -0.4846922739353982
2.219564506676779e-8  -0.4897419811930385
2.4970100700113762e-8  -0.48899426251188177
2.7744556333459737e-8  -0.4837265370435451
3.051901196680571e-8  -0.48461711358150983
3.329346760015169e-8  -0.4901352940982746
3.6067923233497656e-8  -0.48590163727559543
3.884237886684363e-8  -0.47463696000577615
4.1616834500189606e-8  -0.4740653369586289
4.439129013353558e-8  -0.4952821788704485
4.7165745766881556e-8  -0.4920385770896412
4.9940201400227525e-8  -0.4846140910221661
5.27146570335735e-8  -0.4882495928476697
5.5489112666919475e-8  -0.48437917173051764
5.826356830026545e-8  -0.4818654909134831
6.103802393361143e-8  -0.4806184241842982
6.38124795669574e-8  -0.4812886771796419
6.658693520030338e-8  -0.48497004040405833
6.936139083364934e-8  -0.4867666471650115
7.213584646699531e-8  -0.487721658564005
7.49103021003413e-8  -0.4874282507763283
7.768475773368726e-8  -0.4754623930000935
8.045921336703324e-8  -0.45147627111147864
8.323366900037921e-8  -0.4661245203227149
8.600812463372518e-8  -0.49860403026301314
8.878258026707116e-8  -0.4991800560575075
9.155703590041713e-8  -0.48582148793962887
9.433149153376311e-8  -0.497518679401574
9.710594716710908e-8  -0.49580105716267625
9.988040280045505e-8  -0.4905113391848581
1.0265485843380103e-7  -0.4825376636047092
1.05429314067147e-7  -0.48218282673837765
1.0820376970049298e-7  -0.47848434869510825
1.1097822533383895e-7  -0.4812189473364203
1.1375268096718492e-7  -0.4877785067900278
1.165271366005309e-7  -0.4736539184397978
1.1930159223387688e-7  -0.47362050729226185
1.2207604786722285e-7  -0.484345768599178
1.2485050350056882e-7  -0.4868275144530542
1.276249591339148e-7  -0.5021247061746948
1.3039941476726076e-7  -0.4945098233517789
1.3317387040060675e-7  -0.48072490678052837
1.3594832603395272e-7  -0.4751376868298343
1.387227816672987e-7  -0.48427829949424295
