2.774455633345974e-9  -0.6089356668738686
5.548911266691948e-9  -0.6090124966373213
8.323366900037922e-9  -0.608099051279664
1.1097822533383895e-8  -0.6080385051639697
1.3872278166729869e-8  -0.6054637188801375
1.6646733800075844e-8  -0.6058874401792685
1.9421189433421816e-8  -0.6065558150483137
2.219564506676779e-8  -0.6112198909064797
2.4970100700113762e-8  -0.6072672882006185
2.7744556333459737e-8  -0.6053768595270512
3.051901196680571e-8  -0.6186402612561862
3.329346760015169e-8  -0.6074238129241081
3.6067923233497656e-8  -0.610525636773734
3.884237886684363e-8  -0.6023104114649696
4.1616834500189606e-8  -0.6049521125887648
4.439129013353558e-8  -0.6107329741502359
4.7165745766881556e-8  -0.6107167230023499
4.9940201400227525e-8  -0.6012265155456546
5.27146570335735e-8  -0.5763184462099118
5.5489112666919475e-8  -0.6048552288829409
5.826356830026545e-8  -0.6211315798516539
6.103802393361143e-8  -0.6097884129178457
6.38124795669574e-8  -0.6208957401787596
6.658693520030338e-8  -0.6117513266339746
6.936139083364934e-8  -0.6074594821219674
7.213584646699531e-8  -0.5899269299501777
7.49103021003413e-8  -0.6045430616074948
7.768475773368726e-8  -0.6139325276625236
8.045921336703324e-8  -0.6086517045108515
8.323366900037921e-8  -0.6110685382149326
8.600812463372518e-8  -0.5996138352437944
8.878258026707116e-8  -0.6186001070437133
9.155703590041713e-8  -0.6071562102555929
9.433149153376311e-8  -0.6191088180118933
9.710594716710908e-8  -0.6029677461230523
9.988040280045505e-8  -0.6159671819452243
1.0265485843380103e-7  -0.6100667833116551
1.05429314067147e-7  -0.5931421207428257
1.0820376970049298e-7  -0.5948681951351634
1.1097822533383895e-7  -0.5864058651448909
1.1375268096718492e-7  -0.6082686127295073
1.165271366005309e-7  -0.6144965468096368
1.1930159223387688e-7  -0.6274224512153193
1.2207604786722285e-7  -0.596952665665106
1.2485050350056882e-7  -0.6205184527084917
1.276249591339148e-7  -0.6137298506433521
1.3039941476726076e-7  -0.6050986131876797
1.3317387040060675e-7  -0.612219074833294
1.3594832603395272e-7  -0.5990786586979222
1.387227816672987e-7  -0.5927446143730736
