2.774455633345974e-9  33.6506489213272
5.548911266691948e-9  37.80634464383908
8.323366900037922e-9  40.239967394409746
1.1097822533383895e-8  41.9705734357591
1.3872278166729869e-8  43.305976120080985
1.6646733800075844e-8  44.40044584112861
1.9421189433421816e-8  45.32714957802824
2.219564506676779e-8  46.12658480253207
2.4970100700113762e-8  46.833894405283594
2.7744556333459737e-8  47.46604633457807
3.051901196680571e-8  48.03601448609121
3.329346760015169e-8  48.55739231891895
3.6067923233497656e-8  49.04424366611105
3.884237886684363e-8  49.485448277731884
4.1616834500189606e-8  49.90321676639007
4.439129013353558e-8  50.286270686061904
4.7165745766881556e-8  50.65424864464907
4.9940201400227525e-8  50.99868373250102
5.27146570335735e-8  51.316767997445446
5.5489112666919475e-8  51.624970383156686
5.826356830026545e-8  51.866172410105854
6.103802393361143e-8  52.19625269278323
6.38124795669574e-8  52.461212655134545
6.658693520030338e-8  52.71942341396441
6.936139083364934e-8  52.963096403084236
7.213584646699531e-8  53.19907246376882
7.49103021003413e-8  53.42930932440652
7.768475773368726e-8  53.64265659086725
8.045921336703324e-8  53.85412320271795
8.323366900037921e-8  54.057335229023664
8.600812463372518e-8  54.25833666483422
8.878258026707116e-8  54.443319389984374
9.155703590041713e-8  54.62957210023484
9.433149153376311e-8  54.80808505790505
9.710594716710908e-8  54.98291084981624
9.988040280045505e-8  55.15231222382987
1.0265485843380103e-7  55.316529601890664
1.05429314067147e-7  55.46314524229882
1.0820376970049298e-7  55.63202394620613
1.1097822533383895e-7  55.78350152062689
1.1375268096718492e-7  55.93244161777266
1.165271366005309e-7  56.07698958659865
1.1930159223387688e-7  56.212977928264905
1.2207604786722285e-7  56.35508645187884
1.2485050350056882e-7  56.48937703658482
1.276249591339148e-7  56.621154222332656
1.3039941476726076e-7  56.75141723275968
1.3317387040060675e-7  56.87634580950058
1.3594832603395272e-7  57.0026106845279
1.387227816672987e-7  57.134610333166016
