2.774455633345974e-9  -0.4304462133497777
5.548911266691948e-9  -0.43039799483317
8.323366900037922e-9  -0.42957764345857613
1.1097822533383895e-8  -0.4284801528270546
1.3872278166729869e-8  -0.4297458787062899
1.6646733800075844e-8  -0.42775298356110436
1.9421189433421816e-8  -0.4240910641314388
2.219564506676779e-8  -0.4269495994196669
2.4970100700113762e-8  -0.4350544859382791
2.7744556333459737e-8  -0.4250085356192786
3.051901196680571e-8  -0.42443734658256677
3.329346760015169e-8  -0.4409215017663147
3.6067923233497656e-8  -0.43034852858386247
3.884237886684363e-8  -0.4291949111618329
4.1616834500189606e-8  -0.4254111235321851
4.439129013353558e-8  -0.42020385120246784
4.7165745766881556e-8  -0.4353475110667297
4.9940201400227525e-8  -0.4324525584210776
5.27146570335735e-8  -0.42496927659598516
5.5489112666919475e-8  -0.42167613732828463
5.826356830026545e-8  -0.4081377630006452
6.103802393361143e-8  -0.42309397041618063
6.38124795669574e-8  -0.43038389997426213
6.658693520030338e-8  -0.4475340916929593
6.936139083364934e-8  -0.4480522361760691
7.213584646699531e-8  -0.4303732469441285
7.49103021003413e-8  -0.42375690822095535
7.768475773368726e-8  -0.43447557219247596
8.045921336703324e-8  -0.4199311026522884
8.323366900037921e-8  -0.4266088769438427
8.600812463372518e-8  -0.42035194245290575
8.878258026707116e-8  -0.4199977359044642
9.155703590041713e-8  -0.4207194327610292
9.433149153376311e-8  -0.4398700453303635
9.710594716710908e-8  -0.4338837033038789
9.988040280045505e-8  -0.4329901701926711
1.0265485843380103e-7  -0.43040914982640904
1.05429314067147e-7  -0.43194004995869295
1.0820376970049298e-7  -0.44222397198824237
1.1097822533383895e-7  -0.4285682201867621
1.1375268096718492e-7  -0.42880170707238435
1.165271366005309e-7  -0.4089023881899952
1.1930159223387688e-7  -0.41792835589985383
1.2207604786722285e-7  -0.41775189348381575
1.2485050350056882e-7  -0.43371980120088566
1.276249591339148e-7  -0.4310499100385963
1.3039941476726076e-7  -0.42288740369859174
1.3317387040060675e-7  -0.44635760113657963
1.3594832603395272e-7  -0.4478098742528944
1.387227816672987e-7  -0.43330030517784957
