2.774455633345974e-9  4.637788801272824
5.548911266691948e-9  4.640734718894426
8.323366900037922e-9  4.644061008677524
1.1097822533383895e-8  4.642784345748501
1.3872278166729869e-8  4.641739919719685
1.6646733800075844e-8  4.645863820693045
1.9421189433421816e-8  4.644711466913034
2.219564506676779e-8  4.645251063439961
2.4970100700113762e-8  4.629220321614686
2.7744556333459737e-8  4.624966399874806
3.051901196680571e-8  4.651060635036271
3.329346760015169e-8  4.655728251799464
3.6067923233497656e-8  4.637600797839527
3.884237886684363e-8  4.651735179760568
4.1616834500189606e-8  4.668590586397948
4.439129013353558e-8  4.661891221540554
4.7165745766881556e-8  4.6685403112126265
4.9940201400227525e-8  4.673457753613196
5.27146570335735e-8  4.619851748539293
5.5489112666919475e-8  4.644394794494239
5.826356830026545e-8  4.7119372757589595
6.103802393361143e-8  4.644438786105523
6.38124795669574e-8  4.667961863316835
6.658693520030338e-8  4.6038905925847695
6.936139083364934e-8  4.6581047175928525
7.213584646699531e-8  4.640131494817595
7.49103021003413e-8  4.635619396437434
7.768475773368726e-8  4.649608297305791
8.045921336703324e-8  4.612403971388288
8.323366900037921e-8  4.670391277403628
8.600812463372518e-8  4.661079721938939
8.878258026707116e-8  4.6545559944343555
9.155703590041713e-8  4.642258837218803
9.433149153376311e-8  4.678175045261343
9.710594716710908e-8  4.61029372737567
9.988040280045505e-8  4.634606759126022
1.0265485843380103e-7  4.650874863519756
1.05429314067147e-7  4.675204177649777
1.0820376970049298e-7  4.660002176173195
1.1097822533383895e-7  4.6740981342666466
1.1375268096718492e-7  4.621898855405451
1.165271366005309e-7  4.640811507839912
1.1930159223387688e-7  4.6581395770795915
1.2207604786722285e-7  4.644979406815251
1.2485050350056882e-7  4.617067409278346
1.276249591339148e-7  4.676640295859445
1.3039941476726076e-7  4.609675969619305
1.3317387040060675e-7  4.623616758927773
1.3594832603395272e-7  4.649540228964813
1.387227816672987e-7  4.59822680433162
