2.774455633345974e-9  0.5304912043019623
5.548911266691948e-9  0.5292713226373545
8.323366900037922e-9  0.5296465792163297
1.1097822533383895e-8  0.5299899876066075
1.3872278166729869e-8  0.528985468616219
1.6646733800075844e-8  0.5305924119245049
1.9421189433421816e-8  0.5294699577763927
2.219564506676779e-8  0.531541247470238
2.4970100700113762e-8  0.5318085166358926
2.7744556333459737e-8  0.5307989621190242
3.051901196680571e-8  0.5340829876207975
3.329346760015169e-8  0.5324398032109872
3.6067923233497656e-8  0.5283480903220218
3.884237886684363e-8  0.5316388682097777
4.1616834500189606e-8  0.5341265380075318
4.439129013353558e-8  0.5382591714873988
4.7165745766881556e-8  0.539168646367204
4.9940201400227525e-8  0.5289609088029117
5.27146570335735e-8  0.5402846725575903
5.5489112666919475e-8  0.5269797904788803
5.826356830026545e-8  0.5331419594987137
6.103802393361143e-8  0.5394073262137845
6.38124795669574e-8  0.5399709121021494
6.658693520030338e-8  0.5366424438825799
6.936139083364934e-8  0.5410715684463306
7.213584646699531e-8  0.5272954965039794
7.49103021003413e-8  0.533168033811979
7.768475773368726e-8  0.5386592043047284
8.045921336703324e-8  0.5269774746375628
8.323366900037921e-8  0.5329373041534782
8.600812463372518e-8  0.559704717326204
8.878258026707116e-8  0.5349755424304709
9.155703590041713e-8  0.5387326155363648
9.433149153376311e-8  0.5411964847430253
9.710594716710908e-8  0.5282003714104694
9.988040280045505e-8  0.5321251027424427
1.0265485843380103e-7  0.5294028898987609
1.05429314067147e-7  0.5262486763838904
1.0820376970049298e-7  0.5337097142764836
1.1097822533383895e-7  0.5375102349463742
1.1375268096718492e-7  0.5389445907704009
1.165271366005309e-7  0.545940771137129
1.1930159223387688e-7  0.532975065391949
1.2207604786722285e-7  0.5424880673831449
1.2485050350056882e-7  0.5397601011939331
1.276249591339148e-7  0.5373714400574283
1.3039941476726076e-7  0.5409103820052358
1.3317387040060675e-7  0.5164042719620213
1.3594832603395272e-7  0.5256599355083219
1.387227816672987e-7  0.5220978158756212
