2.774455633345974e-9  0.17156599617103233
5.548911266691948e-9  0.17165598955437944
8.323366900037922e-9  0.17296977194271768
1.1097822533383895e-8  0.17307535948706343
1.3872278166729869e-8  0.1790046468688372
1.6646733800075844e-8  0.17257925020944032
1.9421189433421816e-8  0.1738972073176507
2.219564506676779e-8  0.17542301891912837
2.4970100700113762e-8  0.192637509192192
2.7744556333459737e-8  0.1788335066858695
3.051901196680571e-8  0.17537063875594502
3.329346760015169e-8  0.17137736971477285
3.6067923233497656e-8  0.17001362246371463
3.884237886684363e-8  0.16891291975489314
4.1616834500189606e-8  0.17580372820203696
4.439129013353558e-8  0.1795902079986642
4.7165745766881556e-8  0.2065503185947493
4.9940201400227525e-8  0.20644646660429614
5.27146570335735e-8  0.2013676840965484
5.5489112666919475e-8  0.20037759664729327
5.826356830026545e-8  0.19201934222387745
6.103802393361143e-8  0.1876336285536202
6.38124795669574e-8  0.16687273174356979
6.658693520030338e-8  0.16891762429262366
6.936139083364934e-8  0.15615654277420346
7.213584646699531e-8  0.15880921469039155
7.49103021003413e-8  0.16761610163395008
7.768475773368726e-8  0.1767340723700374
8.045921336703324e-8  0.1795739144548109
8.323366900037921e-8  0.1878477635689105
8.600812463372518e-8  0.16848066875031842
8.878258026707116e-8  0.1949050976783563
9.155703590041713e-8  0.19364440534820815
9.433149153376311e-8  0.16644080429337757
9.710594716710908e-8  0.18748250013244738
9.988040280045505e-8  0.17196312892176283
1.0265485843380103e-7  0.17880600495005253
1.05429314067147e-7  0.1964659385572715
1.0820376970049298e-7  0.20409830249858396
1.1097822533383895e-7  0.16042241055016357
1.1375268096718492e-7  0.16479199967264654
1.165271366005309e-7  0.20251888649488117
1.1930159223387688e-7  0.18340848137187504
1.2207604786722285e-7  0.18524049973126616
1.2485050350056882e-7  0.17854555321814744
1.276249591339148e-7  0.1641118691062655
1.3039941476726076e-7  0.1687147964134927
1.3317387040060675e-7  0.16946499756422065
1.3594832603395272e-7  0.15508904589736525
1.387227816672987e-7  0.15264339893152412
