2.774455633345974e-9  0.14410445164393879
5.548911266691948e-9  0.14440176957114886
8.323366900037922e-9  0.148044947558809
1.1097822533383895e-8  0.1464390210797536
1.3872278166729869e-8  0.15642752421680337
1.6646733800075844e-8  0.14577166400357003
1.9421189433421816e-8  0.14440831696881926
2.219564506676779e-8  0.14739374522514545
2.4970100700113762e-8  0.14989299736446549
2.7744556333459737e-8  0.130817749198013
3.051901196680571e-8  0.16060234478007837
3.329346760015169e-8  0.15270406532867237
3.6067923233497656e-8  0.14236822427593546
3.884237886684363e-8  0.14940270599409436
4.1616834500189606e-8  0.14262841051030908
4.439129013353558e-8  0.14469240107523743
4.7165745766881556e-8  0.18398021836892692
4.9940201400227525e-8  0.179792804826163
5.27146570335735e-8  0.14071318526284904
5.5489112666919475e-8  0.14163290734079528
5.826356830026545e-8  0.15146708939476286
6.103802393361143e-8  0.15771990034046418
6.38124795669574e-8  0.14058413152426433
6.658693520030338e-8  0.14724155914451742
6.936139083364934e-8  0.15723463598328608
7.213584646699531e-8  0.14894986662638932
7.49103021003413e-8  0.13838525841092192
7.768475773368726e-8  0.1627968345997058
8.045921336703324e-8  0.1467413744362698
8.323366900037921e-8  0.14530648168265733
8.600812463372518e-8  0.13660286887381687
8.878258026707116e-8  0.16427682913786446
9.155703590041713e-8  0.13328402862295582
9.433149153376311e-8  0.12932009716351725
9.710594716710908e-8  0.16829456226803097
9.988040280045505e-8  0.15657902026769008
1.0265485843380103e-7  0.15584349882691692
1.05429314067147e-7  0.14900484999091357
1.0820376970049298e-7  0.15558798925099812
1.1097822533383895e-7  0.12704390295112633
1.1375268096718492e-7  0.15911744652340495
1.165271366005309e-7  0.1393825582708352
1.1930159223387688e-7  0.12496701146103498
1.2207604786722285e-7  0.1448039622882853
1.2485050350056882e-7  0.13617351890163962
1.276249591339148e-7  0.12869702375173264
1.3039941476726076e-7  0.13729602712860178
1.3317387040060675e-7  0.1454495848471572
1.3594832603395272e-7  0.1491814016661693
1.387227816672987e-7  0.1410427021940088
