2.774455633345974e-9  0.6924381805441444
5.548911266691948e-9  0.6928879124324484
8.323366900037922e-9  0.6960786111900862
1.1097822533383895e-8  0.6929979791301635
1.3872278166729869e-8  0.7011424693981654
1.6646733800075844e-8  0.6895532081824632
1.9421189433421816e-8  0.7014248018738364
2.219564506676779e-8  0.6872511772639847
2.4970100700113762e-8  0.6892363358957927
2.7744556333459737e-8  0.6926937318947313
3.051901196680571e-8  0.7021595213083625
3.329346760015169e-8  0.7370056224252287
3.6067923233497656e-8  0.6992504518087008
3.884237886684363e-8  0.7026654653804094
4.1616834500189606e-8  0.6861377923740117
4.439129013353558e-8  0.6863218169052034
4.7165745766881556e-8  0.7083080712344351
4.9940201400227525e-8  0.6907306135960176
5.27146570335735e-8  0.7103507931469248
5.5489112666919475e-8  0.7031830824501343
5.826356830026545e-8  0.7096215189672586
6.103802393361143e-8  0.6846605873129918
6.38124795669574e-8  0.6928311377850476
6.658693520030338e-8  0.7004228082024877
6.936139083364934e-8  0.6957161609442232
7.213584646699531e-8  0.7013117929395697
7.49103021003413e-8  0.7080051614055051
7.768475773368726e-8  0.6738501762184229
8.045921336703324e-8  0.6913774997385473
8.323366900037921e-8  0.7019540059313193
8.600812463372518e-8  0.6840538022676231
8.878258026707116e-8  0.6753222501638195
9.155703590041713e-8  0.694272392018592
9.433149153376311e-8  0.6604781185835766
9.710594716710908e-8  0.675585093683968
9.988040280045505e-8  0.661822841436725
1.0265485843380103e-7  0.6859674773080581
1.05429314067147e-7  0.6896931408544552
1.0820376970049298e-7  0.7197985336119377
1.1097822533383895e-7  0.7213522141749257
1.1375268096718492e-7  0.6916997109100416
1.165271366005309e-7  0.6918171161572266
1.1930159223387688e-7  0.7005491424545096
1.2207604786722285e-7  0.6613858253036985
1.2485050350056882e-7  0.6701002340451196
1.276249591339148e-7  0.6710170086432851
1.3039941476726076e-7  0.6790997671181827
1.3317387040060675e-7  0.6823181194183492
1.3594832603395272e-7  0.6884078494659415
1.387227816672987e-7  0.6706423004288458
