2.774455633345974e-9  39.09343953334161
5.548911266691948e-9  43.2511469571411
8.323366900037922e-9  45.68451344964519
1.1097822533383895e-8  47.38885353296026
1.3872278166729869e-8  48.7512049732518
1.6646733800075844e-8  49.84446342742361
1.9421189433421816e-8  50.76921455716487
2.219564506676779e-8  51.5723028147553
2.4970100700113762e-8  52.276500894969594
2.7744556333459737e-8  52.9084651485077
3.051901196680571e-8  53.46850038384678
3.329346760015169e-8  54.00273887685074
3.6067923233497656e-8  54.487237684579455
3.884237886684363e-8  54.923694544169486
4.1616834500189606e-8  55.34168199436558
4.439129013353558e-8  55.72973092965225
4.7165745766881556e-8  56.08821581747314
4.9940201400227525e-8  56.437440850593504
5.27146570335735e-8  56.757357881060116
5.5489112666919475e-8  57.069832078059505
5.826356830026545e-8  57.37316376775398
6.103802393361143e-8  57.63871514045833
6.38124795669574e-8  57.90652976487971
6.658693520030338e-8  58.16130119506221
6.936139083364934e-8  58.40730699463562
7.213584646699531e-8  58.64176943017888
7.49103021003413e-8  58.86752248755984
7.768475773368726e-8  59.089188588206525
8.045921336703324e-8  59.29667021911177
8.323366900037921e-8  59.50574168258958
8.600812463372518e-8  59.699924858344154
8.878258026707116e-8  59.888424117820996
9.155703590041713e-8  60.072133160203826
9.433149153376311e-8  60.248460200079016
9.710594716710908e-8  60.42032895904746
9.988040280045505e-8  60.594388405699995
1.0265485843380103e-7  60.75996876024099
1.05429314067147e-7  60.916796305122546
1.0820376970049298e-7  61.06692149143332
1.1097822533383895e-7  61.226486757499714
1.1375268096718492e-7  61.382181061596064
1.165271366005309e-7  61.53098880873025
1.1930159223387688e-7  61.653524142466814
1.2207604786722285e-7  61.79793240538344
1.2485050350056882e-7  61.93208835171219
1.276249591339148e-7  62.066862342049575
1.3039941476726076e-7  62.20009568299713
1.3317387040060675e-7  62.32097736398532
1.3594832603395272e-7  62.445048605353946
1.387227816672987e-7  62.56545763746458
