2.774455633345974e-9  -0.6957324928674119
5.548911266691948e-9  -0.6959897491215695
8.323366900037922e-9  -0.6955246762453652
1.1097822533383895e-8  -0.695343555362513
1.3872278166729869e-8  -0.6944552702508242
1.6646733800075844e-8  -0.6940246861069487
1.9421189433421816e-8  -0.69029206737133
2.219564506676779e-8  -0.6954882419320298
2.4970100700113762e-8  -0.6951432723329115
2.7744556333459737e-8  -0.6936639313654531
3.051901196680571e-8  -0.6941981183511269
3.329346760015169e-8  -0.6919417552823498
3.6067923233497656e-8  -0.6788376544435245
3.884237886684363e-8  -0.6811876648226745
4.1616834500189606e-8  -0.694917800543049
4.439129013353558e-8  -0.6990816623695475
4.7165745766881556e-8  -0.7006337581945379
4.9940201400227525e-8  -0.6963407351788552
5.27146570335735e-8  -0.6946219053312062
5.5489112666919475e-8  -0.6955134062705997
5.826356830026545e-8  -0.6940999858739125
6.103802393361143e-8  -0.6936816263870669
6.38124795669574e-8  -0.6940830981363542
6.658693520030338e-8  -0.693258376124444
6.936139083364934e-8  -0.6814943460291967
7.213584646699531e-8  -0.6676455133995726
7.49103021003413e-8  -0.6833584695535516
7.768475773368726e-8  -0.6899009052961849
8.045921336703324e-8  -0.6904697298334325
8.323366900037921e-8  -0.6935476772777529
8.600812463372518e-8  -0.6896321896049242
8.878258026707116e-8  -0.6950321586512286
9.155703590041713e-8  -0.698326860654194
9.433149153376311e-8  -0.7069627221126189
9.710594716710908e-8  -0.690331294273676
9.988040280045505e-8  -0.7023328321377225
1.0265485843380103e-7  -0.6864663892375252
1.05429314067147e-7  -0.6993311322614618
1.0820376970049298e-7  -0.6894103262130482
1.1097822533383895e-7  -0.6750476672007584
1.1375268096718492e-7  -0.6923221916313124
1.165271366005309e-7  -0.6776979213491366
1.1930159223387688e-7  -0.6819009568843529
1.2207604786722285e-7  -0.696761078097227
1.2485050350056882e-7  -0.7009914850338904
1.276249591339148e-7  -0.6911538947285596
1.3039941476726076e-7  -0.6977631814218924
1.3317387040060675e-7  -0.6930344145428836
1.3594832603395272e-7  -0.6921069516129831
1.387227816672987e-7  -0.690899384417086
