2.774455633345974e-9  -0.6282943703298839
5.548911266691948e-9  -0.6275756326048704
8.323366900037922e-9  -0.6261732002019152
1.1097822533383895e-8  -0.6270701356197761
1.3872278166729869e-8  -0.629687637622982
1.6646733800075844e-8  -0.6253110320785712
1.9421189433421816e-8  -0.6277322856858154
2.219564506676779e-8  -0.6289490228424613
2.4970100700113762e-8  -0.6279896114664202
2.7744556333459737e-8  -0.6244975954309817
3.051901196680571e-8  -0.6318700414897618
3.329346760015169e-8  -0.6286610628564303
3.6067923233497656e-8  -0.6144592819180893
3.884237886684363e-8  -0.6266039727806969
4.1616834500189606e-8  -0.6239362312660373
4.439129013353558e-8  -0.6228665961261255
4.7165745766881556e-8  -0.6274521100131747
4.9940201400227525e-8  -0.6251491390892268
5.27146570335735e-8  -0.6132719410238752
5.5489112666919475e-8  -0.6375115025943107
5.826356830026545e-8  -0.6330813198041769
6.103802393361143e-8  -0.6277624918832189
6.38124795669574e-8  -0.6273706809068843
6.658693520030338e-8  -0.6286761923427122
6.936139083364934e-8  -0.6197314741728097
7.213584646699531e-8  -0.6245959210993733
7.49103021003413e-8  -0.6209947559351813
7.768475773368726e-8  -0.6442126697798126
8.045921336703324e-8  -0.6275924516181635
8.323366900037921e-8  -0.6156121985522749
8.600812463372518e-8  -0.6077182266536225
8.878258026707116e-8  -0.634515222238849
9.155703590041713e-8  -0.6310139662370856
9.433149153376311e-8  -0.6395257047377666
9.710594716710908e-8  -0.6290701447086602
9.988040280045505e-8  -0.6368332801503301
1.0265485843380103e-7  -0.6478873781409427
1.05429314067147e-7  -0.6249516923140417
1.0820376970049298e-7  -0.6419234709994845
1.1097822533383895e-7  -0.6066054664692753
1.1375268096718492e-7  -0.6204103002953248
1.165271366005309e-7  -0.6324780242177594
1.1930159223387688e-7  -0.6193062904865465
1.2207604786722285e-7  -0.6255384831901074
1.2485050350056882e-7  -0.6387669930023124
1.276249591339148e-7  -0.6258560352511489
1.3039941476726076e-7  -0.6271345143871403
1.3317387040060675e-7  -0.6243119617984225
1.3594832603395272e-7  -0.6318542037010502
1.387227816672987e-7  -0.6175961488883859
