2.774455633345974e-9  4.169211485120086
5.548911266691948e-9  4.172197158996653
8.323366900037922e-9  4.174560963148187
1.1097822533383895e-8  4.177612295623901
1.3872278166729869e-8  4.192383792497136
1.6646733800075844e-8  4.180594692711642
1.9421189433421816e-8  4.182109214980656
2.219564506676779e-8  4.19001279985435
2.4970100700113762e-8  4.194156322988963
2.7744556333459737e-8  4.192730674491765
3.051901196680571e-8  4.197862199908504
3.329346760015169e-8  4.190870037431381
3.6067923233497656e-8  4.181745365208837
3.884237886684363e-8  4.203103342438952
4.1616834500189606e-8  4.183182205665832
4.439129013353558e-8  4.188333387397114
4.7165745766881556e-8  4.161278913385697
4.9940201400227525e-8  4.155143113714033
5.27146570335735e-8  4.195277485976992
5.5489112666919475e-8  4.202921531456485
5.826356830026545e-8  4.201607666295429
6.103802393361143e-8  4.213411408518055
6.38124795669574e-8  4.189583693820816
6.658693520030338e-8  4.201670643674845
6.936139083364934e-8  4.2029858501591315
7.213584646699531e-8  4.193065283182879
7.49103021003413e-8  4.203676263696291
7.768475773368726e-8  4.214940398819067
8.045921336703324e-8  4.199383139476026
8.323366900037921e-8  4.1417263280793595
8.600812463372518e-8  4.183945617216245
8.878258026707116e-8  4.126014037945103
9.155703590041713e-8  4.178596382986573
9.433149153376311e-8  4.164221761206422
9.710594716710908e-8  4.141470041437736
9.988040280045505e-8  4.1314541191889225
1.0265485843380103e-7  4.192820384721959
1.05429314067147e-7  4.210883934048582
1.0820376970049298e-7  4.148091403685128
1.1097822533383895e-7  4.183781638960525
1.1375268096718492e-7  4.119563677275278
1.165271366005309e-7  4.202921628556623
1.1930159223387688e-7  4.187021974201711
1.2207604786722285e-7  4.208569662587146
1.2485050350056882e-7  4.132138323413558
1.276249591339148e-7  4.187237065432332
1.3039941476726076e-7  4.1441686671734725
1.3317387040060675e-7  4.1915865143651025
1.3594832603395272e-7  4.190895771246777
1.387227816672987e-7  4.179482254905608
