2.774455633345974e-9  -0.6836363335810245
5.548911266691948e-9  -0.6827655723096346
8.323366900037922e-9  -0.6837724207110443
1.1097822533383895e-8  -0.6819702562085996
1.3872278166729869e-8  -0.6825298844317391
1.6646733800075844e-8  -0.6818482180347212
1.9421189433421816e-8  -0.6860186172074547
2.219564506676779e-8  -0.6725019733776019
2.4970100700113762e-8  -0.6803005016485882
2.7744556333459737e-8  -0.6870035709718881
3.051901196680571e-8  -0.6846985559935607
3.329346760015169e-8  -0.6757453124649454
3.6067923233497656e-8  -0.6798880836007982
3.884237886684363e-8  -0.683624443073476
4.1616834500189606e-8  -0.6848931301379476
4.439129013353558e-8  -0.6676260890273885
4.7165745766881556e-8  -0.6670454471635784
4.9940201400227525e-8  -0.6722655638104659
5.27146570335735e-8  -0.689869324487053
5.5489112666919475e-8  -0.694456116687299
5.826356830026545e-8  -0.7003552797270645
6.103802393361143e-8  -0.6932831880035949
6.38124795669574e-8  -0.6840982605228589
6.658693520030338e-8  -0.6740631045174409
6.936139083364934e-8  -0.6701875494601008
7.213584646699531e-8  -0.6778145810653952
7.49103021003413e-8  -0.6878320602054797
7.768475773368726e-8  -0.6910201154943492
8.045921336703324e-8  -0.682921320121863
8.323366900037921e-8  -0.6821771438332775
8.600812463372518e-8  -0.6878808302373669
8.878258026707116e-8  -0.6648559757982397
9.155703590041713e-8  -0.6635340962343215
9.433149153376311e-8  -0.6737743979831075
9.710594716710908e-8  -0.6844515728385627
9.988040280045505e-8  -0.6668809794053976
1.0265485843380103e-7  -0.6800304870778342
1.05429314067147e-7  -0.6995884694662518
1.0820376970049298e-7  -0.6938416298098521
1.1097822533383895e-7  -0.6934551676412273
1.1375268096718492e-7  -0.6846369844258076
1.165271366005309e-7  -0.6954839685891202
1.1930159223387688e-7  -0.677336418245421
1.2207604786722285e-7  -0.6877706694774255
1.2485050350056882e-7  -0.678753469584282
1.276249591339148e-7  -0.6842291694939259
1.3039941476726076e-7  -0.6729506068326143
1.3317387040060675e-7  -0.678279613391745
1.3594832603395272e-7  -0.6811099923923857
1.387227816672987e-7  -0.6718664705177111
