2.774455633345974e-9  1.9704095726474884
5.548911266691948e-9  1.973762847715946
8.323366900037922e-9  1.9704187600737888
1.1097822533383895e-8  1.975635953348988
1.3872278166729869e-8  1.971875762679249
1.6646733800075844e-8  1.9720718914950788
1.9421189433421816e-8  1.9778014337332577
2.219564506676779e-8  1.9711472740617395
2.4970100700113762e-8  1.9732443376719029
2.7744556333459737e-8  1.972400675613298
3.051901196680571e-8  1.985740392951301
3.329346760015169e-8  1.9859546444639633
3.6067923233497656e-8  1.9688458318701447
3.884237886684363e-8  1.975061394443848
4.1616834500189606e-8  1.9867784615913213
4.439129013353558e-8  1.9742014672737036
4.7165745766881556e-8  2.002474583305546
4.9940201400227525e-8  1.9806567796580359
5.27146570335735e-8  1.9885072001476454
5.5489112666919475e-8  1.9786232990746742
5.826356830026545e-8  1.9665145655286829
6.103802393361143e-8  1.9636541769573586
6.38124795669574e-8  1.9787595340566793
6.658693520030338e-8  1.978177386019987
6.936139083364934e-8  1.9518229286166993
7.213584646699531e-8  1.9907327348378332
7.49103021003413e-8  2.002368743090473
7.768475773368726e-8  2.017239124668621
8.045921336703324e-8  2.020683367947932
8.323366900037921e-8  1.9843491233370572
8.600812463372518e-8  1.9814338604577102
8.878258026707116e-8  2.008588733507541
9.155703590041713e-8  1.98582915974261
9.433149153376311e-8  1.9976266112887655
9.710594716710908e-8  1.9788413714179596
9.988040280045505e-8  1.9656695347268565
1.0265485843380103e-7  1.9724258327257465
1.05429314067147e-7  1.983347278979252
1.0820376970049298e-7  1.976612271679231
1.1097822533383895e-7  1.9733121725624296
1.1375268096718492e-7  1.9770782107575078
1.165271366005309e-7  1.9519773140344916
1.1930159223387688e-7  1.9776251639478903
1.2207604786722285e-7  1.9916871401005976
1.2485050350056882e-7  1.9592113071820134
1.276249591339148e-7  1.946524728145717
1.3039941476726076e-7  1.968658899219944
1.3317387040060675e-7  1.96139547832689
1.3594832603395272e-7  1.9456634571331801
1.387227816672987e-7  1.9600941504715856
