2.774455633345974e-9  8.39515443109083
5.548911266691948e-9  8.341608753727547
8.323366900037922e-9  8.388810466657597
1.1097822533383895e-8  8.34358116712836
1.3872278166729869e-8  8.3859033332452
1.6646733800075844e-8  8.345626562366792
1.9421189433421816e-8  8.379322442829436
2.219564506676779e-8  8.347243133516695
2.4970100700113762e-8  8.373166632030806
2.7744556333459737e-8  8.34195822945999
3.051901196680571e-8  8.385090042177668
3.329346760015169e-8  8.354782403030095
3.6067923233497656e-8  8.354443818941252
3.884237886684363e-8  8.347282137650007
4.1616834500189606e-8  8.351020148243292
4.439129013353558e-8  8.331735167703064
4.7165745766881556e-8  8.3486583861257
4.9940201400227525e-8  8.346478789374368
5.27146570335735e-8  8.332326930222699
5.5489112666919475e-8  8.353239738305412
5.826356830026545e-8  8.339321842588165
6.103802393361143e-8  8.350036314291911
6.38124795669574e-8  8.352930725839547
6.658693520030338e-8  8.35326562421476
6.936139083364934e-8  8.335122721056383
7.213584646699531e-8  8.297277004724496
7.49103021003413e-8  8.323490895981696
7.768475773368726e-8  8.336324199202481
8.045921336703324e-8  8.287227972323285
8.323366900037921e-8  8.295985001908344
8.600812463372518e-8  8.312788743597425
8.878258026707116e-8  8.342427948496487
9.155703590041713e-8  8.285731119552173
9.433149153376311e-8  8.281023329900304
9.710594716710908e-8  8.318553817943481
9.988040280045505e-8  8.296402454826845
1.0265485843380103e-7  8.294223162326885
1.05429314067147e-7  8.346948193375237
1.0820376970049298e-7  8.343211900061064
1.1097822533383895e-7  8.350425490810478
1.1375268096718492e-7  8.329304698353004
1.165271366005309e-7  8.358639165266565
1.1930159223387688e-7  8.299268019243375
1.2207604786722285e-7  8.319565161054788
1.2485050350056882e-7  8.261691701515403
1.276249591339148e-7  8.363636129855612
1.3039941476726076e-7  8.3593008736235
1.3317387040060675e-7  8.378193826665392
1.3594832603395272e-7  8.34112434353859
1.387227816672987e-7  8.256735851284938
