2.774455633345974e-9  6.904597319609886
5.548911266691948e-9  6.9077516813954185
8.323366900037922e-9  6.902956211174817
1.1097822533383895e-8  6.907368241962468
1.3872278166729869e-8  6.902785159493663
1.6646733800075844e-8  6.90654315624341
1.9421189433421816e-8  6.899743296481016
2.219564506676779e-8  6.90183904451024
2.4970100700113762e-8  6.895898732444192
2.7744556333459737e-8  6.893123400747116
3.051901196680571e-8  6.909798548621951
3.329346760015169e-8  6.907912541014369
3.6067923233497656e-8  6.8765907578890975
3.884237886684363e-8  6.896019515121228
4.1616834500189606e-8  6.899376055647159
4.439129013353558e-8  6.885371908920847
4.7165745766881556e-8  6.917212236011046
4.9940201400227525e-8  6.866853232953843
5.27146570335735e-8  6.892078027638166
5.5489112666919475e-8  6.876803576923746
5.826356830026545e-8  6.8758060895129045
6.103802393361143e-8  6.929966033133973
6.38124795669574e-8  6.876342389997752
6.658693520030338e-8  6.898143271426359
6.936139083364934e-8  6.8941493102284355
7.213584646699531e-8  6.857319574095017
7.49103021003413e-8  6.879723713391358
7.768475773368726e-8  6.8564666726160155
8.045921336703324e-8  6.901438805120218
8.323366900037921e-8  6.85702913993243
8.600812463372518e-8  6.852545146923904
8.878258026707116e-8  6.886741060167418
9.155703590041713e-8  6.817291325005784
9.433149153376311e-8  6.851710141415395
9.710594716710908e-8  6.8705023243937715
9.988040280045505e-8  6.869785865045328
1.0265485843380103e-7  6.883821313105827
1.05429314067147e-7  6.855467820014149
1.0820376970049298e-7  6.910949282170447
1.1097822533383895e-7  6.884386117939026
1.1375268096718492e-7  6.819719031254374
1.165271366005309e-7  6.819115821437029
1.1930159223387688e-7  6.921964658350149
1.2207604786722285e-7  6.881428774671485
1.2485050350056882e-7  6.716359875411876
1.276249591339148e-7  6.899229979749513
1.3039941476726076e-7  6.907710515789359
1.3317387040060675e-7  6.891496619066793
1.3594832603395272e-7  6.932917442492597
1.387227816672987e-7  6.904640709357345
