2.774455633345974e-9  -0.5633932635455502
5.548911266691948e-9  -0.5633602014837608
8.323366900037922e-9  -0.5649765693454868
1.1097822533383895e-8  -0.5626211002431108
1.3872278166729869e-8  -0.5604576921996686
1.6646733800075844e-8  -0.5614398867387156
1.9421189433421816e-8  -0.5636690074016623
2.219564506676779e-8  -0.563521264154859
2.4970100700113762e-8  -0.5621121824890939
2.7744556333459737e-8  -0.5595597833975948
3.051901196680571e-8  -0.5646908476923507
3.329346760015169e-8  -0.5645589123404526
3.6067923233497656e-8  -0.5541161869805178
3.884237886684363e-8  -0.5719430995428793
4.1616834500189606e-8  -0.5664501919208419
4.439129013353558e-8  -0.5628214070734223
4.7165745766881556e-8  -0.5500705337612855
4.9940201400227525e-8  -0.5521298306593201
5.27146570335735e-8  -0.5662269700682335
5.5489112666919475e-8  -0.5562962617337789
5.826356830026545e-8  -0.5652196670184687
6.103802393361143e-8  -0.5708018174587927
6.38124795669574e-8  -0.5648777645682769
6.658693520030338e-8  -0.5652204292628675
6.936139083364934e-8  -0.5587778944715803
7.213584646699531e-8  -0.56161405083548
7.49103021003413e-8  -0.566081429965492
7.768475773368726e-8  -0.5669533654092956
8.045921336703324e-8  -0.5545785461479246
8.323366900037921e-8  -0.5600273395939529
8.600812463372518e-8  -0.5605775795916015
8.878258026707116e-8  -0.5533064640167205
9.155703590041713e-8  -0.5627419956450701
9.433149153376311e-8  -0.5564990845527327
9.710594716710908e-8  -0.5590716852500879
9.988040280045505e-8  -0.558964571218376
1.0265485843380103e-7  -0.5657121413320639
1.05429314067147e-7  -0.5415648937731934
1.0820376970049298e-7  -0.5627583194585668
1.1097822533383895e-7  -0.5742306139484107
1.1375268096718492e-7  -0.5732738756289983
1.165271366005309e-7  -0.5700708681899995
1.1930159223387688e-7  -0.5615739727705386
1.2207604786722285e-7  -0.5558243553860683
1.2485050350056882e-7  -0.5635252813320653
1.276249591339148e-7  -0.5713803009603877
1.3039941476726076e-7  -0.5636489452038236
1.3317387040060675e-7  -0.561263553020641
1.3594832603395272e-7  -0.5725665341344649
1.387227816672987e-7  -0.5642433109012455
