2.774455633345974e-9  1.3559696660375338
5.548911266691948e-9  1.3491005855984517
8.323366900037922e-9  1.3562655873623748
1.1097822533383895e-8  1.3525026267297031
1.3872278166729869e-8  1.356378805381865
1.6646733800075844e-8  1.3553024164415608
1.9421189433421816e-8  1.3581160329164805
2.219564506676779e-8  1.3604484895892097
2.4970100700113762e-8  1.3612672294722687
2.7744556333459737e-8  1.3559749125592753
3.051901196680571e-8  1.3752317499681328
3.329346760015169e-8  1.3559937639414068
3.6067923233497656e-8  1.351438706836342
3.884237886684363e-8  1.3597880079060793
4.1616834500189606e-8  1.363281348335142
4.439129013353558e-8  1.3746830536481691
4.7165745766881556e-8  1.391569893197512
4.9940201400227525e-8  1.399299272113336
5.27146570335735e-8  1.3720371136263434
5.5489112666919475e-8  1.3799312430328083
5.826356830026545e-8  1.3712297225309855
6.103802393361143e-8  1.3650536694411568
6.38124795669574e-8  1.374532207419201
6.658693520030338e-8  1.3389442183964155
6.936139083364934e-8  1.350324790914835
7.213584646699531e-8  1.3671893235346437
7.49103021003413e-8  1.349942581342804
7.768475773368726e-8  1.328676801764897
8.045921336703324e-8  1.340572786717302
8.323366900037921e-8  1.3354883179705155
8.600812463372518e-8  1.3525186353994376
8.878258026707116e-8  1.3297424987834967
9.155703590041713e-8  1.3423907639569186
9.433149153376311e-8  1.3747002420355896
9.710594716710908e-8  1.381691353234702
9.988040280045505e-8  1.3620992847351956
1.0265485843380103e-7  1.353746713101639
1.05429314067147e-7  1.3495971835586438
1.0820376970049298e-7  1.3792307061330562
1.1097822533383895e-7  1.3774559656865861
1.1375268096718492e-7  1.3694011614319797
1.165271366005309e-7  1.3784183144939397
1.1930159223387688e-7  1.394923867224453
1.2207604786722285e-7  1.3507763557294452
1.2485050350056882e-7  1.3715133442330192
1.276249591339148e-7  1.3551024718175702
1.3039941476726076e-7  1.3688188546427942
1.3317387040060675e-7  1.3579954213807028
1.3594832603395272e-7  1.3680715963168195
1.387227816672987e-7  1.3401280808911358
