2.774455633345974e-9  1.3819320962059625
5.548911266691948e-9  1.3814968223678856
8.323366900037922e-9  1.382654781969034
1.1097822533383895e-8  1.3801699815185922
1.3872278166729869e-8  1.3846776940987724
1.6646733800075844e-8  1.378269739031948
1.9421189433421816e-8  1.3843925429358197
2.219564506676779e-8  1.3942074436248273
2.4970100700113762e-8  1.3890976419055485
2.7744556333459737e-8  1.3832583820134428
3.051901196680571e-8  1.3855008359509786
3.329346760015169e-8  1.3965582859450858
3.6067923233497656e-8  1.4021311495331215
3.884237886684363e-8  1.4109923439754248
4.1616834500189606e-8  1.387737329498188
4.439129013353558e-8  1.3870000098265756
4.7165745766881556e-8  1.3802854265198925
4.9940201400227525e-8  1.3728885803981496
5.27146570335735e-8  1.3810682471724054
5.5489112666919475e-8  1.3858512490904036
5.826356830026545e-8  1.3805275812713373
6.103802393361143e-8  1.3901830432816265
6.38124795669574e-8  1.3796363721475033
6.658693520030338e-8  1.4233729508776356
6.936139083364934e-8  1.4136820089226216
7.213584646699531e-8  1.3913695396952934
7.49103021003413e-8  1.4297075157402335
7.768475773368726e-8  1.3980964891200376
8.045921336703324e-8  1.3804012856106298
8.323366900037921e-8  1.3849597929724173
8.600812463372518e-8  1.3787363282557972
8.878258026707116e-8  1.3816652255232977
9.155703590041713e-8  1.3895226818609314
9.433149153376311e-8  1.3723526450503862
9.710594716710908e-8  1.3864199117820937
9.988040280045505e-8  1.3548718746340618
1.0265485843380103e-7  1.3813525009089649
1.05429314067147e-7  1.3896614221088253
1.0820376970049298e-7  1.3647314374317647
1.1097822533383895e-7  1.366961328551447
1.1375268096718492e-7  1.3342347186870804
1.165271366005309e-7  1.3649635955822264
1.1930159223387688e-7  1.3743292091454535
1.2207604786722285e-7  1.4035162548433042
1.2485050350056882e-7  1.3834863792648049
1.276249591339148e-7  1.3820077513360276
1.3039941476726076e-7  1.3758347829347553
1.3317387040060675e-7  1.3968556391497422
1.3594832603395272e-7  1.3897005717150739
1.387227816672987e-7  1.360646474551013
