2.774455633345974e-9  39.76990429978023
5.548911266691948e-9  43.88240510887159
8.323366900037922e-9  46.360706682868916
1.1097822533383895e-8  48.088234703661705
1.3872278166729869e-8  49.42574682596978
1.6646733800075844e-8  50.521491215441195
1.9421189433421816e-8  51.44532442440377
2.219564506676779e-8  52.24717311209869
2.4970100700113762e-8  52.952682386089286
2.7744556333459737e-8  53.585730107969134
3.051901196680571e-8  54.15683651471375
3.329346760015169e-8  54.67676568176516
3.6067923233497656e-8  55.15893795128442
3.884237886684363e-8  55.600958775074346
4.1616834500189606e-8  56.01861752794366
4.439129013353558e-8  56.4053693559891
4.7165745766881556e-8  56.770700040309684
4.9940201400227525e-8  57.12684654447992
5.27146570335735e-8  57.43370848277768
5.5489112666919475e-8  57.745256182563665
5.826356830026545e-8  58.039995062677946
6.103802393361143e-8  58.31490755711569
6.38124795669574e-8  58.57934630988234
6.658693520030338e-8  58.83867858723312
6.936139083364934e-8  59.08475717322663
7.213584646699531e-8  59.317181733279924
7.49103021003413e-8  59.54384190124225
7.768475773368726e-8  59.764690616564735
8.045921336703324e-8  59.969185362915255
8.323366900037921e-8  60.17476838353529
8.600812463372518e-8  60.37081434688852
8.878258026707116e-8  60.56764704077982
9.155703590041713e-8  60.748508972256516
9.433149153376311e-8  60.92605630242957
9.710594716710908e-8  61.09937730534919
9.988040280045505e-8  61.27042267091477
1.0265485843380103e-7  61.432612845347705
1.05429314067147e-7  61.59475943066533
1.0820376970049298e-7  61.747829079737535
1.1097822533383895e-7  61.88511855197579
1.1375268096718492e-7  62.05371753385635
1.165271366005309e-7  62.203401992136826
1.1930159223387688e-7  62.33629512833098
1.2207604786722285e-7  62.47647315803553
1.2485050350056882e-7  62.609952452892166
1.276249591339148e-7  62.74371185622393
1.3039941476726076e-7  62.875556965056724
1.3317387040060675e-7  62.99989750668571
1.3594832603395272e-7  63.12190222974213
1.387227816672987e-7  63.24316919894471
