2.774455633345974e-9  0.02756784669069844
5.548911266691948e-9  0.026123877360245053
8.323366900037922e-9  0.02889772865116424
1.1097822533383895e-8  0.02930351015187755
1.3872278166729869e-8  0.03865296301725621
1.6646733800075844e-8  0.024333651771025273
1.9421189433421816e-8  0.028097511320038758
2.219564506676779e-8  0.03151388385846538
2.4970100700113762e-8  0.03363637275553027
2.7744556333459737e-8  0.028264302323925523
3.051901196680571e-8  0.03126269738799444
3.329346760015169e-8  0.032541785179792795
3.6067923233497656e-8  0.025730764684134898
3.884237886684363e-8  0.03306737365948424
4.1616834500189606e-8  0.028113718340458442
4.439129013353558e-8  0.022301391192138295
4.7165745766881556e-8  0.025315042980834233
4.9940201400227525e-8  0.027268233459334833
5.27146570335735e-8  0.03695884282290515
5.5489112666919475e-8  0.04560290863081685
5.826356830026545e-8  0.025773282945485428
6.103802393361143e-8  0.01739007353837984
6.38124795669574e-8  0.030495490864700395
6.658693520030338e-8  0.019687219815362724
6.936139083364934e-8  0.04301836667120651
7.213584646699531e-8  0.027751306453365137
7.49103021003413e-8  0.04083188367627391
7.768475773368726e-8  0.03723475276243295
8.045921336703324e-8  0.0386869738274915
8.323366900037921e-8  0.020127986997671966
8.600812463372518e-8  0.0212537183186408
8.878258026707116e-8  -0.006069436043443501
9.155703590041713e-8  0.029817789491782317
9.433149153376311e-8  0.0027217633442624648
9.710594716710908e-8  0.02310023414891823
9.988040280045505e-8  0.018698587004482313
1.0265485843380103e-7  0.040090127947552436
1.05429314067147e-7  0.02685659478508842
1.0820376970049298e-7  0.046528372065338046
1.1097822533383895e-7  0.028736845265744115
1.1375268096718492e-7  0.012117421468685411
1.165271366005309e-7  0.010315152460212786
1.1930159223387688e-7  0.02055418462945292
1.2207604786722285e-7  0.009344963323070929
1.2485050350056882e-7  0.017392235297982134
1.276249591339148e-7  0.015680450268065263
1.3039941476726076e-7  0.014627242930695238
1.3317387040060675e-7  0.02958699508641003
1.3594832603395272e-7  0.03476044943991349
1.387227816672987e-7  0.031776347364387905
