2.774455633345974e-9  -0.5505338505653894
5.548911266691948e-9  -0.5523209058187828
8.323366900037922e-9  -0.5503907560747459
1.1097822533383895e-8  -0.5496187556537979
1.3872278166729869e-8  -0.5473839190934886
1.6646733800075844e-8  -0.5494387084492137
1.9421189433421816e-8  -0.5493065313306311
2.219564506676779e-8  -0.5462994948702402
2.4970100700113762e-8  -0.5353221289140354
2.7744556333459737e-8  -0.5469831943199404
3.051901196680571e-8  -0.5429463998849111
3.329346760015169e-8  -0.5510062212378062
3.6067923233497656e-8  -0.5564299028449206
3.884237886684363e-8  -0.5520450749293495
4.1616834500189606e-8  -0.5452803584322957
4.439129013353558e-8  -0.5499637410726224
4.7165745766881556e-8  -0.541799006859098
4.9940201400227525e-8  -0.5271594413819457
5.27146570335735e-8  -0.5251040900672441
5.5489112666919475e-8  -0.5448510580760055
5.826356830026545e-8  -0.5507219573708453
6.103802393361143e-8  -0.5505522660845081
6.38124795669574e-8  -0.5599616130223277
6.658693520030338e-8  -0.5642622302083993
6.936139083364934e-8  -0.557258928563929
7.213584646699531e-8  -0.5562602356366758
7.49103021003413e-8  -0.5617483113615124
7.768475773368726e-8  -0.5653258430810627
8.045921336703324e-8  -0.559727016475317
8.323366900037921e-8  -0.5462425457956014
8.600812463372518e-8  -0.5447075696496734
8.878258026707116e-8  -0.5542198047151369
9.155703590041713e-8  -0.5482296033578851
9.433149153376311e-8  -0.546423241703756
9.710594716710908e-8  -0.5420701803831839
9.988040280045505e-8  -0.5352700430255215
1.0265485843380103e-7  -0.5478808955191747
1.05429314067147e-7  -0.5475509653464439
1.0820376970049298e-7  -0.5536856648327447
1.1097822533383895e-7  -0.5382489780077053
1.1375268096718492e-7  -0.542459284257628
1.165271366005309e-7  -0.5542987093995049
1.1930159223387688e-7  -0.5531827088291137
1.2207604786722285e-7  -0.554451391113653
1.2485050350056882e-7  -0.5684001032060099
1.276249591339148e-7  -0.5581692261963392
1.3039941476726076e-7  -0.5656241794519846
1.3317387040060675e-7  -0.5671260071370116
1.3594832603395272e-7  -0.578695284003182
1.387227816672987e-7  -0.589602073495321
