2.774455633345974e-9  1.294335697061476
5.548911266691948e-9  1.2839267794957494
8.323366900037922e-9  1.283353538068833
1.1097822533383895e-8  1.2871207909397502
1.3872278166729869e-8  1.2883278068464503
1.6646733800075844e-8  1.2861065939931153
1.9421189433421816e-8  1.2850826679035614
2.219564506676779e-8  1.2842684786362333
2.4970100700113762e-8  1.291770945165757
2.7744556333459737e-8  1.28820911041532
3.051901196680571e-8  1.2945113189395239
3.329346760015169e-8  1.2933885577153426
3.6067923233497656e-8  1.294609812489021
3.884237886684363e-8  1.2849154997818175
4.1616834500189606e-8  1.290601498289268
4.439129013353558e-8  1.2878590776364771
4.7165745766881556e-8  1.292268955249646
4.9940201400227525e-8  1.3002704515847379
5.27146570335735e-8  1.301336315572266
5.5489112666919475e-8  1.3009067065412943
5.826356830026545e-8  1.3048569973648694
6.103802393361143e-8  1.2940858319942683
6.38124795669574e-8  1.3048713448601232
6.658693520030338e-8  1.3078255895603976
6.936139083364934e-8  1.266489164476638
7.213584646699531e-8  1.2922769084392332
7.49103021003413e-8  1.298104662179378
7.768475773368726e-8  1.2795076305203825
8.045921336703324e-8  1.2791155145532187
8.323366900037921e-8  1.2938294324989934
8.600812463372518e-8  1.2669756863193538
8.878258026707116e-8  1.2998104345043588
9.155703590041713e-8  1.308115532516504
9.433149153376311e-8  1.3037423584289085
9.710594716710908e-8  1.3029497404926764
9.988040280045505e-8  1.3420012447794891
1.0265485843380103e-7  1.311576316311245
1.05429314067147e-7  1.3324325453388728
1.0820376970049298e-7  1.288610013563945
1.1097822533383895e-7  1.297154851519305
1.1375268096718492e-7  1.3083979883469163
1.165271366005309e-7  1.347389865966913
1.1930159223387688e-7  1.2824784687734347
1.2207604786722285e-7  1.296267989581131
1.2485050350056882e-7  1.2997833739101912
1.276249591339148e-7  1.302785061437147
1.3039941476726076e-7  1.2831935595609782
1.3317387040060675e-7  1.2828443699134624
1.3594832603395272e-7  1.2905900766154754
1.387227816672987e-7  1.2763195980059439
