2.774455633345974e-9  2.136686031949127
5.548911266691948e-9  2.1369245678778253
8.323366900037922e-9  2.136444030502611
1.1097822533383895e-8  2.14045056880674
1.3872278166729869e-8  2.1381703032211425
1.6646733800075844e-8  2.145374469886032
1.9421189433421816e-8  2.1411152822409742
2.219564506676779e-8  2.147766601109046
2.4970100700113762e-8  2.157463939144016
2.7744556333459737e-8  2.157748716298785
3.051901196680571e-8  2.1413919152546765
3.329346760015169e-8  2.1500944669758466
3.6067923233497656e-8  2.1420940250003193
3.884237886684363e-8  2.1567009074576413
4.1616834500189606e-8  2.1484048959582434
4.439129013353558e-8  2.1469084392154745
4.7165745766881556e-8  2.150603486005537
4.9940201400227525e-8  2.1147875368050766
5.27146570335735e-8  2.120894505521371
5.5489112666919475e-8  2.1554506906298214
5.826356830026545e-8  2.169057668031172
6.103802393361143e-8  2.13426690223708
6.38124795669574e-8  2.162309146177285
6.658693520030338e-8  2.156846191527878
6.936139083364934e-8  2.168507647068251
7.213584646699531e-8  2.13300135706726
7.49103021003413e-8  2.107126900938483
7.768475773368726e-8  2.128262077838967
8.045921336703324e-8  2.1296067096612497
8.323366900037921e-8  2.1356439102769302
8.600812463372518e-8  2.1227600880229835
8.878258026707116e-8  2.169156029789993
9.155703590041713e-8  2.1972000835576484
9.433149153376311e-8  2.201376396122323
9.710594716710908e-8  2.1944626121355273
9.988040280045505e-8  2.1554455912384283
1.0265485843380103e-7  2.111361362932312
1.05429314067147e-7  2.17419046254336
1.0820376970049298e-7  2.1545701118518674
1.1097822533383895e-7  2.133113862282709
1.1375268096718492e-7  2.139175272974735
1.165271366005309e-7  2.145903649885117
1.1930159223387688e-7  2.1203467545985855
1.2207604786722285e-7  2.1136025118421435
1.2485050350056882e-7  2.1303217784074535
1.276249591339148e-7  2.089207102454138
1.3039941476726076e-7  2.131189313053216
1.3317387040060675e-7  2.104946108387159
1.3594832603395272e-7  2.0906544844348223
1.387227816672987e-7  2.104019786915781
