2.774455633345974e-9  31.8376782263259
5.548911266691948e-9  35.99130938583864
8.323366900037922e-9  38.4244778204007
1.1097822533383895e-8  40.15124691784947
1.3872278166729869e-8  41.49360536191623
1.6646733800075844e-8  42.58311744118134
1.9421189433421816e-8  43.50866217844879
2.219564506676779e-8  44.30890082278654
2.4970100700113762e-8  45.01042343218766
2.7744556333459737e-8  45.649251969845395
3.051901196680571e-8  46.23193937759536
3.329346760015169e-8  46.74424554044438
3.6067923233497656e-8  47.22227467963208
3.884237886684363e-8  47.66471888243771
4.1616834500189606e-8  48.08047359409539
4.439129013353558e-8  48.46840280836586
4.7165745766881556e-8  48.79441997783128
4.9940201400227525e-8  49.174907606302185
5.27146570335735e-8  49.50119187642026
5.5489112666919475e-8  49.80819436391068
5.826356830026545e-8  50.0999262195821
6.103802393361143e-8  50.38000465904565
6.38124795669574e-8  50.648495107667635
6.658693520030338e-8  50.90125510961679
6.936139083364934e-8  51.14559310867728
7.213584646699531e-8  51.381074851316406
7.49103021003413e-8  51.607660578543715
7.768475773368726e-8  51.82537998414352
8.045921336703324e-8  52.036517076465046
8.323366900037921e-8  52.24205410199717
8.600812463372518e-8  52.442293691850566
8.878258026707116e-8  52.61668990036861
9.155703590041713e-8  52.812586956745264
9.433149153376311e-8  52.99071772789774
9.710594716710908e-8  53.165637063313305
9.988040280045505e-8  53.334080428773085
1.0265485843380103e-7  53.49885695103814
1.05429314067147e-7  53.65761032111439
1.0820376970049298e-7  53.81667623616844
1.1097822533383895e-7  53.97042313767876
1.1375268096718492e-7  54.111698991602715
1.165271366005309e-7  54.259873953224194
1.1930159223387688e-7  54.400401875121425
1.2207604786722285e-7  54.53939227244662
1.2485050350056882e-7  54.67362360934348
1.276249591339148e-7  54.807856762506724
1.3039941476726076e-7  54.93338294469821
1.3317387040060675e-7  55.05961761212472
1.3594832603395272e-7  55.1811596251375
1.387227816672987e-7  55.30098200065841
