2.774455633345974e-9  3.59660443455479
5.548911266691948e-9  3.597924072512267
8.323366900037922e-9  3.5981276203638215
1.1097822533383895e-8  3.599846465391704
1.3872278166729869e-8  3.6004685247809434
1.6646733800075844e-8  3.597168877642671
1.9421189433421816e-8  3.6090791395786077
2.219564506676779e-8  3.6090490039478653
2.4970100700113762e-8  3.6121549898193437
2.7744556333459737e-8  3.6002717180677
3.051901196680571e-8  3.6262692024152257
3.329346760015169e-8  3.6200010910315763
3.6067923233497656e-8  3.620032625490434
3.884237886684363e-8  3.625171661398901
4.1616834500189606e-8  3.6447514270403163
4.439129013353558e-8  3.636555218326762
4.7165745766881556e-8  3.6695253946012705
4.9940201400227525e-8  3.6592744953985457
5.27146570335735e-8  3.6431147099471586
5.5489112666919475e-8  3.6273303086290447
5.826356830026545e-8  3.6583237749085273
6.103802393361143e-8  3.613035637955417
6.38124795669574e-8  3.6158608605679863
6.658693520030338e-8  3.6319928235034706
6.936139083364934e-8  3.637669419725968
7.213584646699531e-8  3.608696360738086
7.49103021003413e-8  3.610298877533388
7.768475773368726e-8  3.656968574649481
8.045921336703324e-8  3.614183433931532
8.323366900037921e-8  3.599376888416013
8.600812463372518e-8  3.623056326204661
8.878258026707116e-8  3.644708700568429
9.155703590041713e-8  3.6161615097575845
9.433149153376311e-8  3.6170160629371857
9.710594716710908e-8  3.6194625095625264
9.988040280045505e-8  3.5917299495902055
1.0265485843380103e-7  3.5829937420847355
1.05429314067147e-7  3.6390953505207677
1.0820376970049298e-7  3.6487428027147737
1.1097822533383895e-7  3.6196412585630484
1.1375268096718492e-7  3.6175859669278174
1.165271366005309e-7  3.649658466524857
1.1930159223387688e-7  3.675188487943383
1.2207604786722285e-7  3.63025402863954
1.2485050350056882e-7  3.5784333598426405
1.276249591339148e-7  3.677052784753075
1.3039941476726076e-7  3.5650961906639984
1.3317387040060675e-7  3.6950173499607755
1.3594832603395272e-7  3.653430865753951
1.387227816672987e-7  3.591885231727517
