2.774455633345974e-9  -0.674401473335615
5.548911266691948e-9  -0.6739963847598223
8.323366900037922e-9  -0.674524176079192
1.1097822533383895e-8  -0.6736105161166319
1.3872278166729869e-8  -0.6756905517182851
1.6646733800075844e-8  -0.6736229605216595
1.9421189433421816e-8  -0.6746600942414672
2.219564506676779e-8  -0.6716920921146394
2.4970100700113762e-8  -0.6737581789884252
2.7744556333459737e-8  -0.6728428816635087
3.051901196680571e-8  -0.6771381897137936
3.329346760015169e-8  -0.67418247511616
3.6067923233497656e-8  -0.675005322753844
3.884237886684363e-8  -0.6711745713206638
4.1616834500189606e-8  -0.6693006951305777
4.439129013353558e-8  -0.6687878734916721
4.7165745766881556e-8  -0.6773578363931253
4.9940201400227525e-8  -0.6760653970293903
5.27146570335735e-8  -0.6744609829820151
5.5489112666919475e-8  -0.6698094652751084
5.826356830026545e-8  -0.6777456049189587
6.103802393361143e-8  -0.6769461450602572
6.38124795669574e-8  -0.6643231372240253
6.658693520030338e-8  -0.6696660176347792
6.936139083364934e-8  -0.6768829766734963
7.213584646699531e-8  -0.6635781387099977
7.49103021003413e-8  -0.6671063299896705
7.768475773368726e-8  -0.6712039033697785
8.045921336703324e-8  -0.6678398875256228
8.323366900037921e-8  -0.6694648850749505
8.600812463372518e-8  -0.6718342060426731
8.878258026707116e-8  -0.6739749737661614
9.155703590041713e-8  -0.6671643162081171
9.433149153376311e-8  -0.6726370376159312
9.710594716710908e-8  -0.6710829737537907
9.988040280045505e-8  -0.674240269176378
1.0265485843380103e-7  -0.6697764680792172
1.05429314067147e-7  -0.6685494953521767
1.0820376970049298e-7  -0.6726508236387124
1.1097822533383895e-7  -0.6663386827771169
1.1375268096718492e-7  -0.6617739559380852
1.165271366005309e-7  -0.6711853928211501
1.1930159223387688e-7  -0.6662866444111589
1.2207604786722285e-7  -0.6644673610021729
1.2485050350056882e-7  -0.6684862963580667
1.276249591339148e-7  -0.6666302822328425
1.3039941476726076e-7  -0.6597296145286851
1.3317387040060675e-7  -0.6659596804408894
1.3594832603395272e-7  -0.6759019604732964
1.387227816672987e-7  -0.6740687822506392
