2.774455633345974e-9  -0.6145431014771024
5.548911266691948e-9  -0.6155165179594425
8.323366900037922e-9  -0.6150829549204371
1.1097822533383895e-8  -0.6185269910142241
1.3872278166729869e-8  -0.6166492565828008
1.6646733800075844e-8  -0.6179241170051123
1.9421189433421816e-8  -0.6167079639039174
2.219564506676779e-8  -0.621587358903743
2.4970100700113762e-8  -0.6179738878784279
2.7744556333459737e-8  -0.6148857803402714
3.051901196680571e-8  -0.6197358105534575
3.329346760015169e-8  -0.6157889653507722
3.6067923233497656e-8  -0.6140249417320651
3.884237886684363e-8  -0.6161682078384518
4.1616834500189606e-8  -0.616471372647988
4.439129013353558e-8  -0.6196833841628722
4.7165745766881556e-8  -0.6193699876660567
4.9940201400227525e-8  -0.6166181928264276
5.27146570335735e-8  -0.6166798341774528
5.5489112666919475e-8  -0.618449626453505
5.826356830026545e-8  -0.6143602557964154
6.103802393361143e-8  -0.6102785871789754
6.38124795669574e-8  -0.6151990643896071
6.658693520030338e-8  -0.6172510987687695
6.936139083364934e-8  -0.6112610099050237
7.213584646699531e-8  -0.6170678403873847
7.49103021003413e-8  -0.6143535345291937
7.768475773368726e-8  -0.613229974076848
8.045921336703324e-8  -0.6140201633122974
8.323366900037921e-8  -0.6151784130869061
8.600812463372518e-8  -0.6127056308340355
8.878258026707116e-8  -0.6133723044677929
9.155703590041713e-8  -0.6173335902443686
9.433149153376311e-8  -0.6159239499700069
9.710594716710908e-8  -0.6182677271073127
9.988040280045505e-8  -0.6175867180973678
1.0265485843380103e-7  -0.6110177483151329
1.05429314067147e-7  -0.614282499120371
1.0820376970049298e-7  -0.6157029886672131
1.1097822533383895e-7  -0.6161709396878663
1.1375268096718492e-7  -0.6145316266394453
1.165271366005309e-7  -0.607621133723292
1.1930159223387688e-7  -0.605619210874656
1.2207604786722285e-7  -0.6164148554483454
1.2485050350056882e-7  -0.6123733048849231
1.276249591339148e-7  -0.6137697293846585
1.3039941476726076e-7  -0.6128200292643904
1.3317387040060675e-7  -0.6091647053155053
1.3594832603395272e-7  -0.6102325608643352
1.387227816672987e-7  -0.6102748063007634
