2.774455633345974e-9  -0.5059693375141191
5.548911266691948e-9  -0.5046300006979423
8.323366900037922e-9  -0.5064153552203821
1.1097822533383895e-8  -0.5068659644284489
1.3872278166729869e-8  -0.508292708328939
1.6646733800075844e-8  -0.5090693275300129
1.9421189433421816e-8  -0.5109073491634415
2.219564506676779e-8  -0.509092581321542
2.4970100700113762e-8  -0.5079274549493396
2.7744556333459737e-8  -0.5042306080795573
3.051901196680571e-8  -0.5101116443884287
3.329346760015169e-8  -0.5077973410245964
3.6067923233497656e-8  -0.5068121787207869
3.884237886684363e-8  -0.5113565058767789
4.1616834500189606e-8  -0.5107891219763636
4.439129013353558e-8  -0.5062997156660078
4.7165745766881556e-8  -0.5060198332721036
4.9940201400227525e-8  -0.5052160984967725
5.27146570335735e-8  -0.5040454249976358
5.5489112666919475e-8  -0.5054286164899014
5.826356830026545e-8  -0.5059410369908641
6.103802393361143e-8  -0.5059711224280045
6.38124795669574e-8  -0.5034169831789436
6.658693520030338e-8  -0.5057638933615144
6.936139083364934e-8  -0.5085905076018291
7.213584646699531e-8  -0.5055660667121669
7.49103021003413e-8  -0.5001705833186303
7.768475773368726e-8  -0.509689491521319
8.045921336703324e-8  -0.5002332380564919
8.323366900037921e-8  -0.5031318774178603
8.600812463372518e-8  -0.5024015676607937
8.878258026707116e-8  -0.5048208448095899
9.155703590041713e-8  -0.4990237508936972
9.433149153376311e-8  -0.4959059349668433
9.710594716710908e-8  -0.5019687493424712
9.988040280045505e-8  -0.5011551971952678
1.0265485843380103e-7  -0.5042884724198367
1.05429314067147e-7  -0.5006220806995868
1.0820376970049298e-7  -0.5081214782185406
1.1097822533383895e-7  -0.4930814896774912
1.1375268096718492e-7  -0.504698063323965
1.165271366005309e-7  -0.5034673372427313
1.1930159223387688e-7  -0.5036005730593027
1.2207604786722285e-7  -0.5022603093751761
1.2485050350056882e-7  -0.5007185760698716
1.276249591339148e-7  -0.501116036864512
1.3039941476726076e-7  -0.5084420638152843
1.3317387040060675e-7  -0.502270945402664
1.3594832603395272e-7  -0.5045845951016731
1.387227816672987e-7  -0.4999060863009497
