2.774455633345974e-9  -0.9973825761848534
5.548911266691948e-9  -0.9967973179021057
8.323366900037922e-9  -0.9971771692029229
1.1097822533383895e-8  -0.9981871725904459
1.3872278166729869e-8  -0.996971035864144
1.6646733800075844e-8  -0.9976846664876365
1.9421189433421816e-8  -0.9983169360641376
2.219564506676779e-8  -0.9954938660885474
2.4970100700113762e-8  -0.9978313403349707
2.7744556333459737e-8  -0.9969190010647503
3.051901196680571e-8  -1.0010974738004523
3.329346760015169e-8  -0.9991217165360906
3.6067923233497656e-8  -0.9888907785444655
3.884237886684363e-8  -0.9945143638666076
4.1616834500189606e-8  -0.9973046346505059
4.439129013353558e-8  -0.994018012580725
4.7165745766881556e-8  -0.9946419763003685
4.9940201400227525e-8  -0.9984158297393767
5.27146570335735e-8  -1.0036110508922476
5.5489112666919475e-8  -0.9956163462518979
5.826356830026545e-8  -1.0028791410901219
6.103802393361143e-8  -0.9933376118950485
6.38124795669574e-8  -0.9956012019572247
6.658693520030338e-8  -0.9794010095059332
6.936139083364934e-8  -0.971044322882787
7.213584646699531e-8  -0.987289815868375
7.49103021003413e-8  -0.9931238796307775
7.768475773368726e-8  -0.9987960823543783
8.045921336703324e-8  -0.9985635785577066
8.323366900037921e-8  -0.9990261426114444
8.600812463372518e-8  -0.978350602292295
8.878258026707116e-8  -0.9911214705731806
9.155703590041713e-8  -0.9933546845151476
9.433149153376311e-8  -0.9867705817940341
9.710594716710908e-8  -0.9811469680559768
9.988040280045505e-8  -0.9878058890194896
1.0265485843380103e-7  -0.9888004533069479
1.05429314067147e-7  -1.0042857303174062
1.0820376970049298e-7  -0.9917778697957259
1.1097822533383895e-7  -0.9918816890761429
1.1375268096718492e-7  -0.9895557379624538
1.165271366005309e-7  -0.9878954248091485
1.1930159223387688e-7  -0.9869640820248632
1.2207604786722285e-7  -0.9789133476779979
1.2485050350056882e-7  -0.9934559101832168
1.276249591339148e-7  -0.9992440388625732
1.3039941476726076e-7  -0.9712569388858707
1.3317387040060675e-7  -0.9893724313383855
1.3594832603395272e-7  -0.9869691033061071
1.387227816672987e-7  -0.9823454241469759
