2.774455633345974e-9  -0.9406039228722933
5.548911266691948e-9  -0.9414972011851397
8.323366900037922e-9  -0.9462962891166772
1.1097822533383895e-8  -0.9420861225904661
1.3872278166729869e-8  -0.9388754099379545
1.6646733800075844e-8  -0.9454372924083124
1.9421189433421816e-8  -0.9375681950998972
2.219564506676779e-8  -0.9327049711281874
2.4970100700113762e-8  -0.9348346122659851
2.7744556333459737e-8  -0.9274185391200271
3.051901196680571e-8  -0.9411832673858211
3.329346760015169e-8  -0.9412647193803703
3.6067923233497656e-8  -0.9349553404043908
3.884237886684363e-8  -0.9316754995770686
4.1616834500189606e-8  -0.9376338377413148
4.439129013353558e-8  -0.9381697182429034
4.7165745766881556e-8  -0.9362025793999552
4.9940201400227525e-8  -0.9415113947249141
5.27146570335735e-8  -0.9288777348820276
5.5489112666919475e-8  -0.9248622117730496
5.826356830026545e-8  -0.9345037162975589
6.103802393361143e-8  -0.9357741227836076
6.38124795669574e-8  -0.9358209205883443
6.658693520030338e-8  -0.9388314302145105
6.936139083364934e-8  -0.9389714674653432
7.213584646699531e-8  -0.9320664424707292
7.49103021003413e-8  -0.9264885150230652
7.768475773368726e-8  -0.9271488321620355
8.045921336703324e-8  -0.9186136876535584
8.323366900037921e-8  -0.9225420418692897
8.600812463372518e-8  -0.9206724740073218
8.878258026707116e-8  -0.9374339309764675
9.155703590041713e-8  -0.9299049324099605
9.433149153376311e-8  -0.9281713683177386
9.710594716710908e-8  -0.9364989648632078
9.988040280045505e-8  -0.9359254326647947
1.0265485843380103e-7  -0.9289647528210243
1.05429314067147e-7  -0.9308079822985549
1.0820376970049298e-7  -0.936520518717225
1.1097822533383895e-7  -0.9308509673176172
1.1375268096718492e-7  -0.9302314714640463
1.165271366005309e-7  -0.9253122723463924
1.1930159223387688e-7  -0.9322248158776857
1.2207604786722285e-7  -0.9312411338693138
1.2485050350056882e-7  -0.9214356102529324
1.276249591339148e-7  -0.9322754817556528
1.3039941476726076e-7  -0.9323162237154756
1.3317387040060675e-7  -0.9434001464146115
1.3594832603395272e-7  -0.9352567052534516
1.387227816672987e-7  -0.9361404024468373
