2.774455633345974e-9  -0.4984006908997966
5.548911266691948e-9  -0.4974768272130341
8.323366900037922e-9  -0.4967085844668671
1.1097822533383895e-8  -0.4975112327194142
1.3872278166729869e-8  -0.4974283739031175
1.6646733800075844e-8  -0.49872920607771276
1.9421189433421816e-8  -0.4993545671872192
2.219564506676779e-8  -0.4959497778003306
2.4970100700113762e-8  -0.5003547181079244
2.7744556333459737e-8  -0.4920482790566577
3.051901196680571e-8  -0.4980426240147463
3.329346760015169e-8  -0.4941802184404505
3.6067923233497656e-8  -0.49750753242634854
3.884237886684363e-8  -0.49855231471360073
4.1616834500189606e-8  -0.4970476477512161
4.439129013353558e-8  -0.49559661890431944
4.7165745766881556e-8  -0.49706352146312155
4.9940201400227525e-8  -0.49865773220773707
5.27146570335735e-8  -0.5006832041095305
5.5489112666919475e-8  -0.492722864391889
5.826356830026545e-8  -0.48878229870864304
6.103802393361143e-8  -0.5000485019223537
6.38124795669574e-8  -0.4991213326525541
6.658693520030338e-8  -0.4927509800512255
6.936139083364934e-8  -0.4903007159264489
7.213584646699531e-8  -0.4927669625845666
7.49103021003413e-8  -0.5013572695351085
7.768475773368726e-8  -0.49611340511016244
8.045921336703324e-8  -0.5018280245850371
8.323366900037921e-8  -0.5005421906590936
8.600812463372518e-8  -0.49324715591300006
8.878258026707116e-8  -0.49445106055896143
9.155703590041713e-8  -0.4953672227366316
9.433149153376311e-8  -0.4985393678116737
9.710594716710908e-8  -0.49567972717412156
9.988040280045505e-8  -0.497215952094629
1.0265485843380103e-7  -0.49806808670647884
1.05429314067147e-7  -0.5018065786446575
1.0820376970049298e-7  -0.4980176687212848
1.1097822533383895e-7  -0.49363129918001003
1.1375268096718492e-7  -0.49287675337350934
1.165271366005309e-7  -0.49371576545136797
1.1930159223387688e-7  -0.4923486020587267
1.2207604786722285e-7  -0.49383175447232347
1.2485050350056882e-7  -0.48777504758316326
1.276249591339148e-7  -0.491337143156472
1.3039941476726076e-7  -0.49039818500142995
1.3317387040060675e-7  -0.4908745555266876
1.3594832603395272e-7  -0.4903179486250379
1.387227816672987e-7  -0.4878025796037921
