2.774455633345974e-9  -0.651036035518347
5.548911266691948e-9  -0.6499803652167236
8.323366900037922e-9  -0.651367761506212
1.1097822533383895e-8  -0.6498175115105786
1.3872278166729869e-8  -0.6504465668221927
1.6646733800075844e-8  -0.6500114079830415
1.9421189433421816e-8  -0.6504280853261174
2.219564506676779e-8  -0.6502786902367286
2.4970100700113762e-8  -0.6505013073457
2.7744556333459737e-8  -0.6513353002193172
3.051901196680571e-8  -0.6497978996106792
3.329346760015169e-8  -0.6511541569328265
3.6067923233497656e-8  -0.6518569756133245
3.884237886684363e-8  -0.6526955656082543
4.1616834500189606e-8  -0.6518030495469258
4.439129013353558e-8  -0.6499672819530888
4.7165745766881556e-8  -0.6513861726632392
4.9940201400227525e-8  -0.6494979461836222
5.27146570335735e-8  -0.6460484890354765
5.5489112666919475e-8  -0.6496898793706681
5.826356830026545e-8  -0.649317899246949
6.103802393361143e-8  -0.6513791065020005
6.38124795669574e-8  -0.6529263530516063
6.658693520030338e-8  -0.6474531218514796
6.936139083364934e-8  -0.6507152973298662
7.213584646699531e-8  -0.64575659764494
7.49103021003413e-8  -0.6469768108805147
7.768475773368726e-8  -0.6485274759255939
8.045921336703324e-8  -0.6506011357168954
8.323366900037921e-8  -0.6521555201135422
8.600812463372518e-8  -0.6411976787287786
8.878258026707116e-8  -0.649716431564141
9.155703590041713e-8  -0.649134179517477
9.433149153376311e-8  -0.6472590222693341
9.710594716710908e-8  -0.6464511741531987
9.988040280045505e-8  -0.642409299442722
1.0265485843380103e-7  -0.6454330083893136
1.05429314067147e-7  -0.6480712860338398
1.0820376970049298e-7  -0.6487391011410496
1.1097822533383895e-7  -0.6501213814717766
1.1375268096718492e-7  -0.6398056721163493
1.165271366005309e-7  -0.6488638293626524
1.1930159223387688e-7  -0.6480742515655339
1.2207604786722285e-7  -0.6496913199275317
1.2485050350056882e-7  -0.6476536964027709
1.276249591339148e-7  -0.6491321648903642
1.3039941476726076e-7  -0.6454675893608348
1.3317387040060675e-7  -0.6504609746241852
1.3594832603395272e-7  -0.6507774101337962
1.387227816672987e-7  -0.6531656413621408
