2.774455633345974e-9  -0.8089332355029307
5.548911266691948e-9  -0.8092225227491024
8.323366900037922e-9  -0.8099194718238519
1.1097822533383895e-8  -0.8120660504745618
1.3872278166729869e-8  -0.8114869193714478
1.6646733800075844e-8  -0.8099090874543634
1.9421189433421816e-8  -0.8101213185446261
2.219564506676779e-8  -0.8158800344623682
2.4970100700113762e-8  -0.8163819556906893
2.7744556333459737e-8  -0.8101608197998499
3.051901196680571e-8  -0.8149443595716209
3.329346760015169e-8  -0.8107253509200277
3.6067923233497656e-8  -0.8077386196930734
3.884237886684363e-8  -0.806424242771178
4.1616834500189606e-8  -0.8092458682938057
4.439129013353558e-8  -0.8077622175517367
4.7165745766881556e-8  -0.8218398639139041
4.9940201400227525e-8  -0.8168959461712685
5.27146570335735e-8  -0.8137655992567953
5.5489112666919475e-8  -0.8070881527547163
5.826356830026545e-8  -0.8099423577542679
6.103802393361143e-8  -0.8056718692451649
6.38124795669574e-8  -0.8050971272613779
6.658693520030338e-8  -0.8081650625688858
6.936139083364934e-8  -0.809686283912047
7.213584646699531e-8  -0.7995185103976614
7.49103021003413e-8  -0.8057749659001437
7.768475773368726e-8  -0.8072275327879106
8.045921336703324e-8  -0.806735541475005
8.323366900037921e-8  -0.7988896781898374
8.600812463372518e-8  -0.8075547075723438
8.878258026707116e-8  -0.8139956243469548
9.155703590041713e-8  -0.8024071425322945
9.433149153376311e-8  -0.81037773901686
9.710594716710908e-8  -0.8046963960288266
9.988040280045505e-8  -0.8113665883946156
1.0265485843380103e-7  -0.7957920207346945
1.05429314067147e-7  -0.8107859089251719
1.0820376970049298e-7  -0.8050318317710992
1.1097822533383895e-7  -0.8060751133026769
1.1375268096718492e-7  -0.8055395821932558
1.165271366005309e-7  -0.8033261482120189
1.1930159223387688e-7  -0.801196198379567
1.2207604786722285e-7  -0.7993627395605756
1.2485050350056882e-7  -0.8085759106803128
1.276249591339148e-7  -0.7939558022114935
1.3039941476726076e-7  -0.7951556257030438
1.3317387040060675e-7  -0.797195099708868
1.3594832603395272e-7  -0.7956395855361476
1.387227816672987e-7  -0.7995180418275926
