2.774455633345974e-9  -0.6978980608452275
5.548911266691948e-9  -0.6980321498472388
8.323366900037922e-9  -0.6995561247303821
1.1097822533383895e-8  -0.6969430347872624
1.3872278166729869e-8  -0.7031753565972397
1.6646733800075844e-8  -0.6960545864685762
1.9421189433421816e-8  -0.6947893494517202
2.219564506676779e-8  -0.6955533524367608
2.4970100700113762e-8  -0.6906119958152965
2.7744556333459737e-8  -0.692794561363189
3.051901196680571e-8  -0.7015867125983405
3.329346760015169e-8  -0.6989922411476632
3.6067923233497656e-8  -0.6871002306918983
3.884237886684363e-8  -0.6888262256586332
4.1616834500189606e-8  -0.695915238467566
4.439129013353558e-8  -0.6901142367256785
4.7165745766881556e-8  -0.6968740820911238
4.9940201400227525e-8  -0.69735766616656
5.27146570335735e-8  -0.67999345416126
5.5489112666919475e-8  -0.6949937940677938
5.826356830026545e-8  -0.696886219095858
6.103802393361143e-8  -0.6930390957617201
6.38124795669574e-8  -0.6881535505259434
6.658693520030338e-8  -0.6896321279471287
6.936139083364934e-8  -0.6875137172242093
7.213584646699531e-8  -0.6945653840650118
7.49103021003413e-8  -0.6896948256685286
7.768475773368726e-8  -0.6860106728897939
8.045921336703324e-8  -0.6908008910031302
8.323366900037921e-8  -0.686873045731863
8.600812463372518e-8  -0.6831802345810858
8.878258026707116e-8  -0.6843529548720633
9.155703590041713e-8  -0.6868760844270348
9.433149153376311e-8  -0.6854731594187005
9.710594716710908e-8  -0.6910730753715832
9.988040280045505e-8  -0.687350246052257
1.0265485843380103e-7  -0.6886914046733738
1.05429314067147e-7  -0.6912345219969156
1.0820376970049298e-7  -0.6931265173757478
1.1097822533383895e-7  -0.6938637972179345
1.1375268096718492e-7  -0.6881151793690802
1.165271366005309e-7  -0.6804305433467093
1.1930159223387688e-7  -0.696793131620931
1.2207604786722285e-7  -0.6927059073106747
1.2485050350056882e-7  -0.676105540934128
1.276249591339148e-7  -0.685819089463453
1.3039941476726076e-7  -0.6903186478173019
1.3317387040060675e-7  -0.6939353999609914
1.3594832603395272e-7  -0.6883179980940726
1.387227816672987e-7  -0.6881993242880045
