2.774455633345974e-9  -0.6759526436046275
5.548911266691948e-9  -0.6759320928469762
8.323366900037922e-9  -0.6762498355825733
1.1097822533383895e-8  -0.6761476603014664
1.3872278166729869e-8  -0.6792592671704065
1.6646733800075844e-8  -0.6773510177692016
1.9421189433421816e-8  -0.6786888200875282
2.219564506676779e-8  -0.6771945637412672
2.4970100700113762e-8  -0.6782420995353154
2.7744556333459737e-8  -0.6804756108501911
3.051901196680571e-8  -0.6789634890846001
3.329346760015169e-8  -0.6748005500782881
3.6067923233497656e-8  -0.6833568385064854
3.884237886684363e-8  -0.6776595445621942
4.1616834500189606e-8  -0.6801245780758762
4.439129013353558e-8  -0.6784131240656225
4.7165745766881556e-8  -0.6775557628751436
4.9940201400227525e-8  -0.673579780504815
5.27146570335735e-8  -0.6792528207904642
5.5489112666919475e-8  -0.6783253345922597
5.826356830026545e-8  -0.6737068190017249
6.103802393361143e-8  -0.6801196829810086
6.38124795669574e-8  -0.6767809999725622
6.658693520030338e-8  -0.6799227012126977
6.936139083364934e-8  -0.6763379425757766
7.213584646699531e-8  -0.6697888592674195
7.49103021003413e-8  -0.6760371931160307
7.768475773368726e-8  -0.674671692504132
8.045921336703324e-8  -0.6672894955341823
8.323366900037921e-8  -0.6739385628888785
8.600812463372518e-8  -0.6758201060614821
8.878258026707116e-8  -0.6707011619695359
9.155703590041713e-8  -0.6770399854087432
9.433149153376311e-8  -0.6757255472877847
9.710594716710908e-8  -0.6774983860989572
9.988040280045505e-8  -0.6690525183247457
1.0265485843380103e-7  -0.6709107199237418
1.05429314067147e-7  -0.6710583141656971
1.0820376970049298e-7  -0.6732619696720584
1.1097822533383895e-7  -0.6759977815776826
1.1375268096718492e-7  -0.6771456873463302
1.165271366005309e-7  -0.6819729657326331
1.1930159223387688e-7  -0.6741856124669687
1.2207604786722285e-7  -0.670892809620592
1.2485050350056882e-7  -0.6782773560802502
1.276249591339148e-7  -0.6642880650896664
1.3039941476726076e-7  -0.6713933703301826
1.3317387040060675e-7  -0.6705014087742448
1.3594832603395272e-7  -0.669681008020109
1.387227816672987e-7  -0.6718359556322658
