2.774455633345974e-9  -0.6495565161826731
5.548911266691948e-9  -0.6509011342262009
8.323366900037922e-9  -0.6530793991954916
1.1097822533383895e-8  -0.6520657388210996
1.3872278166729869e-8  -0.6523252602224688
1.6646733800075844e-8  -0.6518488659047977
1.9421189433421816e-8  -0.648364815309304
2.219564506676779e-8  -0.6503721869712155
2.4970100700113762e-8  -0.6521397331996919
2.7744556333459737e-8  -0.6495694780842943
3.051901196680571e-8  -0.6531227345984925
3.329346760015169e-8  -0.652683484573004
3.6067923233497656e-8  -0.6440555493154414
3.884237886684363e-8  -0.6450454447623887
4.1616834500189606e-8  -0.6505294433017452
4.439129013353558e-8  -0.6476651815761396
4.7165745766881556e-8  -0.6450446296841863
4.9940201400227525e-8  -0.6503475230085888
5.27146570335735e-8  -0.6465927283068229
5.5489112666919475e-8  -0.6484105368705678
5.826356830026545e-8  -0.6469395572488646
6.103802393361143e-8  -0.6457014181340609
6.38124795669574e-8  -0.6451982192944401
6.658693520030338e-8  -0.6491695938946934
6.936139083364934e-8  -0.6476414776275402
7.213584646699531e-8  -0.6453568593746921
7.49103021003413e-8  -0.6458384004229305
7.768475773368726e-8  -0.6475951414807084
8.045921336703324e-8  -0.6378362140182404
8.323366900037921e-8  -0.6427094242558054
8.600812463372518e-8  -0.6378259508602139
8.878258026707116e-8  -0.6410009975062698
9.155703590041713e-8  -0.6497120738568687
9.433149153376311e-8  -0.6413702787324127
9.710594716710908e-8  -0.6472572568896934
9.988040280045505e-8  -0.6464240581554654
1.0265485843380103e-7  -0.6390042836138262
1.05429314067147e-7  -0.640934906196892
1.0820376970049298e-7  -0.6548252708008515
1.1097822533383895e-7  -0.6458907601744789
1.1375268096718492e-7  -0.6318793356960057
1.165271366005309e-7  -0.6447108445027011
1.1930159223387688e-7  -0.6414355293874241
1.2207604786722285e-7  -0.6360107881769025
1.2485050350056882e-7  -0.636735029797942
1.276249591339148e-7  -0.6421533776040886
1.3039941476726076e-7  -0.6358909726966976
1.3317387040060675e-7  -0.6487518178490653
1.3594832603395272e-7  -0.6468559390167361
1.387227816672987e-7  -0.6413018215084637
