2.774455633345974e-9  -0.32823200171056605
5.548911266691948e-9  -0.32937913679706254
8.323366900037922e-9  -0.32730403533574765
1.1097822533383895e-8  -0.32994533576308926
1.3872278166729869e-8  -0.32820699327462505
1.6646733800075844e-8  -0.3273176083602639
1.9421189433421816e-8  -0.32687734873146146
2.219564506676779e-8  -0.3296673180888416
2.4970100700113762e-8  -0.32733137479964813
2.7744556333459737e-8  -0.3227020938244331
3.051901196680571e-8  -0.32626761260788945
3.329346760015169e-8  -0.326638278975401
3.6067923233497656e-8  -0.32847085777603674
3.884237886684363e-8  -0.3290053207150279
4.1616834500189606e-8  -0.32950200683169695
4.439129013353558e-8  -0.3251171696096804
4.7165745766881556e-8  -0.32846068605924644
4.9940201400227525e-8  -0.3260972085231353
5.27146570335735e-8  -0.31950957408664393
5.5489112666919475e-8  -0.3242855912432092
5.826356830026545e-8  -0.3257548651231311
6.103802393361143e-8  -0.32768233264927693
6.38124795669574e-8  -0.32571798310270195
6.658693520030338e-8  -0.32453888390003316
6.936139083364934e-8  -0.32584333289426104
7.213584646699531e-8  -0.3285058754799292
7.49103021003413e-8  -0.32363096385192
7.768475773368726e-8  -0.32031014152169146
8.045921336703324e-8  -0.3260208824141623
8.323366900037921e-8  -0.32585627897088165
8.600812463372518e-8  -0.3263718341433637
8.878258026707116e-8  -0.3276118630752214
9.155703590041713e-8  -0.32706114535786457
9.433149153376311e-8  -0.3192030748028492
9.710594716710908e-8  -0.32920552878173304
9.988040280045505e-8  -0.3237729040981408
1.0265485843380103e-7  -0.3258121702091146
1.05429314067147e-7  -0.3188498596561481
1.0820376970049298e-7  -0.3265220822209652
1.1097822533383895e-7  -0.3265992400972556
1.1375268096718492e-7  -0.33101799106822144
1.165271366005309e-7  -0.3201979367010488
1.1930159223387688e-7  -0.3301127500866552
1.2207604786722285e-7  -0.3251076055391418
1.2485050350056882e-7  -0.3202247097990731
1.276249591339148e-7  -0.3275479426078547
1.3039941476726076e-7  -0.3220593553070172
1.3317387040060675e-7  -0.321291649652742
1.3594832603395272e-7  -0.32511297813303325
1.387227816672987e-7  -0.3267814589926355
