2.774455633345974e-9  -0.9544944330895426
5.548911266691948e-9  -0.9538171811492179
8.323366900037922e-9  -0.9542424971486767
1.1097822533383895e-8  -0.9571353717012236
1.3872278166729869e-8  -0.9551638838326141
1.6646733800075844e-8  -0.9525661790707267
1.9421189433421816e-8  -0.9523042797523954
2.219564506676779e-8  -0.9499788325180875
2.4970100700113762e-8  -0.9547754949220713
2.7744556333459737e-8  -0.9537569661695244
3.051901196680571e-8  -0.9543683719062055
3.329346760015169e-8  -0.9483535505531188
3.6067923233497656e-8  -0.9515622038789067
3.884237886684363e-8  -0.9532750880239321
4.1616834500189606e-8  -0.9473620405710595
4.439129013353558e-8  -0.9606303381991796
4.7165745766881556e-8  -0.9572198654835367
4.9940201400227525e-8  -0.9521198875828515
5.27146570335735e-8  -0.9562989954927337
5.5489112666919475e-8  -0.9578296680876537
5.826356830026545e-8  -0.9517399512651663
6.103802393361143e-8  -0.9538528290705626
6.38124795669574e-8  -0.9457881506985882
6.658693520030338e-8  -0.945381236902273
6.936139083364934e-8  -0.9478134808783404
7.213584646699531e-8  -0.9438721455266499
7.49103021003413e-8  -0.9441952859530693
7.768475773368726e-8  -0.940383268173843
8.045921336703324e-8  -0.9428469886267745
8.323366900037921e-8  -0.9425632443819748
8.600812463372518e-8  -0.9405095730381399
8.878258026707116e-8  -0.9498443320456804
9.155703590041713e-8  -0.9475798326985689
9.433149153376311e-8  -0.960282926982199
9.710594716710908e-8  -0.9417801630983104
9.988040280045505e-8  -0.9581754979429223
1.0265485843380103e-7  -0.9399335466819152
1.05429314067147e-7  -0.9462323623002338
1.0820376970049298e-7  -0.9546438750141427
1.1097822533383895e-7  -0.9476453345724881
1.1375268096718492e-7  -0.9455368716507279
1.165271366005309e-7  -0.9472876598242196
1.1930159223387688e-7  -0.9397065868875623
1.2207604786722285e-7  -0.9527292713706285
1.2485050350056882e-7  -0.9496880273564333
1.276249591339148e-7  -0.9480414158503537
1.3039941476726076e-7  -0.9352647166286969
1.3317387040060675e-7  -0.9399088073606228
1.3594832603395272e-7  -0.9315160829313753
1.387227816672987e-7  -0.9464958581626877
