2.774455633345974e-9  -0.4861695644024517
5.548911266691948e-9  -0.48604546104750185
8.323366900037922e-9  -0.48603489799534055
1.1097822533383895e-8  -0.48654660239891234
1.3872278166729869e-8  -0.48804034950485925
1.6646733800075844e-8  -0.4870853224779024
1.9421189433421816e-8  -0.488415976774512
2.219564506676779e-8  -0.48965631449068164
2.4970100700113762e-8  -0.48815386886861617
2.7744556333459737e-8  -0.4901270206783801
3.051901196680571e-8  -0.48606644428392437
3.329346760015169e-8  -0.4870618297826975
3.6067923233497656e-8  -0.48959506235702194
3.884237886684363e-8  -0.4876831183297662
4.1616834500189606e-8  -0.49153837323920346
4.439129013353558e-8  -0.48843674861604597
4.7165745766881556e-8  -0.48853873448784096
4.9940201400227525e-8  -0.48901149211195505
5.27146570335735e-8  -0.4878125949351352
5.5489112666919475e-8  -0.48922041219331686
5.826356830026545e-8  -0.48307911061832204
6.103802393361143e-8  -0.4869572028348619
6.38124795669574e-8  -0.4860083061442876
6.658693520030338e-8  -0.48963098592974413
6.936139083364934e-8  -0.4889726923516691
7.213584646699531e-8  -0.48598418235474133
7.49103021003413e-8  -0.4863843265448699
7.768475773368726e-8  -0.48160924661110954
8.045921336703324e-8  -0.48345820311900956
8.323366900037921e-8  -0.48325966700584605
8.600812463372518e-8  -0.4837636131025031
8.878258026707116e-8  -0.4845264657043482
9.155703590041713e-8  -0.4833637802031481
9.433149153376311e-8  -0.48438176287531215
9.710594716710908e-8  -0.4862243033180326
9.988040280045505e-8  -0.4874238265690793
1.0265485843380103e-7  -0.48393642597832565
1.05429314067147e-7  -0.47791895002043483
1.0820376970049298e-7  -0.48320129485895535
1.1097822533383895e-7  -0.48745171099259954
1.1375268096718492e-7  -0.48586851873299103
1.165271366005309e-7  -0.49042725715160446
1.1930159223387688e-7  -0.48655305555632994
1.2207604786722285e-7  -0.48685723366475225
1.2485050350056882e-7  -0.4831669799274268
1.276249591339148e-7  -0.4808930346185402
1.3039941476726076e-7  -0.4789892174907187
1.3317387040060675e-7  -0.4852788599343486
1.3594832603395272e-7  -0.48443362449933675
1.387227816672987e-7  -0.48798093631792666
