2.774455633345974e-9  -0.8732438257198502
5.548911266691948e-9  -0.8745168204493512
8.323366900037922e-9  -0.8747935051079817
1.1097822533383895e-8  -0.8750979296800184
1.3872278166729869e-8  -0.874954230871208
1.6646733800075844e-8  -0.8750584155127669
1.9421189433421816e-8  -0.875339703564924
2.219564506676779e-8  -0.8748500791045825
2.4970100700113762e-8  -0.876669202328557
2.7744556333459737e-8  -0.8751266585490514
3.051901196680571e-8  -0.8759127666203566
3.329346760015169e-8  -0.8756143783421202
3.6067923233497656e-8  -0.8761117520150321
3.884237886684363e-8  -0.8782971165863274
4.1616834500189606e-8  -0.8778639387251898
4.439129013353558e-8  -0.8772776999604379
4.7165745766881556e-8  -0.8748494341833362
4.9940201400227525e-8  -0.8745130753575341
5.27146570335735e-8  -0.873616805700284
5.5489112666919475e-8  -0.8726794314849429
5.826356830026545e-8  -0.8758390290029726
6.103802393361143e-8  -0.873581388415077
6.38124795669574e-8  -0.871843129294048
6.658693520030338e-8  -0.8705443588799455
6.936139083364934e-8  -0.8751447567571196
7.213584646699531e-8  -0.8721676691418396
7.49103021003413e-8  -0.8649339212055992
7.768475773368726e-8  -0.8753787848961234
8.045921336703324e-8  -0.8752408106964022
8.323366900037921e-8  -0.8721889081638974
8.600812463372518e-8  -0.8730015495398995
8.878258026707116e-8  -0.8766526304309994
9.155703590041713e-8  -0.8785528304699776
9.433149153376311e-8  -0.8729113704888756
9.710594716710908e-8  -0.8737183530795263
9.988040280045505e-8  -0.8747169739133143
1.0265485843380103e-7  -0.8715100099636492
1.05429314067147e-7  -0.8728468155262045
1.0820376970049298e-7  -0.8749418767496888
1.1097822533383895e-7  -0.8708244861499288
1.1375268096718492e-7  -0.8755973609870928
1.165271366005309e-7  -0.8732455474973019
1.1930159223387688e-7  -0.8628464524842641
1.2207604786722285e-7  -0.8764093604775466
1.2485050350056882e-7  -0.8610783468468031
1.276249591339148e-7  -0.86966704246874
1.3039941476726076e-7  -0.8710847856684191
1.3317387040060675e-7  -0.8739306192902209
1.3594832603395272e-7  -0.8688047379426187
1.387227816672987e-7  -0.863297251035483
