2.774455633345974e-9  -0.9138395988077449
5.548911266691948e-9  -0.9140172040063457
8.323366900037922e-9  -0.9137097263438274
1.1097822533383895e-8  -0.9128173547666352
1.3872278166729869e-8  -0.9156224896514221
1.6646733800075844e-8  -0.9113406462384731
1.9421189433421816e-8  -0.9166137339830784
2.219564506676779e-8  -0.9133999162178128
2.4970100700113762e-8  -0.9120962060504798
2.7744556333459737e-8  -0.908017156685221
3.051901196680571e-8  -0.9085868623580126
3.329346760015169e-8  -0.9133022913185808
3.6067923233497656e-8  -0.9070906506390547
3.884237886684363e-8  -0.9146163275413605
4.1616834500189606e-8  -0.9088343027957374
4.439129013353558e-8  -0.9096691920670743
4.7165745766881556e-8  -0.9204982315525887
4.9940201400227525e-8  -0.9125831647303329
5.27146570335735e-8  -0.9183057884036279
5.5489112666919475e-8  -0.9150664685404624
5.826356830026545e-8  -0.9165441181649203
6.103802393361143e-8  -0.9048545779404571
6.38124795669574e-8  -0.909742149353149
6.658693520030338e-8  -0.9122168374962165
6.936139083364934e-8  -0.9025421921585527
7.213584646699531e-8  -0.9044645017651016
7.49103021003413e-8  -0.8984654562889686
7.768475773368726e-8  -0.9100097253128663
8.045921336703324e-8  -0.9058152144808963
8.323366900037921e-8  -0.9165655259648234
8.600812463372518e-8  -0.9107279968448547
8.878258026707116e-8  -0.9075532239906974
9.155703590041713e-8  -0.9142663496750644
9.433149153376311e-8  -0.9194485163679817
9.710594716710908e-8  -0.9089769405042629
9.988040280045505e-8  -0.8979898087173912
1.0265485843380103e-7  -0.8979464547045661
1.05429314067147e-7  -0.9170710406327776
1.0820376970049298e-7  -0.9143375769273319
1.1097822533383895e-7  -0.9027369154997299
1.1375268096718492e-7  -0.9086203924882463
1.165271366005309e-7  -0.9147919257739777
1.1930159223387688e-7  -0.9195964460315744
1.2207604786722285e-7  -0.9317909078053793
1.2485050350056882e-7  -0.9228975780500134
1.276249591339148e-7  -0.9138869588192078
1.3039941476726076e-7  -0.9135635106014632
1.3317387040060675e-7  -0.9093058747806768
1.3594832603395272e-7  -0.9110088087249194
1.387227816672987e-7  -0.9041562311959288
