2.774455633345974e-9  -1.0496599154196837
5.548911266691948e-9  -1.0476654158483047
8.323366900037922e-9  -1.0495176672497872
1.1097822533383895e-8  -1.0488933284130546
1.3872278166729869e-8  -1.052977424890168
1.6646733800075844e-8  -1.0461889163392908
1.9421189433421816e-8  -1.047584044765324
2.219564506676779e-8  -1.0468751977896409
2.4970100700113762e-8  -1.0468008174063328
2.7744556333459737e-8  -1.0377306440213483
3.051901196680571e-8  -1.0446389866667414
3.329346760015169e-8  -1.0471850701768655
3.6067923233497656e-8  -1.0448308112167168
3.884237886684363e-8  -1.0536242880993176
4.1616834500189606e-8  -1.0458522849049485
4.439129013353558e-8  -1.0301875009430679
4.7165745766881556e-8  -1.0392382505357354
4.9940201400227525e-8  -1.0356405539859415
5.27146570335735e-8  -1.0396388276449213
5.5489112666919475e-8  -1.0417067124115675
5.826356830026545e-8  -1.0492443172660029
6.103802393361143e-8  -1.0525121792511567
6.38124795669574e-8  -1.0440230094616174
6.658693520030338e-8  -1.043776138109768
6.936139083364934e-8  -1.0526323092360506
7.213584646699531e-8  -1.0217467552048214
7.49103021003413e-8  -1.0600990527012617
7.768475773368726e-8  -1.055246877846056
8.045921336703324e-8  -1.0468563058887035
8.323366900037921e-8  -1.043532647845731
8.600812463372518e-8  -1.0508950037846325
8.878258026707116e-8  -1.0343882515592522
9.155703590041713e-8  -1.0219738303530361
9.433149153376311e-8  -1.0448060822356457
9.710594716710908e-8  -1.0312019187995471
9.988040280045505e-8  -1.0303369701117817
1.0265485843380103e-7  -1.0282516363578382
1.05429314067147e-7  -1.0495832461464818
1.0820376970049298e-7  -1.0387783883095598
1.1097822533383895e-7  -1.0431589992221404
1.1375268096718492e-7  -1.028967413821151
1.165271366005309e-7  -1.0429488343431508
1.1930159223387688e-7  -1.0206647642576574
1.2207604786722285e-7  -1.0418557241431674
1.2485050350056882e-7  -1.0372213661858047
1.276249591339148e-7  -1.0336654467938162
1.3039941476726076e-7  -1.040753662269645
1.3317387040060675e-7  -1.0402378692507508
1.3594832603395272e-7  -1.0400475082411436
1.387227816672987e-7  -1.0234059599137069
