2.774455633345974e-9  -0.9821382533153795
5.548911266691948e-9  -0.9818235722979213
8.323366900037922e-9  -0.9816564803052701
1.1097822533383895e-8  -0.9837260071941625
1.3872278166729869e-8  -0.9851826266504129
1.6646733800075844e-8  -0.9825534667569998
1.9421189433421816e-8  -0.9771469298644079
2.219564506676779e-8  -0.9812220521493814
2.4970100700113762e-8  -0.9780703250287592
2.7744556333459737e-8  -0.9842502605818128
3.051901196680571e-8  -0.9822588570151907
3.329346760015169e-8  -0.9814488354759943
3.6067923233497656e-8  -0.9840987175694267
3.884237886684363e-8  -0.9750433392551561
4.1616834500189606e-8  -0.9802574369515625
4.439129013353558e-8  -0.9843960769106207
4.7165745766881556e-8  -0.9855409118693568
4.9940201400227525e-8  -0.9830445445289309
5.27146570335735e-8  -0.979053840156698
5.5489112666919475e-8  -0.9778277193852417
5.826356830026545e-8  -0.9746666255065127
6.103802393361143e-8  -0.9765800303723284
6.38124795669574e-8  -0.9714570200552544
6.658693520030338e-8  -0.9784549722440997
6.936139083364934e-8  -0.9783814688076313
7.213584646699531e-8  -0.9732249627194736
7.49103021003413e-8  -0.9699096217246026
7.768475773368726e-8  -0.9788125031340739
8.045921336703324e-8  -0.9766817937245889
8.323366900037921e-8  -0.9836238539749251
8.600812463372518e-8  -0.9831381357591743
8.878258026707116e-8  -0.9728391001474973
9.155703590041713e-8  -0.9784675388921429
9.433149153376311e-8  -0.9779868655009659
9.710594716710908e-8  -0.9851354429692887
9.988040280045505e-8  -0.9785905719818653
1.0265485843380103e-7  -0.9716244957709947
1.05429314067147e-7  -0.9808007342546123
1.0820376970049298e-7  -0.9803266240615564
1.1097822533383895e-7  -0.9770279365770614
1.1375268096718492e-7  -0.9773717197753956
1.165271366005309e-7  -0.9817583648057966
1.1930159223387688e-7  -0.9738265766805654
1.2207604786722285e-7  -0.9589924433466118
1.2485050350056882e-7  -0.967438928120614
1.276249591339148e-7  -0.9698309669293264
1.3039941476726076e-7  -0.9635252427369942
1.3317387040060675e-7  -0.9631688598206444
1.3594832603395272e-7  -0.978589262737807
1.387227816672987e-7  -0.9721252853081769
