2.774455633345974e-9  -1.047755689801533
5.548911266691948e-9  -1.0476818103444907
8.323366900037922e-9  -1.0479123734121163
1.1097822533383895e-8  -1.0478949019771917
1.3872278166729869e-8  -1.0483440253725331
1.6646733800075844e-8  -1.047010782993689
1.9421189433421816e-8  -1.0462509726674731
2.219564506676779e-8  -1.048116146139967
2.4970100700113762e-8  -1.04970795218717
2.7744556333459737e-8  -1.0467503552655524
3.051901196680571e-8  -1.048867271179204
3.329346760015169e-8  -1.0380450652309758
3.6067923233497656e-8  -1.0459794220737173
3.884237886684363e-8  -1.0453675874646309
4.1616834500189606e-8  -1.0483366224632455
4.439129013353558e-8  -1.0477202377530694
4.7165745766881556e-8  -1.049273224517274
4.9940201400227525e-8  -1.0426641151018636
5.27146570335735e-8  -1.041858024833295
5.5489112666919475e-8  -1.0494001490315943
5.826356830026545e-8  -1.0434747567563618
6.103802393361143e-8  -1.052423703064235
6.38124795669574e-8  -1.053161791984722
6.658693520030338e-8  -1.0450108938763716
6.936139083364934e-8  -1.0511899718147322
7.213584646699531e-8  -1.0328531532247758
7.49103021003413e-8  -1.0415417324412182
7.768475773368726e-8  -1.0407022289554824
8.045921336703324e-8  -1.04487119067384
8.323366900037921e-8  -1.0495285366835854
8.600812463372518e-8  -1.0366236941064644
8.878258026707116e-8  -1.0396967614406778
9.155703590041713e-8  -1.0355522610347798
9.433149153376311e-8  -1.0384998948758968
9.710594716710908e-8  -1.0518187126398009
9.988040280045505e-8  -1.0380644594063315
1.0265485843380103e-7  -1.0446117028792221
1.05429314067147e-7  -1.029153750820221
1.0820376970049298e-7  -1.036464305261846
1.1097822533383895e-7  -1.054521003498362
1.1375268096718492e-7  -1.0374844897734494
1.165271366005309e-7  -1.0609428613010154
1.1930159223387688e-7  -1.0488993466917826
1.2207604786722285e-7  -1.043785122804199
1.2485050350056882e-7  -1.040814601336067
1.276249591339148e-7  -1.0197331315717546
1.3039941476726076e-7  -1.0354079353265935
1.3317387040060675e-7  -1.0464541409131625
1.3594832603395272e-7  -1.0369840412137632
1.387227816672987e-7  -1.0441833498101276
