2.774455633345974e-9  -0.9824071469693099
5.548911266691948e-9  -0.9824732746517597
8.323366900037922e-9  -0.9829186808372863
1.1097822533383895e-8  -0.9836864259690665
1.3872278166729869e-8  -0.9840253573427477
1.6646733800075844e-8  -0.9857776545098756
1.9421189433421816e-8  -0.9871703558008524
2.219564506676779e-8  -0.982677341077989
2.4970100700113762e-8  -0.9844415295941895
2.7744556333459737e-8  -0.9851186140955724
3.051901196680571e-8  -0.9855268789196516
3.329346760015169e-8  -0.9910050508032648
3.6067923233497656e-8  -0.9940259954702926
3.884237886684363e-8  -0.9867747540883081
4.1616834500189606e-8  -0.9853964895305328
4.439129013353558e-8  -0.9850307018973048
4.7165745766881556e-8  -0.9818306516665316
4.9940201400227525e-8  -0.9821218952730827
5.27146570335735e-8  -0.9834562174689336
5.5489112666919475e-8  -0.9850229678945641
5.826356830026545e-8  -0.9815945711151689
6.103802393361143e-8  -0.987878419740576
6.38124795669574e-8  -0.9930152579153853
6.658693520030338e-8  -0.9947568050715886
6.936139083364934e-8  -0.9867335275019793
7.213584646699531e-8  -0.9886729183833944
7.49103021003413e-8  -0.9838066050970348
7.768475773368726e-8  -0.9796462032302582
8.045921336703324e-8  -0.9832168627376808
8.323366900037921e-8  -0.9800388258944503
8.600812463372518e-8  -0.9784096021254682
8.878258026707116e-8  -0.9738947124115042
9.155703590041713e-8  -0.9794786399813643
9.433149153376311e-8  -0.9774912453597252
9.710594716710908e-8  -0.9762188289983345
9.988040280045505e-8  -0.9761597821038016
1.0265485843380103e-7  -0.9752240189650715
1.05429314067147e-7  -0.9721938227410966
1.0820376970049298e-7  -0.974527032241815
1.1097822533383895e-7  -0.966395784382281
1.1375268096718492e-7  -0.9723280210784677
1.165271366005309e-7  -0.9777078728766123
1.1930159223387688e-7  -0.9762372885131325
1.2207604786722285e-7  -0.9699394238609512
1.2485050350056882e-7  -0.9896916215032302
1.276249591339148e-7  -0.9822177006286971
1.3039941476726076e-7  -0.9869127710434793
1.3317387040060675e-7  -0.9726283904494232
1.3594832603395272e-7  -0.9703365252832648
1.387227816672987e-7  -0.9795076305828699
