2.774455633345974e-9  -1.0398719191275405
5.548911266691948e-9  -1.040621851551727
8.323366900037922e-9  -1.039994527810331
1.1097822533383895e-8  -1.0405414681069998
1.3872278166729869e-8  -1.0404528383164984
1.6646733800075844e-8  -1.0398486218583518
1.9421189433421816e-8  -1.0415221997388864
2.219564506676779e-8  -1.0429034345123758
2.4970100700113762e-8  -1.0425605890753442
2.7744556333459737e-8  -1.0388235485473922
3.051901196680571e-8  -1.039531168683304
3.329346760015169e-8  -1.0388817175756355
3.6067923233497656e-8  -1.0399649687085537
3.884237886684363e-8  -1.0439235328808127
4.1616834500189606e-8  -1.0396843408049445
4.439129013353558e-8  -1.0367172956250403
4.7165745766881556e-8  -1.0300576774551848
4.9940201400227525e-8  -1.0431911311833129
5.27146570335735e-8  -1.037663295148361
5.5489112666919475e-8  -1.0439692451795213
5.826356830026545e-8  -1.0419000814043766
6.103802393361143e-8  -1.038656277669622
6.38124795669574e-8  -1.0385386909424417
6.658693520030338e-8  -1.0387380207492762
6.936139083364934e-8  -1.040447243448687
7.213584646699531e-8  -1.0367769658252097
7.49103021003413e-8  -1.041594379156791
7.768475773368726e-8  -1.0443302179686351
8.045921336703324e-8  -1.042098881563962
8.323366900037921e-8  -1.0437488516618332
8.600812463372518e-8  -1.0410287331903028
8.878258026707116e-8  -1.036579314402463
9.155703590041713e-8  -1.0445831167742619
9.433149153376311e-8  -1.0417537699000297
9.710594716710908e-8  -1.0389384871763299
9.988040280045505e-8  -1.0308183058092728
1.0265485843380103e-7  -1.0359099870897117
1.05429314067147e-7  -1.0191785013409185
1.0820376970049298e-7  -1.0354438656773097
1.1097822533383895e-7  -1.0378862462945364
1.1375268096718492e-7  -1.032436882101942
1.165271366005309e-7  -1.0222081065896447
1.1930159223387688e-7  -1.0362338209262663
1.2207604786722285e-7  -1.0211700347700552
1.2485050350056882e-7  -1.025823270146922
1.276249591339148e-7  -1.0272494609138483
1.3039941476726076e-7  -1.0335058532184378
1.3317387040060675e-7  -1.0360746747483063
1.3594832603395272e-7  -1.0330787984028729
1.387227816672987e-7  -1.0376723678222453
