2.774455633345974e-9  -0.6266557808047337
5.548911266691948e-9  -0.6271619593858424
8.323366900037922e-9  -0.6269729234860186
1.1097822533383895e-8  -0.6278958088049543
1.3872278166729869e-8  -0.6258214387021801
1.6646733800075844e-8  -0.627066280400139
1.9421189433421816e-8  -0.6280754557761761
2.219564506676779e-8  -0.6253119873167794
2.4970100700113762e-8  -0.627758821410266
2.7744556333459737e-8  -0.6212427498967038
3.051901196680571e-8  -0.6241451052565193
3.329346760015169e-8  -0.6272458995963743
3.6067923233497656e-8  -0.6233671453740712
3.884237886684363e-8  -0.6250511470128156
4.1616834500189606e-8  -0.6248651536161516
4.439129013353558e-8  -0.6251957926200977
4.7165745766881556e-8  -0.629175048417786
4.9940201400227525e-8  -0.6249019407572924
5.27146570335735e-8  -0.6235647683080261
5.5489112666919475e-8  -0.6220816119818553
5.826356830026545e-8  -0.6196767213873854
6.103802393361143e-8  -0.6129081299596696
6.38124795669574e-8  -0.6232141338101835
6.658693520030338e-8  -0.6201515264959585
6.936139083364934e-8  -0.6159972370962838
7.213584646699531e-8  -0.624458779109336
7.49103021003413e-8  -0.6259922049245765
7.768475773368726e-8  -0.6221978007619761
8.045921336703324e-8  -0.6267113524874662
8.323366900037921e-8  -0.6251511812675928
8.600812463372518e-8  -0.6213714466809909
8.878258026707116e-8  -0.622823756885115
9.155703590041713e-8  -0.6253528764153549
9.433149153376311e-8  -0.6297709068036259
9.710594716710908e-8  -0.6284196273439573
9.988040280045505e-8  -0.6205938316078735
1.0265485843380103e-7  -0.6261049830820021
1.05429314067147e-7  -0.6261336806753347
1.0820376970049298e-7  -0.6222426128082403
1.1097822533383895e-7  -0.6220955321178048
1.1375268096718492e-7  -0.6253780774722906
1.165271366005309e-7  -0.6202417120299862
1.1930159223387688e-7  -0.6139529878998111
1.2207604786722285e-7  -0.6137990564506556
1.2485050350056882e-7  -0.6132709946465982
1.276249591339148e-7  -0.6170966808788756
1.3039941476726076e-7  -0.6190374375903038
1.3317387040060675e-7  -0.6213997069357734
1.3594832603395272e-7  -0.6274298837836276
1.387227816672987e-7  -0.6232945524759741
