2.774455633345974e-9  -0.957526846211304
5.548911266691948e-9  -0.9575404933242364
8.323366900037922e-9  -0.9575679005142138
1.1097822533383895e-8  -0.9573304678670869
1.3872278166729869e-8  -0.9585160542558911
1.6646733800075844e-8  -0.9579426031993751
1.9421189433421816e-8  -0.9566908433862679
2.219564506676779e-8  -0.9564254766069452
2.4970100700113762e-8  -0.9580808150680737
2.7744556333459737e-8  -0.9600982156009725
3.051901196680571e-8  -0.9514474468433921
3.329346760015169e-8  -0.9527098664978272
3.6067923233497656e-8  -0.9574539484401834
3.884237886684363e-8  -0.9585035597263082
4.1616834500189606e-8  -0.9625372412328657
4.439129013353558e-8  -0.9547004504290778
4.7165745766881556e-8  -0.9548033000941113
4.9940201400227525e-8  -0.9562065841186368
5.27146570335735e-8  -0.9565321783001588
5.5489112666919475e-8  -0.9645137971897747
5.826356830026545e-8  -0.9601367127229614
6.103802393361143e-8  -0.9514761915451242
6.38124795669574e-8  -0.961661774054485
6.658693520030338e-8  -0.949389006553222
6.936139083364934e-8  -0.9537371318673622
7.213584646699531e-8  -0.9571253768064849
7.49103021003413e-8  -0.9534225710981366
7.768475773368726e-8  -0.9514351759897706
8.045921336703324e-8  -0.9401809928575263
8.323366900037921e-8  -0.9604690884094408
8.600812463372518e-8  -0.9590467690910577
8.878258026707116e-8  -0.9532954852331549
9.155703590041713e-8  -0.9579804077572631
9.433149153376311e-8  -0.9548987846694584
9.710594716710908e-8  -0.9595879229095192
9.988040280045505e-8  -0.943863819001359
1.0265485843380103e-7  -0.9489104094678202
1.05429314067147e-7  -0.9642384421591735
1.0820376970049298e-7  -0.9676830701874783
1.1097822533383895e-7  -0.9464617409653299
1.1375268096718492e-7  -0.9465485987611358
1.165271366005309e-7  -0.9545277886979592
1.1930159223387688e-7  -0.9579348870566116
1.2207604786722285e-7  -0.9424296766306876
1.2485050350056882e-7  -0.9360682286020611
1.276249591339148e-7  -0.9447287219040693
1.3039941476726076e-7  -0.941518532318709
1.3317387040060675e-7  -0.9416750058533003
1.3594832603395272e-7  -0.9397482410169863
1.387227816672987e-7  -0.9527567630950545
