2.774455633345974e-9  -1.0173544760826276
5.548911266691948e-9  -1.0174680903645037
8.323366900037922e-9  -1.0177863379882948
1.1097822533383895e-8  -1.0201639119824335
1.3872278166729869e-8  -1.0213192977494225
1.6646733800075844e-8  -1.0201715623279497
1.9421189433421816e-8  -1.0192473056565763
2.219564506676779e-8  -1.0230405822437767
2.4970100700113762e-8  -1.0281986392427866
2.7744556333459737e-8  -1.027558625859841
3.051901196680571e-8  -1.027540058479053
3.329346760015169e-8  -1.0201669688710517
3.6067923233497656e-8  -1.021034954511241
3.884237886684363e-8  -1.0152276229322503
4.1616834500189606e-8  -1.0200440182515127
4.439129013353558e-8  -1.018671132320487
4.7165745766881556e-8  -1.0299442665811225
4.9940201400227525e-8  -1.0260250515480216
5.27146570335735e-8  -1.0252422930720138
5.5489112666919475e-8  -1.0245031630838302
5.826356830026545e-8  -1.0248307412206763
6.103802393361143e-8  -1.0144398591145543
6.38124795669574e-8  -1.0232521322535093
6.658693520030338e-8  -1.01429050411401
6.936139083364934e-8  -1.016784446272778
7.213584646699531e-8  -1.0160700251072365
7.49103021003413e-8  -1.010094791363679
7.768475773368726e-8  -1.0142088072879343
8.045921336703324e-8  -1.0151813887210235
8.323366900037921e-8  -1.0073634135114267
8.600812463372518e-8  -1.0170089052378166
8.878258026707116e-8  -1.021066150508616
9.155703590041713e-8  -1.0021959968381873
9.433149153376311e-8  -1.026231895531002
9.710594716710908e-8  -1.0104605277391745
9.988040280045505e-8  -0.9950450193642045
1.0265485843380103e-7  -1.0120466954222977
1.05429314067147e-7  -1.0176164960763507
1.0820376970049298e-7  -1.01674008842871
1.1097822533383895e-7  -1.0189981875369654
1.1375268096718492e-7  -1.017617619092528
1.165271366005309e-7  -1.0180255021699818
1.1930159223387688e-7  -1.014288296910356
1.2207604786722285e-7  -1.0178219271687443
1.2485050350056882e-7  -1.0155451497696126
1.276249591339148e-7  -1.0240082554533594
1.3039941476726076e-7  -1.0128820689266713
1.3317387040060675e-7  -1.0020971162401384
1.3594832603395272e-7  -0.9957587727765822
1.387227816672987e-7  -1.012258425823754
