2.774455633345974e-9  -1.0029116513601781
5.548911266691948e-9  -1.0026264198026869
8.323366900037922e-9  -1.0028777034457104
1.1097822533383895e-8  -1.0011427105531072
1.3872278166729869e-8  -1.003278237558806
1.6646733800075844e-8  -1.0010640993680597
1.9421189433421816e-8  -1.0014466577385042
2.219564506676779e-8  -1.0009300546367998
2.4970100700113762e-8  -1.0078118963350415
2.7744556333459737e-8  -1.00361108765535
3.051901196680571e-8  -1.0012829859076182
3.329346760015169e-8  -1.0022859890743798
3.6067923233497656e-8  -1.0085563043240955
3.884237886684363e-8  -1.0036095924876092
4.1616834500189606e-8  -1.0011708696586852
4.439129013353558e-8  -0.9989266865094603
4.7165745766881556e-8  -0.999797060699096
4.9940201400227525e-8  -1.0017808098668497
5.27146570335735e-8  -1.0004093317118723
5.5489112666919475e-8  -1.0037375870418088
5.826356830026545e-8  -1.0003675863952062
6.103802393361143e-8  -0.9952689535849305
6.38124795669574e-8  -0.9960370979627435
6.658693520030338e-8  -1.004831724913311
6.936139083364934e-8  -1.0046243150418974
7.213584646699531e-8  -1.004538887042022
7.49103021003413e-8  -1.0005746735058252
7.768475773368726e-8  -0.9982007735016636
8.045921336703324e-8  -0.9995717357422746
8.323366900037921e-8  -1.0031734228224174
8.600812463372518e-8  -0.9835463809486193
8.878258026707116e-8  -0.9942925952120091
9.155703590041713e-8  -0.9971509613812263
9.433149153376311e-8  -0.9852314864889563
9.710594716710908e-8  -0.9960058010715487
9.988040280045505e-8  -0.9972525939711868
1.0265485843380103e-7  -0.9976060944101651
1.05429314067147e-7  -1.0026983183226648
1.0820376970049298e-7  -1.0082722600435334
1.1097822533383895e-7  -0.9878175131201917
1.1375268096718492e-7  -1.0023203992632594
1.165271366005309e-7  -1.0102165414836946
1.1930159223387688e-7  -1.0003668158117882
1.2207604786722285e-7  -0.9953680417385319
1.2485050350056882e-7  -0.9952730316877114
1.276249591339148e-7  -0.9961539851030317
1.3039941476726076e-7  -1.0008241132116247
1.3317387040060675e-7  -0.99330344796073
1.3594832603395272e-7  -1.000709560878597
1.387227816672987e-7  -1.0092896415203922
