2.774455633345974e-9  -0.42538739454340113
5.548911266691948e-9  -0.4243028644028366
8.323366900037922e-9  -0.4246653406416928
1.1097822533383895e-8  -0.4259737922611606
1.3872278166729869e-8  -0.42576637021435887
1.6646733800075844e-8  -0.4252291815208462
1.9421189433421816e-8  -0.4203350484384862
2.219564506676779e-8  -0.4272041020181518
2.4970100700113762e-8  -0.4246884562754797
2.7744556333459737e-8  -0.4232527320680347
3.051901196680571e-8  -0.4239753685566397
3.329346760015169e-8  -0.4216031895411271
3.6067923233497656e-8  -0.4230703140358368
3.884237886684363e-8  -0.4202752152959359
4.1616834500189606e-8  -0.42378960526654463
4.439129013353558e-8  -0.42496558073990426
4.7165745766881556e-8  -0.41515046610029216
4.9940201400227525e-8  -0.42467892862056605
5.27146570335735e-8  -0.42629503017981807
5.5489112666919475e-8  -0.42350172654358986
5.826356830026545e-8  -0.42712431348124713
6.103802393361143e-8  -0.4247767337126073
6.38124795669574e-8  -0.42469242171886606
6.658693520030338e-8  -0.4247910143660511
6.936139083364934e-8  -0.424711531231514
7.213584646699531e-8  -0.42042058859034476
7.49103021003413e-8  -0.42621167889521183
7.768475773368726e-8  -0.4213344172699981
8.045921336703324e-8  -0.4246843902409208
8.323366900037921e-8  -0.4213328978927491
8.600812463372518e-8  -0.4221119442007854
8.878258026707116e-8  -0.4226634682800044
9.155703590041713e-8  -0.41514218126959007
9.433149153376311e-8  -0.4155918976080768
9.710594716710908e-8  -0.41447971904074926
9.988040280045505e-8  -0.4193238025436366
1.0265485843380103e-7  -0.4220164350692182
1.05429314067147e-7  -0.42304475306023037
1.0820376970049298e-7  -0.42553182491751385
1.1097822533383895e-7  -0.4170952985700266
1.1375268096718492e-7  -0.422018505239918
1.165271366005309e-7  -0.4250227474775306
1.1930159223387688e-7  -0.425638442915853
1.2207604786722285e-7  -0.41784193889365384
1.2485050350056882e-7  -0.42915674993666053
1.276249591339148e-7  -0.42747691154726936
1.3039941476726076e-7  -0.42638419029833136
1.3317387040060675e-7  -0.42183386068392764
1.3594832603395272e-7  -0.4246412358677094
1.387227816672987e-7  -0.4178303117197604
