2.774455633345974e-9  -0.9167636877055839
5.548911266691948e-9  -0.9163738887209283
8.323366900037922e-9  -0.9167811629905915
1.1097822533383895e-8  -0.9174807850736558
1.3872278166729869e-8  -0.9177984964833752
1.6646733800075844e-8  -0.9155832659513345
1.9421189433421816e-8  -0.9146951284184501
2.219564506676779e-8  -0.9186113936694177
2.4970100700113762e-8  -0.9091359891913552
2.7744556333459737e-8  -0.9151202946385169
3.051901196680571e-8  -0.9135092793659909
3.329346760015169e-8  -0.9191925018772268
3.6067923233497656e-8  -0.9110150150373006
3.884237886684363e-8  -0.9111369116238843
4.1616834500189606e-8  -0.9087019003647586
4.439129013353558e-8  -0.9122418455893313
4.7165745766881556e-8  -0.9208820695237124
4.9940201400227525e-8  -0.9218429063794303
5.27146570335735e-8  -0.9042587201074034
5.5489112666919475e-8  -0.9139556955999509
5.826356830026545e-8  -0.9092067853652829
6.103802393361143e-8  -0.9248889644389717
6.38124795669574e-8  -0.9151768067535635
6.658693520030338e-8  -0.9223594926213169
6.936139083364934e-8  -0.9098133115505613
7.213584646699531e-8  -0.9134846492733442
7.49103021003413e-8  -0.911614498979047
7.768475773368726e-8  -0.8982295449596891
8.045921336703324e-8  -0.9203270000819216
8.323366900037921e-8  -0.9029069204494814
8.600812463372518e-8  -0.9286819942312521
8.878258026707116e-8  -0.9200407820161735
9.155703590041713e-8  -0.919191225986564
9.433149153376311e-8  -0.9159353951304132
9.710594716710908e-8  -0.9119497669511021
9.988040280045505e-8  -0.9112547539691579
1.0265485843380103e-7  -0.9020345235077121
1.05429314067147e-7  -0.9125230702564284
1.0820376970049298e-7  -0.9048137734664597
1.1097822533383895e-7  -0.8999060433486634
1.1375268096718492e-7  -0.907035221710988
1.165271366005309e-7  -0.8904257678083651
1.1930159223387688e-7  -0.915515897499453
1.2207604786722285e-7  -0.9065451254108815
1.2485050350056882e-7  -0.9110990725094631
1.276249591339148e-7  -0.9198781059330227
1.3039941476726076e-7  -0.9169202653550201
1.3317387040060675e-7  -0.9222677908191008
1.3594832603395272e-7  -0.9181742180572303
1.387227816672987e-7  -0.9075839361362072
