2.774455633345974e-9  -0.943640570640705
5.548911266691948e-9  -0.9433537473448386
8.323366900037922e-9  -0.9438324892209998
1.1097822533383895e-8  -0.9435810447941415
1.3872278166729869e-8  -0.9423611812216849
1.6646733800075844e-8  -0.9438702045203348
1.9421189433421816e-8  -0.9449169782282787
2.219564506676779e-8  -0.9398991849236383
2.4970100700113762e-8  -0.9405891654939025
2.7744556333459737e-8  -0.939241111306354
3.051901196680571e-8  -0.948476006846502
3.329346760015169e-8  -0.9355365911289916
3.6067923233497656e-8  -0.9397157211649739
3.884237886684363e-8  -0.9486761859615407
4.1616834500189606e-8  -0.9429961067781796
4.439129013353558e-8  -0.9444935845499846
4.7165745766881556e-8  -0.9444998470657656
4.9940201400227525e-8  -0.9425148272262063
5.27146570335735e-8  -0.934441613281999
5.5489112666919475e-8  -0.9419224462856522
5.826356830026545e-8  -0.9284207672936462
6.103802393361143e-8  -0.948647158680426
6.38124795669574e-8  -0.9428192492908447
6.658693520030338e-8  -0.937080859416189
6.936139083364934e-8  -0.9379612198912708
7.213584646699531e-8  -0.9398735747429936
7.49103021003413e-8  -0.953400116890087
7.768475773368726e-8  -0.9404709001632383
8.045921336703324e-8  -0.947119089973566
8.323366900037921e-8  -0.9245051864439084
8.600812463372518e-8  -0.9355585267322093
8.878258026707116e-8  -0.9423104484446887
9.155703590041713e-8  -0.9318488186884536
9.433149153376311e-8  -0.9243606445692408
9.710594716710908e-8  -0.9289164430160226
9.988040280045505e-8  -0.9351189494236105
1.0265485843380103e-7  -0.9343297380579103
1.05429314067147e-7  -0.9120092070786694
1.0820376970049298e-7  -0.9393244162466735
1.1097822533383895e-7  -0.9335625277892615
1.1375268096718492e-7  -0.9346711723476024
1.165271366005309e-7  -0.9417287410707462
1.1930159223387688e-7  -0.958736650903177
1.2207604786722285e-7  -0.9402779231807487
1.2485050350056882e-7  -0.9359730489231732
1.276249591339148e-7  -0.9365659115986044
1.3039941476726076e-7  -0.918909273778214
1.3317387040060675e-7  -0.947017662149584
1.3594832603395272e-7  -0.9421360664965007
1.387227816672987e-7  -0.9265991971268341
