2.774455633345974e-9  -0.9512733298731945
5.548911266691948e-9  -0.9496960912928908
8.323366900037922e-9  -0.9508302962081311
1.1097822533383895e-8  -0.9479666359034569
1.3872278166729869e-8  -0.9505159594087708
1.6646733800075844e-8  -0.9506798835501824
1.9421189433421816e-8  -0.9462347429858886
2.219564506676779e-8  -0.9460881559187673
2.4970100700113762e-8  -0.9537496186463554
2.7744556333459737e-8  -0.9491957757434439
3.051901196680571e-8  -0.9449835930580438
3.329346760015169e-8  -0.9412084718307168
3.6067923233497656e-8  -0.9482472048103681
3.884237886684363e-8  -0.9517155582577007
4.1616834500189606e-8  -0.9477615617382535
4.439129013353558e-8  -0.9448300521649649
4.7165745766881556e-8  -0.9537598217201327
4.9940201400227525e-8  -0.9589332503956479
5.27146570335735e-8  -0.9520061366158832
5.5489112666919475e-8  -0.9562061963080574
5.826356830026545e-8  -0.9613960973283182
6.103802393361143e-8  -0.9482175064635974
6.38124795669574e-8  -0.9414812876499633
6.658693520030338e-8  -0.9496555614645139
6.936139083364934e-8  -0.9498486822232967
7.213584646699531e-8  -0.9469073944906731
7.49103021003413e-8  -0.9512235398608033
7.768475773368726e-8  -0.9453801952980941
8.045921336703324e-8  -0.9393870668599902
8.323366900037921e-8  -0.9507503396095508
8.600812463372518e-8  -0.960638730294472
8.878258026707116e-8  -0.9555468003421446
9.155703590041713e-8  -0.9515283213495676
9.433149153376311e-8  -0.9498228770638842
9.710594716710908e-8  -0.9564305215042581
9.988040280045505e-8  -0.9608339386342492
1.0265485843380103e-7  -0.9510586091602007
1.05429314067147e-7  -0.9673794343674833
1.0820376970049298e-7  -0.962726797072038
1.1097822533383895e-7  -0.9612657329923839
1.1375268096718492e-7  -0.9396198707625079
1.165271366005309e-7  -0.9396869635239056
1.1930159223387688e-7  -0.9228661398246184
1.2207604786722285e-7  -0.9442402505884164
1.2485050350056882e-7  -0.9401104427757119
1.276249591339148e-7  -0.9417687482934889
1.3039941476726076e-7  -0.9412476874683022
1.3317387040060675e-7  -0.9400660794985954
1.3594832603395272e-7  -0.9601379369636532
1.387227816672987e-7  -0.9213957672042054
