2.774455633345974e-9  -0.5933437510094977
5.548911266691948e-9  -0.5933978859718021
8.323366900037922e-9  -0.5930978848179909
1.1097822533383895e-8  -0.5942877834709329
1.3872278166729869e-8  -0.5956636357971401
1.6646733800075844e-8  -0.5962996096487082
1.9421189433421816e-8  -0.5933798908396306
2.219564506676779e-8  -0.5937973658353392
2.4970100700113762e-8  -0.5937915452493884
2.7744556333459737e-8  -0.594680200520098
3.051901196680571e-8  -0.5908030845264247
3.329346760015169e-8  -0.5918840526749691
3.6067923233497656e-8  -0.5921879842968661
3.884237886684363e-8  -0.5891986477732828
4.1616834500189606e-8  -0.5915601012361342
4.439129013353558e-8  -0.5896802681373415
4.7165745766881556e-8  -0.5871461091110606
4.9940201400227525e-8  -0.5857410453478242
5.27146570335735e-8  -0.5864216063807056
5.5489112666919475e-8  -0.5908992300160101
5.826356830026545e-8  -0.5905830737379625
6.103802393361143e-8  -0.5910964650941816
6.38124795669574e-8  -0.5909425993877819
6.658693520030338e-8  -0.5936387337067973
6.936139083364934e-8  -0.5905930008504772
7.213584646699531e-8  -0.5903980247316829
7.49103021003413e-8  -0.5917113197914537
7.768475773368726e-8  -0.5903208714463991
8.045921336703324e-8  -0.5877665352491785
8.323366900037921e-8  -0.5880157507883914
8.600812463372518e-8  -0.584864906030432
8.878258026707116e-8  -0.5897482075924562
9.155703590041713e-8  -0.5952222936703356
9.433149153376311e-8  -0.5934553040416808
9.710594716710908e-8  -0.5917967638722299
9.988040280045505e-8  -0.5887823513279505
1.0265485843380103e-7  -0.5863960432893492
1.05429314067147e-7  -0.5840742624014249
1.0820376970049298e-7  -0.586970412050069
1.1097822533383895e-7  -0.5846210966652888
1.1375268096718492e-7  -0.5849343108342548
1.165271366005309e-7  -0.5844898197059033
1.1930159223387688e-7  -0.5873563753318124
1.2207604786722285e-7  -0.583512594072217
1.2485050350056882e-7  -0.5838838018237542
1.276249591339148e-7  -0.5940971433212451
1.3039941476726076e-7  -0.5955470399284954
1.3317387040060675e-7  -0.5898261287608441
1.3594832603395272e-7  -0.5951924772610748
1.387227816672987e-7  -0.5876775467753754
