2.774455633345974e-9  -0.7609953265927903
5.548911266691948e-9  -0.762331095351967
8.323366900037922e-9  -0.7601996497162395
1.1097822533383895e-8  -0.7601092487697008
1.3872278166729869e-8  -0.7614591922378205
1.6646733800075844e-8  -0.7574681055048037
1.9421189433421816e-8  -0.7619996301877644
2.219564506676779e-8  -0.7580631790648467
2.4970100700113762e-8  -0.761124238955636
2.7744556333459737e-8  -0.7578606038023009
3.051901196680571e-8  -0.7578102068419493
3.329346760015169e-8  -0.7593029387485593
3.6067923233497656e-8  -0.759249416137132
3.884237886684363e-8  -0.7526541455248196
4.1616834500189606e-8  -0.7570962394349869
4.439129013353558e-8  -0.7548626638749294
4.7165745766881556e-8  -0.7515791165726169
4.9940201400227525e-8  -0.7593333545578353
5.27146570335735e-8  -0.7454434328907014
5.5489112666919475e-8  -0.757824123993658
5.826356830026545e-8  -0.7557422159161138
6.103802393361143e-8  -0.7547786186155075
6.38124795669574e-8  -0.7458034185797741
6.658693520030338e-8  -0.7555837237271308
6.936139083364934e-8  -0.7600397354637006
7.213584646699531e-8  -0.7580745773921249
7.49103021003413e-8  -0.7646107881806323
7.768475773368726e-8  -0.7519254446040272
8.045921336703324e-8  -0.7531854220731596
8.323366900037921e-8  -0.7525493571871751
8.600812463372518e-8  -0.7500481499727232
8.878258026707116e-8  -0.7470760734059968
9.155703590041713e-8  -0.7484521366226258
9.433149153376311e-8  -0.7459526910935608
9.710594716710908e-8  -0.7570380621337969
9.988040280045505e-8  -0.7464790908638087
1.0265485843380103e-7  -0.7524345907987903
1.05429314067147e-7  -0.7576946182510769
1.0820376970049298e-7  -0.7503040613527873
1.1097822533383895e-7  -0.752306552794685
1.1375268096718492e-7  -0.7521100236979796
1.165271366005309e-7  -0.7541223059767046
1.1930159223387688e-7  -0.7498925570260075
1.2207604786722285e-7  -0.7474252222556536
1.2485050350056882e-7  -0.741500228817496
1.276249591339148e-7  -0.7506607343053172
1.3039941476726076e-7  -0.7561353005139612
1.3317387040060675e-7  -0.7577031895817291
1.3594832603395272e-7  -0.7601995321767923
1.387227816672987e-7  -0.7442330955285997
