2.774455633345974e-9  -1.0338062592441193
5.548911266691948e-9  -1.033839942719489
8.323366900037922e-9  -1.0334268788843861
1.1097822533383895e-8  -1.0338872660946994
1.3872278166729869e-8  -1.0338943988957217
1.6646733800075844e-8  -1.0350230598411811
1.9421189433421816e-8  -1.0320337400411064
2.219564506676779e-8  -1.0344830438997195
2.4970100700113762e-8  -1.0336243042654973
2.7744556333459737e-8  -1.0358972879138273
3.051901196680571e-8  -1.0360684151204602
3.329346760015169e-8  -1.032874489219624
3.6067923233497656e-8  -1.035119779871904
3.884237886684363e-8  -1.0378016881419099
4.1616834500189606e-8  -1.0330811750667477
4.439129013353558e-8  -1.0358742161415078
4.7165745766881556e-8  -1.0332562962161902
4.9940201400227525e-8  -1.0312436112301258
5.27146570335735e-8  -1.031360260722954
5.5489112666919475e-8  -1.0365980693110302
5.826356830026545e-8  -1.033741069574844
6.103802393361143e-8  -1.0375787876021156
6.38124795669574e-8  -1.033476279010099
6.658693520030338e-8  -1.0337105424780626
6.936139083364934e-8  -1.0306595827296092
7.213584646699531e-8  -1.029352062844255
7.49103021003413e-8  -1.0393935260707046
7.768475773368726e-8  -1.0408287940072567
8.045921336703324e-8  -1.0433060105517358
8.323366900037921e-8  -1.0409253525834723
8.600812463372518e-8  -1.0381830794946096
8.878258026707116e-8  -1.0254835271293326
9.155703590041713e-8  -1.0336689397780312
9.433149153376311e-8  -1.0267804610056992
9.710594716710908e-8  -1.0281643879319837
9.988040280045505e-8  -1.0347409453123682
1.0265485843380103e-7  -1.0283739195594932
1.05429314067147e-7  -1.0270866152397686
1.0820376970049298e-7  -1.0341240587640137
1.1097822533383895e-7  -1.0359415575808648
1.1375268096718492e-7  -1.0283696775111377
1.165271366005309e-7  -1.032267834338299
1.1930159223387688e-7  -1.0302256189388943
1.2207604786722285e-7  -1.034238340301726
1.2485050350056882e-7  -1.0365064022881607
1.276249591339148e-7  -1.025186752632681
1.3039941476726076e-7  -1.0320017646624802
1.3317387040060675e-7  -1.0327497099764464
1.3594832603395272e-7  -1.0190580170167594
1.387227816672987e-7  -1.0305083581129693
