2.774455633345974e-9  -0.6737252671460742
5.548911266691948e-9  -0.6736907324023591
8.323366900037922e-9  -0.6743132845229359
1.1097822533383895e-8  -0.6753833548361097
1.3872278166729869e-8  -0.6744556803751238
1.6646733800075844e-8  -0.6754844625301843
1.9421189433421816e-8  -0.677845285595047
2.219564506676779e-8  -0.6729680204283686
2.4970100700113762e-8  -0.6764599666013039
2.7744556333459737e-8  -0.6762820125669643
3.051901196680571e-8  -0.6776748275625681
3.329346760015169e-8  -0.6749353329545518
3.6067923233497656e-8  -0.6747232996026907
3.884237886684363e-8  -0.6765847502596974
4.1616834500189606e-8  -0.6749934141596713
4.439129013353558e-8  -0.6792935177401526
4.7165745766881556e-8  -0.674756265774842
4.9940201400227525e-8  -0.6719456085068641
5.27146570335735e-8  -0.6717148933834465
5.5489112666919475e-8  -0.677849434706373
5.826356830026545e-8  -0.6732458420535532
6.103802393361143e-8  -0.6794639857841216
6.38124795669574e-8  -0.674854609207841
6.658693520030338e-8  -0.6732530150734187
6.936139083364934e-8  -0.6681527260083534
7.213584646699531e-8  -0.6693729030518121
7.49103021003413e-8  -0.6692597880901113
7.768475773368726e-8  -0.6655015617056186
8.045921336703324e-8  -0.6708679361611763
8.323366900037921e-8  -0.6706121159495634
8.600812463372518e-8  -0.666487696461312
8.878258026707116e-8  -0.6728869335915221
9.155703590041713e-8  -0.6798056293830431
9.433149153376311e-8  -0.6746322406096732
9.710594716710908e-8  -0.6735578792414676
9.988040280045505e-8  -0.67976251634909
1.0265485843380103e-7  -0.66947234751203
1.05429314067147e-7  -0.6704670740370696
1.0820376970049298e-7  -0.6669936136573499
1.1097822533383895e-7  -0.6724451186340258
1.1375268096718492e-7  -0.6710535448255638
1.165271366005309e-7  -0.6706077960376837
1.1930159223387688e-7  -0.6707405138138983
1.2207604786722285e-7  -0.678847133626338
1.2485050350056882e-7  -0.6777588463412865
1.276249591339148e-7  -0.6695715617184
1.3039941476726076e-7  -0.6654202407227895
1.3317387040060675e-7  -0.65777875718995
1.3594832603395272e-7  -0.6636041241609897
1.387227816672987e-7  -0.6740674194406537
