2.774455633345974e-9  -0.5581875871836004
5.548911266691948e-9  -0.5583930058410534
8.323366900037922e-9  -0.5580376476611226
1.1097822533383895e-8  -0.5593970767557673
1.3872278166729869e-8  -0.5584206696050785
1.6646733800075844e-8  -0.5588721687994193
1.9421189433421816e-8  -0.5593875036364278
2.219564506676779e-8  -0.5614061693908383
2.4970100700113762e-8  -0.560533449942885
2.7744556333459737e-8  -0.557449452074394
3.051901196680571e-8  -0.5601848308628457
3.329346760015169e-8  -0.5552703372541191
3.6067923233497656e-8  -0.555788915873243
3.884237886684363e-8  -0.5633176162086606
4.1616834500189606e-8  -0.5604221658123059
4.439129013353558e-8  -0.5588942277079306
4.7165745766881556e-8  -0.5539828442104455
4.9940201400227525e-8  -0.5617134940596246
5.27146570335735e-8  -0.5615331961770673
5.5489112666919475e-8  -0.5560883061711144
5.826356830026545e-8  -0.5532690958252698
6.103802393361143e-8  -0.5581719727482837
6.38124795669574e-8  -0.5509045344810157
6.658693520030338e-8  -0.5560725278387492
6.936139083364934e-8  -0.5536088096016216
7.213584646699531e-8  -0.5564255999983463
7.49103021003413e-8  -0.5615987238363378
7.768475773368726e-8  -0.5574919963903688
8.045921336703324e-8  -0.5552953991153186
8.323366900037921e-8  -0.5557026438072509
8.600812463372518e-8  -0.554805719519346
8.878258026707116e-8  -0.5552326183259776
9.155703590041713e-8  -0.5553453262249328
9.433149153376311e-8  -0.555782661900134
9.710594716710908e-8  -0.5604403554109343
9.988040280045505e-8  -0.558355704420279
1.0265485843380103e-7  -0.5567770104027701
1.05429314067147e-7  -0.5521841143770916
1.0820376970049298e-7  -0.5543189625320071
1.1097822533383895e-7  -0.5550463743282875
1.1375268096718492e-7  -0.5479832577203123
1.165271366005309e-7  -0.5600544403081454
1.1930159223387688e-7  -0.5547580125823793
1.2207604786722285e-7  -0.5542489361137497
1.2485050350056882e-7  -0.5563382948662838
1.276249591339148e-7  -0.5477361967007318
1.3039941476726076e-7  -0.5529617067248097
1.3317387040060675e-7  -0.550423656827213
1.3594832603395272e-7  -0.5494253670432115
1.387227816672987e-7  -0.5536542941051161
