2.774455633345974e-9  -1.0577445617910257
5.548911266691948e-9  -1.0574501177345454
8.323366900037922e-9  -1.0571880699823244
1.1097822533383895e-8  -1.0585138095732052
1.3872278166729869e-8  -1.0581628667274174
1.6646733800075844e-8  -1.056568473019068
1.9421189433421816e-8  -1.058185664422372
2.219564506676779e-8  -1.0525508764256322
2.4970100700113762e-8  -1.0655780835263613
2.7744556333459737e-8  -1.0556979480471445
3.051901196680571e-8  -1.0563629495205225
3.329346760015169e-8  -1.05321890443616
3.6067923233497656e-8  -1.0501796030414126
3.884237886684363e-8  -1.0546367799364487
4.1616834500189606e-8  -1.0577982016790075
4.439129013353558e-8  -1.0542771246243974
4.7165745766881556e-8  -1.0605657950309457
4.9940201400227525e-8  -1.0665839718485663
5.27146570335735e-8  -1.0612766615163782
5.5489112666919475e-8  -1.0582059000843085
5.826356830026545e-8  -1.0471977844920988
6.103802393361143e-8  -1.0464568985683487
6.38124795669574e-8  -1.0472405105478322
6.658693520030338e-8  -1.048009939145501
6.936139083364934e-8  -1.030493683332353
7.213584646699531e-8  -1.0576880818661847
7.49103021003413e-8  -1.0486813747477919
7.768475773368726e-8  -1.050521672581019
8.045921336703324e-8  -1.0546089089610566
8.323366900037921e-8  -1.0559846962101764
8.600812463372518e-8  -1.0490304918049251
8.878258026707116e-8  -1.0572190205512473
9.155703590041713e-8  -1.0437602204897587
9.433149153376311e-8  -1.045566765921231
9.710594716710908e-8  -1.0468629027330167
9.988040280045505e-8  -1.0561010932474215
1.0265485843380103e-7  -1.058547786090062
1.05429314067147e-7  -1.068901267931706
1.0820376970049298e-7  -1.0543507969376977
1.1097822533383895e-7  -1.0474280113495582
1.1375268096718492e-7  -1.0587102135038602
1.165271366005309e-7  -1.0445874921008564
1.1930159223387688e-7  -1.053912481816838
1.2207604786722285e-7  -1.0445878235350967
1.2485050350056882e-7  -1.0496988072178914
1.276249591339148e-7  -1.048499045529242
1.3039941476726076e-7  -1.046841137862852
1.3317387040060675e-7  -1.0448700684541865
1.3594832603395272e-7  -1.029845271000351
1.387227816672987e-7  -1.0501332362869509
