2.774455633345974e-9  -1.04601829611971
5.548911266691948e-9  -1.0463385382952095
8.323366900037922e-9  -1.047061195704016
1.1097822533383895e-8  -1.047144119356067
1.3872278166729869e-8  -1.0473339697393818
1.6646733800075844e-8  -1.050085414730283
1.9421189433421816e-8  -1.047358558795567
2.219564506676779e-8  -1.046558214498855
2.4970100700113762e-8  -1.047866463905792
2.7744556333459737e-8  -1.0499625140907118
3.051901196680571e-8  -1.05595493886059
3.329346760015169e-8  -1.0521452944395453
3.6067923233497656e-8  -1.0464459379192104
3.884237886684363e-8  -1.0384674761756403
4.1616834500189606e-8  -1.0416838535261703
4.439129013353558e-8  -1.048299043057846
4.7165745766881556e-8  -1.046495093970443
4.9940201400227525e-8  -1.042480691570509
5.27146570335735e-8  -1.0493541664785029
5.5489112666919475e-8  -1.0466400283465287
5.826356830026545e-8  -1.0492490520369657
6.103802393361143e-8  -1.0513570049047356
6.38124795669574e-8  -1.053189131856493
6.658693520030338e-8  -1.0564892542734698
6.936139083364934e-8  -1.030178810043667
7.213584646699531e-8  -1.040514259954467
7.49103021003413e-8  -1.0473520724489978
7.768475773368726e-8  -1.041081305419634
8.045921336703324e-8  -1.038755773440253
8.323366900037921e-8  -1.0441049651550545
8.600812463372518e-8  -1.0441584052584025
8.878258026707116e-8  -1.0349246733992075
9.155703590041713e-8  -1.0389293134975564
9.433149153376311e-8  -1.0477548750941312
9.710594716710908e-8  -1.0458046751162209
9.988040280045505e-8  -1.0436962870410047
1.0265485843380103e-7  -1.0494803467039593
1.05429314067147e-7  -1.0507567731182277
1.0820376970049298e-7  -1.0428386071279978
1.1097822533383895e-7  -1.0486898777516231
1.1375268096718492e-7  -1.0486527049545362
1.165271366005309e-7  -1.0516760652602168
1.1930159223387688e-7  -1.0503927236758859
1.2207604786722285e-7  -1.0359180638723497
1.2485050350056882e-7  -1.0414280757459182
1.276249591339148e-7  -1.0539070292616726
1.3039941476726076e-7  -1.0413009817511685
1.3317387040060675e-7  -1.0448419066488448
1.3594832603395272e-7  -1.039111441135618
1.387227816672987e-7  -1.0385680346653718
