2.774455633345974e-9  -1.054868678397297
5.548911266691948e-9  -1.0544956080253398
8.323366900037922e-9  -1.0547951063936993
1.1097822533383895e-8  -1.057655013517314
1.3872278166729869e-8  -1.0570670017143526
1.6646733800075844e-8  -1.0540432846301218
1.9421189433421816e-8  -1.052667623138851
2.219564506676779e-8  -1.0530553841804737
2.4970100700113762e-8  -1.0544994948673998
2.7744556333459737e-8  -1.054953696574539
3.051901196680571e-8  -1.057587695603102
3.329346760015169e-8  -1.0594926386091459
3.6067923233497656e-8  -1.048822196873433
3.884237886684363e-8  -1.0520123400210157
4.1616834500189606e-8  -1.059380055543106
4.439129013353558e-8  -1.0601770524046505
4.7165745766881556e-8  -1.0514226583311275
4.9940201400227525e-8  -1.0574402242587317
5.27146570335735e-8  -1.05188740826318
5.5489112666919475e-8  -1.062790836160845
5.826356830026545e-8  -1.0475709481792246
6.103802393361143e-8  -1.0601372103756155
6.38124795669574e-8  -1.0569434634702624
6.658693520030338e-8  -1.0588868139533314
6.936139083364934e-8  -1.0394775529619804
7.213584646699531e-8  -1.039309695567688
7.49103021003413e-8  -1.0371746644665756
7.768475773368726e-8  -1.0443291285256926
8.045921336703324e-8  -1.0579522625509807
8.323366900037921e-8  -1.0461944288894003
8.600812463372518e-8  -1.0315279737514873
8.878258026707116e-8  -1.042768639371338
9.155703590041713e-8  -1.0496430493260365
9.433149153376311e-8  -1.0542532945029448
9.710594716710908e-8  -1.0538063444920411
9.988040280045505e-8  -1.051499298096187
1.0265485843380103e-7  -1.0212644839127685
1.05429314067147e-7  -1.0582939628337773
1.0820376970049298e-7  -1.05530294308311
1.1097822533383895e-7  -1.0607877053499473
1.1375268096718492e-7  -1.0446312498793544
1.165271366005309e-7  -1.0507696689421988
1.1930159223387688e-7  -1.0421098312954482
1.2207604786722285e-7  -1.0517588704434022
1.2485050350056882e-7  -1.063016446221715
1.276249591339148e-7  -1.0447346958520978
1.3039941476726076e-7  -1.053014921028054
1.3317387040060675e-7  -1.0327049359168126
1.3594832603395272e-7  -1.0280517446778608
1.387227816672987e-7  -1.0395243762733344
