2.774455633345974e-9  -1.0204683782431168
5.548911266691948e-9  -1.0211709770625985
8.323366900037922e-9  -1.0215756116990886
1.1097822533383895e-8  -1.023160077615723
1.3872278166729869e-8  -1.0230217048381294
1.6646733800075844e-8  -1.0210448767114093
1.9421189433421816e-8  -1.0304719434554062
2.219564506676779e-8  -1.0239643965645064
2.4970100700113762e-8  -1.0187930187675474
2.7744556333459737e-8  -1.0175726159980563
3.051901196680571e-8  -1.0244846640319332
3.329346760015169e-8  -1.0175807445187677
3.6067923233497656e-8  -1.0196773381973672
3.884237886684363e-8  -1.0244324263152862
4.1616834500189606e-8  -1.024102042481975
4.439129013353558e-8  -1.021760832463829
4.7165745766881556e-8  -1.0241020173162723
4.9940201400227525e-8  -1.0190924970423092
5.27146570335735e-8  -1.0092211781665865
5.5489112666919475e-8  -1.0070190719907632
5.826356830026545e-8  -1.010476134858322
6.103802393361143e-8  -1.0152124908069142
6.38124795669574e-8  -1.018778264953007
6.658693520030338e-8  -1.0164199136506393
6.936139083364934e-8  -1.0137369907151537
7.213584646699531e-8  -1.0218596801129125
7.49103021003413e-8  -1.0159291348461603
7.768475773368726e-8  -1.0039154143489117
8.045921336703324e-8  -1.0257632498466613
8.323366900037921e-8  -1.0219248726168926
8.600812463372518e-8  -1.0305424428330998
8.878258026707116e-8  -1.023897630982996
9.155703590041713e-8  -1.006047919922828
9.433149153376311e-8  -1.0141509480235162
9.710594716710908e-8  -1.0082291026089039
9.988040280045505e-8  -1.0135009980019876
1.0265485843380103e-7  -1.0107784777848066
1.05429314067147e-7  -1.006284750286553
1.0820376970049298e-7  -1.0163578209361763
1.1097822533383895e-7  -1.0079684418081631
1.1375268096718492e-7  -1.002496512617413
1.165271366005309e-7  -1.003881898075022
1.1930159223387688e-7  -1.006550386621996
1.2207604786722285e-7  -1.0082071459240562
1.2485050350056882e-7  -0.995447474021547
1.276249591339148e-7  -1.0146354498394927
1.3039941476726076e-7  -1.0016223303389802
1.3317387040060675e-7  -1.0186804818851358
1.3594832603395272e-7  -1.011724556961255
1.387227816672987e-7  -1.0079881362879182
