2.774455633345974e-9  -1.017113215099069
5.548911266691948e-9  -1.017277111896147
8.323366900037922e-9  -1.0227564997367014
1.1097822533383895e-8  -1.0147974304909284
1.3872278166729869e-8  -1.021012229441908
1.6646733800075844e-8  -1.0184531109637078
1.9421189433421816e-8  -1.0130713877910662
2.219564506676779e-8  -1.0096518607362919
2.4970100700113762e-8  -1.0126799141749658
2.7744556333459737e-8  -1.0078397291451682
3.051901196680571e-8  -1.0296009260889771
3.329346760015169e-8  -1.0155955102938556
3.6067923233497656e-8  -1.001541127725921
3.884237886684363e-8  -1.0121451474345051
4.1616834500189606e-8  -1.0118624196451957
4.439129013353558e-8  -1.010092478421375
4.7165745766881556e-8  -1.0204194003543772
4.9940201400227525e-8  -1.019316730792683
5.27146570335735e-8  -1.0090501396846545
5.5489112666919475e-8  -1.0018768239367446
5.826356830026545e-8  -1.0136012888695516
6.103802393361143e-8  -1.022707724831177
6.38124795669574e-8  -1.011835196645792
6.658693520030338e-8  -1.015765312106925
6.936139083364934e-8  -1.007884792469444
7.213584646699531e-8  -1.006798142719607
7.49103021003413e-8  -1.0031881284438964
7.768475773368726e-8  -1.0011080363657896
8.045921336703324e-8  -1.0060648153266507
8.323366900037921e-8  -1.0108957439769335
8.600812463372518e-8  -1.0111957469220594
8.878258026707116e-8  -1.001793892147258
9.155703590041713e-8  -1.0005653894798452
9.433149153376311e-8  -0.99491355714801
9.710594716710908e-8  -1.0044199160823324
9.988040280045505e-8  -0.9937049792889836
1.0265485843380103e-7  -1.0095434533545096
1.05429314067147e-7  -1.0055222533493844
1.0820376970049298e-7  -1.0116217088216382
1.1097822533383895e-7  -1.0036326593598548
1.1375268096718492e-7  -0.9995172656652072
1.165271366005309e-7  -1.0100701380719277
1.1930159223387688e-7  -1.0134002840842233
1.2207604786722285e-7  -1.0124772435901535
1.2485050350056882e-7  -0.9947003019579437
1.276249591339148e-7  -1.0122722068606778
1.3039941476726076e-7  -1.0047580751452765
1.3317387040060675e-7  -1.0209997307248873
1.3594832603395272e-7  -1.0151789148358976
1.387227816672987e-7  -1.008181424527556
