2.774455633345974e-9  -0.9730608847798796
5.548911266691948e-9  -0.9733050511767783
8.323366900037922e-9  -0.9734974593774629
1.1097822533383895e-8  -0.9762814418137534
1.3872278166729869e-8  -0.9742693687570328
1.6646733800075844e-8  -0.9723257046997108
1.9421189433421816e-8  -0.9711963292555078
2.219564506676779e-8  -0.971915829719947
2.4970100700113762e-8  -0.9750985189109829
2.7744556333459737e-8  -0.9737925777374262
3.051901196680571e-8  -0.9725342139291631
3.329346760015169e-8  -0.9719824089614929
3.6067923233497656e-8  -0.973240492526956
3.884237886684363e-8  -0.9697565573113752
4.1616834500189606e-8  -0.9669899018369812
4.439129013353558e-8  -0.980046209512061
4.7165745766881556e-8  -0.9742933191658377
4.9940201400227525e-8  -0.9720905897027492
5.27146570335735e-8  -0.9748741946996539
5.5489112666919475e-8  -0.9786269515376257
5.826356830026545e-8  -0.9721017776555607
6.103802393361143e-8  -0.9770097968283789
6.38124795669574e-8  -0.9680929989574395
6.658693520030338e-8  -0.9652689523216992
6.936139083364934e-8  -0.9681604163628437
7.213584646699531e-8  -0.9465283525622381
7.49103021003413e-8  -0.9674754279421565
7.768475773368726e-8  -0.9573952237837301
8.045921336703324e-8  -0.9656493751245384
8.323366900037921e-8  -0.9579308315025101
8.600812463372518e-8  -0.9511646295014154
8.878258026707116e-8  -0.9625463215275154
9.155703590041713e-8  -0.9794882652069022
9.433149153376311e-8  -0.9768701022090812
9.710594716710908e-8  -0.9714550734576948
9.988040280045505e-8  -0.9616002784303134
1.0265485843380103e-7  -0.9456438872993806
1.05429314067147e-7  -0.9623778521053312
1.0820376970049298e-7  -0.9733641096396091
1.1097822533383895e-7  -0.9558772019661964
1.1375268096718492e-7  -0.9705972805009009
1.165271366005309e-7  -0.9680253841799948
1.1930159223387688e-7  -0.966619902551109
1.2207604786722285e-7  -0.9689932826045856
1.2485050350056882e-7  -0.9778410026609033
1.276249591339148e-7  -0.9650833206586186
1.3039941476726076e-7  -0.9590696149232959
1.3317387040060675e-7  -0.963186996780099
1.3594832603395272e-7  -0.9511150409863594
1.387227816672987e-7  -0.9739669076664931
