2.774455633345974e-9  -0.6890140686329076
5.548911266691948e-9  -0.6903429038919239
8.323366900037922e-9  -0.6909303167692258
1.1097822533383895e-8  -0.6926823451294308
1.3872278166729869e-8  -0.6936365733346945
1.6646733800075844e-8  -0.6924359386217237
1.9421189433421816e-8  -0.6946138019055459
2.219564506676779e-8  -0.697630875371492
2.4970100700113762e-8  -0.69621486633119
2.7744556333459737e-8  -0.6938459719883802
3.051901196680571e-8  -0.6945506623332951
3.329346760015169e-8  -0.6894226813619855
3.6067923233497656e-8  -0.6927612545650704
3.884237886684363e-8  -0.6945313789472553
4.1616834500189606e-8  -0.693158737696967
4.439129013353558e-8  -0.701763428164953
4.7165745766881556e-8  -0.698471834728571
4.9940201400227525e-8  -0.6948908216624321
5.27146570335735e-8  -0.6911491192226702
5.5489112666919475e-8  -0.6897657019219025
5.826356830026545e-8  -0.693318897991904
6.103802393361143e-8  -0.6890719064824651
6.38124795669574e-8  -0.6888566585876684
6.658693520030338e-8  -0.6917922940674898
6.936139083364934e-8  -0.6901035763561247
7.213584646699531e-8  -0.6884642340750728
7.49103021003413e-8  -0.6912066302535709
7.768475773368726e-8  -0.6887938197309662
8.045921336703324e-8  -0.6951588688872851
8.323366900037921e-8  -0.6894043355529608
8.600812463372518e-8  -0.6889795016761104
8.878258026707116e-8  -0.6943374692613083
9.155703590041713e-8  -0.6895536227029653
9.433149153376311e-8  -0.6875863750735429
9.710594716710908e-8  -0.6925262966158676
9.988040280045505e-8  -0.6813822158022322
1.0265485843380103e-7  -0.6854169865085319
1.05429314067147e-7  -0.6912829886265605
1.0820376970049298e-7  -0.6896169785763933
1.1097822533383895e-7  -0.6947006438419782
1.1375268096718492e-7  -0.6766985472470334
1.165271366005309e-7  -0.6907666314709267
1.1930159223387688e-7  -0.6745974662580488
1.2207604786722285e-7  -0.6908571229167028
1.2485050350056882e-7  -0.6854406644893606
1.276249591339148e-7  -0.6819190434086704
1.3039941476726076e-7  -0.6847136089076358
1.3317387040060675e-7  -0.6926334325643864
1.3594832603395272e-7  -0.6874099743577743
1.387227816672987e-7  -0.6754455446402418
