2.774455633345974e-9  -0.7470732770649087
5.548911266691948e-9  -0.7469427113562392
8.323366900037922e-9  -0.7467368844040465
1.1097822533383895e-8  -0.7467964790894417
1.3872278166729869e-8  -0.7470389081104764
1.6646733800075844e-8  -0.7479340982257386
1.9421189433421816e-8  -0.7505594023564862
2.219564506676779e-8  -0.7474066658290804
2.4970100700113762e-8  -0.7473797927540908
2.7744556333459737e-8  -0.7490371156270516
3.051901196680571e-8  -0.7462287987977329
3.329346760015169e-8  -0.7463911239847837
3.6067923233497656e-8  -0.7449164815005003
3.884237886684363e-8  -0.7483408274847719
4.1616834500189606e-8  -0.7443266299484097
4.439129013353558e-8  -0.7480933356389952
4.7165745766881556e-8  -0.7438347648647379
4.9940201400227525e-8  -0.7477933238518165
5.27146570335735e-8  -0.7483777881872954
5.5489112666919475e-8  -0.7415132962275736
5.826356830026545e-8  -0.7426154147891436
6.103802393361143e-8  -0.750705050751523
6.38124795669574e-8  -0.7405324368201051
6.658693520030338e-8  -0.7463267540475778
6.936139083364934e-8  -0.7469863435632174
7.213584646699531e-8  -0.7479804442089437
7.49103021003413e-8  -0.7455023038187221
7.768475773368726e-8  -0.7455696457570945
8.045921336703324e-8  -0.7397273257522153
8.323366900037921e-8  -0.7419373272584082
8.600812463372518e-8  -0.7475711645787801
8.878258026707116e-8  -0.7384366637449729
9.155703590041713e-8  -0.7446673782639338
9.433149153376311e-8  -0.7443670516746688
9.710594716710908e-8  -0.7461796058582202
9.988040280045505e-8  -0.746006053458836
1.0265485843380103e-7  -0.7377222479646991
1.05429314067147e-7  -0.7434554874223895
1.0820376970049298e-7  -0.7294123011561948
1.1097822533383895e-7  -0.7362299744826876
1.1375268096718492e-7  -0.7391140378834947
1.165271366005309e-7  -0.7471999246430702
1.1930159223387688e-7  -0.7403435856190563
1.2207604786722285e-7  -0.7404051322844913
1.2485050350056882e-7  -0.7429835066541259
1.276249591339148e-7  -0.7480473572323232
1.3039941476726076e-7  -0.7445492376740109
1.3317387040060675e-7  -0.7370897375553004
1.3594832603395272e-7  -0.744174776247793
1.387227816672987e-7  -0.7416476963510319
