2.774455633345974e-9  -1.0508090024849468
5.548911266691948e-9  -1.050644329598503
8.323366900037922e-9  -1.0507368237955306
1.1097822533383895e-8  -1.0508512781531372
1.3872278166729869e-8  -1.0510750036695495
1.6646733800075844e-8  -1.0511007681757614
1.9421189433421816e-8  -1.0549300204296428
2.219564506676779e-8  -1.0499493203978736
2.4970100700113762e-8  -1.051403279819891
2.7744556333459737e-8  -1.0531327735511415
3.051901196680571e-8  -1.054359652694938
3.329346760015169e-8  -1.0545849781655472
3.6067923233497656e-8  -1.059059275183195
3.884237886684363e-8  -1.0580661240781863
4.1616834500189606e-8  -1.0551472662075305
4.439129013353558e-8  -1.0533376106362329
4.7165745766881556e-8  -1.0490991401265328
4.9940201400227525e-8  -1.0459345779807856
5.27146570335735e-8  -1.0494186755399222
5.5489112666919475e-8  -1.055508915549176
5.826356830026545e-8  -1.047659769247952
6.103802393361143e-8  -1.0558868996070583
6.38124795669574e-8  -1.0554436859033711
6.658693520030338e-8  -1.058048368508014
6.936139083364934e-8  -1.047323511109188
7.213584646699531e-8  -1.0538351645638286
7.49103021003413e-8  -1.0605740310317322
7.768475773368726e-8  -1.0579451725091953
8.045921336703324e-8  -1.0598724283810645
8.323366900037921e-8  -1.0574876522381174
8.600812463372518e-8  -1.0494514363014404
8.878258026707116e-8  -1.0502108330194617
9.155703590041713e-8  -1.049759502689913
9.433149153376311e-8  -1.0473834159543283
9.710594716710908e-8  -1.040133613191865
9.988040280045505e-8  -1.0419269525773915
1.0265485843380103e-7  -1.034279072965192
1.05429314067147e-7  -1.041059975351989
1.0820376970049298e-7  -1.043090084131618
1.1097822533383895e-7  -1.0548430223558094
1.1375268096718492e-7  -1.0361915631742136
1.165271366005309e-7  -1.0391354690077672
1.1930159223387688e-7  -1.0374015478582057
1.2207604786722285e-7  -1.0441799076128147
1.2485050350056882e-7  -1.057946873982919
1.276249591339148e-7  -1.0499140807693652
1.3039941476726076e-7  -1.049451913738181
1.3317387040060675e-7  -1.0465136819414222
1.3594832603395272e-7  -1.0461814656455617
1.387227816672987e-7  -1.0427405521288864
