2.774455633345974e-9  -1.0384085452293186
5.548911266691948e-9  -1.0390365619237876
8.323366900037922e-9  -1.0381043282475326
1.1097822533383895e-8  -1.0421932199270922
1.3872278166729869e-8  -1.0391162840864323
1.6646733800075844e-8  -1.0376337130971731
1.9421189433421816e-8  -1.0353109005612695
2.219564506676779e-8  -1.0421888531896413
2.4970100700113762e-8  -1.0382744232246983
2.7744556333459737e-8  -1.0269636835717009
3.051901196680571e-8  -1.0399736154232138
3.329346760015169e-8  -1.0292637926217452
3.6067923233497656e-8  -1.0392016384814344
3.884237886684363e-8  -1.0259719069922464
4.1616834500189606e-8  -1.0388124573757873
4.439129013353558e-8  -1.0386007830764152
4.7165745766881556e-8  -1.0375034671000092
4.9940201400227525e-8  -1.0358876411694062
5.27146570335735e-8  -1.0322417045692416
5.5489112666919475e-8  -1.032126457492827
5.826356830026545e-8  -1.04070416534491
6.103802393361143e-8  -1.0359867438750248
6.38124795669574e-8  -1.0346088069337867
6.658693520030338e-8  -1.0299778755078501
6.936139083364934e-8  -1.0353001525491143
7.213584646699531e-8  -1.0352209031885387
7.49103021003413e-8  -1.0305642103915569
7.768475773368726e-8  -1.0290791583178271
8.045921336703324e-8  -1.0354374414936898
8.323366900037921e-8  -1.0428306741703508
8.600812463372518e-8  -1.0404331007774714
8.878258026707116e-8  -1.046512701453583
9.155703590041713e-8  -1.033794344894331
9.433149153376311e-8  -1.0239784231652749
9.710594716710908e-8  -1.0256449297490295
9.988040280045505e-8  -1.0256815813962632
1.0265485843380103e-7  -1.035115380109327
1.05429314067147e-7  -1.018005537539391
1.0820376970049298e-7  -1.0261077140273134
1.1097822533383895e-7  -1.0199248091771989
1.1375268096718492e-7  -1.0341340701763984
1.165271366005309e-7  -1.0328952276479981
1.1930159223387688e-7  -1.0299587867095674
1.2207604786722285e-7  -1.0201598979567987
1.2485050350056882e-7  -1.0325429533843484
1.276249591339148e-7  -1.0305038560288236
1.3039941476726076e-7  -1.0294142603949654
1.3317387040060675e-7  -1.0247400569864173
1.3594832603395272e-7  -1.0250107976529907
1.387227816672987e-7  -1.0148628602518226
