2.774455633345974e-9  40.151246917366215
5.548911266691948e-9  44.3089008208916
8.323366900037922e-9  46.74424553609472
1.1097822533383895e-8  48.4684028006351
1.3872278166729869e-8  49.80819435186619
1.6646733800075844e-8  50.9012550922243
1.9421189433421816e-8  51.8253799604735
2.219564506676779e-8  52.61668986948437
2.4970100700113762e-8  53.3340803896403
2.7744556333459737e-8  53.96717271131928
3.051901196680571e-8  54.539392140618475
3.329346760015169e-8  55.059617542555635
3.6067923233497656e-8  55.53996797681002
3.884237886684363e-8  55.99149820134141
4.1616834500189606e-8  56.39454382045608
4.439129013353558e-8  56.787158539120625
4.7165745766881556e-8  57.14562565203141
4.9940201400227525e-8  57.49290788071963
5.27146570335735e-8  57.81715882227703
5.5489112666919475e-8  58.12474230075567
5.826356830026545e-8  58.41784303466733
6.103802393361143e-8  58.69693451103138
6.38124795669574e-8  58.95917046018697
6.658693520030338e-8  59.21829450476071
6.936139083364934e-8  59.46200530814374
7.213584646699531e-8  59.69818405989788
7.49103021003413e-8  59.92850874494509
7.768475773368726e-8  60.14143494723001
8.045921336703324e-8  60.35795151605728
8.323366900037921e-8  60.558912939603076
8.600812463372518e-8  60.757775596559554
8.878258026707116e-8  60.945617557669046
9.155703590041713e-8  61.126948913173905
9.433149153376311e-8  61.31061649870266
9.710594716710908e-8  61.481628093109656
9.988040280045505e-8  61.65287997779664
1.0265485843380103e-7  61.81871198029802
1.05429314067147e-7  61.97588787996633
1.0820376970049298e-7  62.13160915360162
1.1097822533383895e-7  62.27553756621792
1.1375268096718492e-7  62.43153447685719
1.165271366005309e-7  62.57559305006024
1.1930159223387688e-7  62.71933932163119
1.2207604786722285e-7  62.855513713546415
1.2485050350056882e-7  63.005220266045924
1.276249591339148e-7  63.12285059566559
1.3039941476726076e-7  63.24953333340401
1.3317387040060675e-7  63.381748582024144
1.3594832603395272e-7  63.50462460222312
1.387227816672987e-7  63.62229829923147
