2.774455633345974e-9  -1.0407820879757643
5.548911266691948e-9  -1.0408127859366918
8.323366900037922e-9  -1.0412196340046511
1.1097822533383895e-8  -1.0405228195416487
1.3872278166729869e-8  -1.041042777613494
1.6646733800075844e-8  -1.0424239387889538
1.9421189433421816e-8  -1.0451201023490935
2.219564506676779e-8  -1.0401599027757995
2.4970100700113762e-8  -1.0434404927536867
2.7744556333459737e-8  -1.0420304867215866
3.051901196680571e-8  -1.045118557483317
3.329346760015169e-8  -1.0457469487502138
3.6067923233497656e-8  -1.0540392072521365
3.884237886684363e-8  -1.0481002051527333
4.1616834500189606e-8  -1.0426229104854305
4.439129013353558e-8  -1.034203525658901
4.7165745766881556e-8  -1.0412286969240516
4.9940201400227525e-8  -1.0388714942560169
5.27146570335735e-8  -1.0382780210450417
5.5489112666919475e-8  -1.046421752614275
5.826356830026545e-8  -1.0346687822964566
6.103802393361143e-8  -1.0407848922227396
6.38124795669574e-8  -1.0459113002324552
6.658693520030338e-8  -1.0490269026477632
6.936139083364934e-8  -1.0454465541842284
7.213584646699531e-8  -1.0463255841907204
7.49103021003413e-8  -1.0438179480237975
7.768475773368726e-8  -1.0385074664401641
8.045921336703324e-8  -1.0366669254830276
8.323366900037921e-8  -1.041090304174704
8.600812463372518e-8  -1.0264838707964488
8.878258026707116e-8  -1.0210379490686137
9.155703590041713e-8  -1.0385197659491328
9.433149153376311e-8  -1.02072628229375
9.710594716710908e-8  -1.0240893147489702
9.988040280045505e-8  -1.02988227779386
1.0265485843380103e-7  -1.0339555162859948
1.05429314067147e-7  -1.036291215242733
1.0820376970049298e-7  -1.0369360108022248
1.1097822533383895e-7  -1.0326396419157022
1.1375268096718492e-7  -1.0390349669654373
1.165271366005309e-7  -1.0487250382180466
1.1930159223387688e-7  -1.0326071531108207
1.2207604786722285e-7  -1.0417045925207375
1.2485050350056882e-7  -1.035916775793477
1.276249591339148e-7  -1.040865800155569
1.3039941476726076e-7  -1.045937211162817
1.3317387040060675e-7  -1.0392228266963413
1.3594832603395272e-7  -1.044786240198796
1.387227816672987e-7  -1.023124712455242
