2.774455633345974e-9  -1.0467212201966123
5.548911266691948e-9  -1.0472124240059137
8.323366900037922e-9  -1.0464268529457041
1.1097822533383895e-8  -1.0486200053074919
1.3872278166729869e-8  -1.0480474902362178
1.6646733800075844e-8  -1.0460177425534047
1.9421189433421816e-8  -1.0433220011844644
2.219564506676779e-8  -1.0474909646837776
2.4970100700113762e-8  -1.0443685773317428
2.7744556333459737e-8  -1.0465881306686515
3.051901196680571e-8  -1.0420007098454351
3.329346760015169e-8  -1.0397823856582367
3.6067923233497656e-8  -1.0382226064564715
3.884237886684363e-8  -1.0421896756615001
4.1616834500189606e-8  -1.0497068807961756
4.439129013353558e-8  -1.0465764031129934
4.7165745766881556e-8  -1.0419389572807733
4.9940201400227525e-8  -1.037716424988093
5.27146570335735e-8  -1.0447382370724592
5.5489112666919475e-8  -1.0439645471290246
5.826356830026545e-8  -1.0421837019819378
6.103802393361143e-8  -1.0319967343935237
6.38124795669574e-8  -1.0450512199405613
6.658693520030338e-8  -1.0400405312845997
6.936139083364934e-8  -1.0467379896058684
7.213584646699531e-8  -1.0442365844530301
7.49103021003413e-8  -1.0382391765169512
7.768475773368726e-8  -1.045952527541165
8.045921336703324e-8  -1.0366028449691673
8.323366900037921e-8  -1.0402413420525116
8.600812463372518e-8  -1.0408958354033424
8.878258026707116e-8  -1.0477801134168954
9.155703590041713e-8  -1.0615193630180884
9.433149153376311e-8  -1.0455344826863138
9.710594716710908e-8  -1.0394980539562502
9.988040280045505e-8  -1.0270227973192305
1.0265485843380103e-7  -1.0370879354128049
1.05429314067147e-7  -1.036248560782877
1.0820376970049298e-7  -1.0456387185284313
1.1097822533383895e-7  -1.0241117796416817
1.1375268096718492e-7  -1.0300140095517392
1.165271366005309e-7  -1.0337130459560873
1.1930159223387688e-7  -1.035188085788349
1.2207604786722285e-7  -1.035382496061454
1.2485050350056882e-7  -1.0313745636243223
1.276249591339148e-7  -1.022725721063592
1.3039941476726076e-7  -1.0389114430773119
1.3317387040060675e-7  -1.0416011147476216
1.3594832603395272e-7  -1.0301132094618115
1.387227816672987e-7  -1.0385153076119777
