2.774455633345974e-9  -0.8252927719948381
5.548911266691948e-9  -0.8251606223874509
8.323366900037922e-9  -0.8253381944697293
1.1097822533383895e-8  -0.8252880096155971
1.3872278166729869e-8  -0.8249688788536775
1.6646733800075844e-8  -0.8238742284442938
1.9421189433421816e-8  -0.824227831222616
2.219564506676779e-8  -0.8260407063620153
2.4970100700113762e-8  -0.8248230778565
2.7744556333459737e-8  -0.8251506954327291
3.051901196680571e-8  -0.8274772327578094
3.329346760015169e-8  -0.8236893821895227
3.6067923233497656e-8  -0.8185818653153364
3.884237886684363e-8  -0.8246723187130657
4.1616834500189606e-8  -0.8266629760680007
4.439129013353558e-8  -0.8226269368000927
4.7165745766881556e-8  -0.8250624028059842
4.9940201400227525e-8  -0.8231548094493417
5.27146570335735e-8  -0.8264968646621474
5.5489112666919475e-8  -0.8205311803844905
5.826356830026545e-8  -0.8270965017734306
6.103802393361143e-8  -0.8290067017565113
6.38124795669574e-8  -0.8226174104685391
6.658693520030338e-8  -0.8189113869736312
6.936139083364934e-8  -0.8253106889077865
7.213584646699531e-8  -0.8290813111563339
7.49103021003413e-8  -0.8250448067715074
7.768475773368726e-8  -0.8292130982017296
8.045921336703324e-8  -0.8207328302863772
8.323366900037921e-8  -0.8236727756712326
8.600812463372518e-8  -0.8213433733043257
8.878258026707116e-8  -0.8286560405243698
9.155703590041713e-8  -0.8234377387000685
9.433149153376311e-8  -0.8205860779031806
9.710594716710908e-8  -0.8204969299509185
9.988040280045505e-8  -0.8196843732119696
1.0265485843380103e-7  -0.8158050379777335
1.05429314067147e-7  -0.8152862531397246
1.0820376970049298e-7  -0.82611517939068
1.1097822533383895e-7  -0.831661140213707
1.1375268096718492e-7  -0.8223139862062346
1.165271366005309e-7  -0.8244258946306477
1.1930159223387688e-7  -0.8271051932441669
1.2207604786722285e-7  -0.8227590484815478
1.2485050350056882e-7  -0.8169994307938869
1.276249591339148e-7  -0.8236639523300939
1.3039941476726076e-7  -0.8200119297955812
1.3317387040060675e-7  -0.81214264384562
1.3594832603395272e-7  -0.8115427140487866
1.387227816672987e-7  -0.8194222948097263
