2.774455633345974e-9  -0.7654849062266262
5.548911266691948e-9  -0.7642529207214225
8.323366900037922e-9  -0.7648389038028848
1.1097822533383895e-8  -0.7657719278567833
1.3872278166729869e-8  -0.765416115365534
1.6646733800075844e-8  -0.7653808593371939
1.9421189433421816e-8  -0.7661999186830188
2.219564506676779e-8  -0.7665370781056272
2.4970100700113762e-8  -0.7652360171533978
2.7744556333459737e-8  -0.7672010754259132
3.051901196680571e-8  -0.7661448467946276
3.329346760015169e-8  -0.7652183970327603
3.6067923233497656e-8  -0.762547836982839
3.884237886684363e-8  -0.7667326983169308
4.1616834500189606e-8  -0.7639955066883146
4.439129013353558e-8  -0.7674330695215869
4.7165745766881556e-8  -0.7627361087358281
4.9940201400227525e-8  -0.7683579785829859
5.27146570335735e-8  -0.7659003561423324
5.5489112666919475e-8  -0.7579545440500188
5.826356830026545e-8  -0.7657105622495062
6.103802393361143e-8  -0.7684863997930056
6.38124795669574e-8  -0.7657942985235923
6.658693520030338e-8  -0.7639655897077892
6.936139083364934e-8  -0.7586191535573256
7.213584646699531e-8  -0.765701216634814
7.49103021003413e-8  -0.756456153399464
7.768475773368726e-8  -0.7617012219304132
8.045921336703324e-8  -0.7603299087431786
8.323366900037921e-8  -0.7643735767541991
8.600812463372518e-8  -0.7657757363688699
8.878258026707116e-8  -0.7631572464942012
9.155703590041713e-8  -0.7709638312677951
9.433149153376311e-8  -0.766621559381874
9.710594716710908e-8  -0.7623936168366343
9.988040280045505e-8  -0.7587181796901861
1.0265485843380103e-7  -0.7528006124785075
1.05429314067147e-7  -0.7562584122914914
1.0820376970049298e-7  -0.7515106804610336
1.1097822533383895e-7  -0.7664581433539411
1.1375268096718492e-7  -0.7590387832292287
1.165271366005309e-7  -0.7679799563954482
1.1930159223387688e-7  -0.7567932969184458
1.2207604786722285e-7  -0.76203601717091
1.2485050350056882e-7  -0.7587776325837082
1.276249591339148e-7  -0.7647809169002626
1.3039941476726076e-7  -0.7634493844328883
1.3317387040060675e-7  -0.7613910980707094
1.3594832603395272e-7  -0.7567287886269238
1.387227816672987e-7  -0.7524745025109912
