2.774455633345974e-9  -0.6789924457601304
5.548911266691948e-9  -0.6797234874960163
8.323366900037922e-9  -0.6801849061236399
1.1097822533383895e-8  -0.680349509891054
1.3872278166729869e-8  -0.6798663786787066
1.6646733800075844e-8  -0.6804117909264832
1.9421189433421816e-8  -0.6800783449296951
2.219564506676779e-8  -0.6805850041205337
2.4970100700113762e-8  -0.680202512044518
2.7744556333459737e-8  -0.6828385271151367
3.051901196680571e-8  -0.6785201509393158
3.329346760015169e-8  -0.6820764608182692
3.6067923233497656e-8  -0.6811038630319511
3.884237886684363e-8  -0.6819774817716328
4.1616834500189606e-8  -0.6769641986686092
4.439129013353558e-8  -0.6804640982633263
4.7165745766881556e-8  -0.6772867015149345
4.9940201400227525e-8  -0.6792070776743994
5.27146570335735e-8  -0.6797646967160663
5.5489112666919475e-8  -0.6844875801419816
5.826356830026545e-8  -0.6777492199427715
6.103802393361143e-8  -0.6821864725798844
6.38124795669574e-8  -0.6743824654347165
6.658693520030338e-8  -0.6812366971430514
6.936139083364934e-8  -0.6754404043332108
7.213584646699531e-8  -0.6754926099590702
7.49103021003413e-8  -0.678218643133099
7.768475773368726e-8  -0.6775729320301934
8.045921336703324e-8  -0.6834041798541054
8.323366900037921e-8  -0.6786201373063239
8.600812463372518e-8  -0.6794667872967074
8.878258026707116e-8  -0.6793166336173706
9.155703590041713e-8  -0.6810652438219245
9.433149153376311e-8  -0.6791114776326663
9.710594716710908e-8  -0.6781071903452912
9.988040280045505e-8  -0.678174412015119
1.0265485843380103e-7  -0.6740547767345261
1.05429314067147e-7  -0.6722744951023382
1.0820376970049298e-7  -0.6796755540215225
1.1097822533383895e-7  -0.6794830262033478
1.1375268096718492e-7  -0.671437253828149
1.165271366005309e-7  -0.6710558310324721
1.1930159223387688e-7  -0.6749833698670921
1.2207604786722285e-7  -0.6668067557658044
1.2485050350056882e-7  -0.675272780932375
1.276249591339148e-7  -0.6768171593526655
1.3039941476726076e-7  -0.6786765516250467
1.3317387040060675e-7  -0.6846083720710117
1.3594832603395272e-7  -0.6793055408798448
1.387227816672987e-7  -0.6785945030632287
