2.774455633345974e-9  -0.9387713398906611
5.548911266691948e-9  -0.9378547980322269
8.323366900037922e-9  -0.9394753315995944
1.1097822533383895e-8  -0.9392860866765312
1.3872278166729869e-8  -0.939733144571728
1.6646733800075844e-8  -0.9428858458962555
1.9421189433421816e-8  -0.9423418799264375
2.219564506676779e-8  -0.9391712254129595
2.4970100700113762e-8  -0.9383234719898638
2.7744556333459737e-8  -0.9411827531929817
3.051901196680571e-8  -0.9424643134459908
3.329346760015169e-8  -0.9525763636572888
3.6067923233497656e-8  -0.9420171084360993
3.884237886684363e-8  -0.9435924204538029
4.1616834500189606e-8  -0.9391555976360757
4.439129013353558e-8  -0.9378878809028414
4.7165745766881556e-8  -0.9359284423914312
4.9940201400227525e-8  -0.9419734839497934
5.27146570335735e-8  -0.9335921561473502
5.5489112666919475e-8  -0.9408786506876132
5.826356830026545e-8  -0.9387483625213546
6.103802393361143e-8  -0.9426663329075348
6.38124795669574e-8  -0.9413697042936171
6.658693520030338e-8  -0.9541723335786703
6.936139083364934e-8  -0.9325215723386651
7.213584646699531e-8  -0.9334786339374751
7.49103021003413e-8  -0.9364640736752726
7.768475773368726e-8  -0.9305511409566584
8.045921336703324e-8  -0.9362080279403585
8.323366900037921e-8  -0.9353787989388047
8.600812463372518e-8  -0.9330566100857061
8.878258026707116e-8  -0.9279089629969509
9.155703590041713e-8  -0.9285418503463032
9.433149153376311e-8  -0.9372155791604038
9.710594716710908e-8  -0.9396387026258748
9.988040280045505e-8  -0.9342326629674026
1.0265485843380103e-7  -0.9341275362281768
1.05429314067147e-7  -0.9300792122503219
1.0820376970049298e-7  -0.9307414860791992
1.1097822533383895e-7  -0.941753117293752
1.1375268096718492e-7  -0.9321280587247199
1.165271366005309e-7  -0.9238641430009846
1.1930159223387688e-7  -0.9256311891343686
1.2207604786722285e-7  -0.9297467459013058
1.2485050350056882e-7  -0.9484365103368307
1.276249591339148e-7  -0.930942664791832
1.3039941476726076e-7  -0.9341754237519493
1.3317387040060675e-7  -0.9232197590324213
1.3594832603395272e-7  -0.9246012534873398
1.387227816672987e-7  -0.9367497704182522
