2.774455633345974e-9  -0.7816269232061002
5.548911266691948e-9  -0.7825452742494262
8.323366900037922e-9  -0.782968483285242
1.1097822533383895e-8  -0.7871847439865658
1.3872278166729869e-8  -0.7866451141612019
1.6646733800075844e-8  -0.7835097322150903
1.9421189433421816e-8  -0.7876116214218848
2.219564506676779e-8  -0.7880427274167885
2.4970100700113762e-8  -0.7883829111258628
2.7744556333459737e-8  -0.7813738216498712
3.051901196680571e-8  -0.7862987199218477
3.329346760015169e-8  -0.7853509038171167
3.6067923233497656e-8  -0.7842304595531006
3.884237886684363e-8  -0.7864874325488499
4.1616834500189606e-8  -0.7911690713873626
4.439129013353558e-8  -0.7875043075963363
4.7165745766881556e-8  -0.784780272038687
4.9940201400227525e-8  -0.7831189727867753
5.27146570335735e-8  -0.7843376839709517
5.5489112666919475e-8  -0.7802254673743326
5.826356830026545e-8  -0.7785061416740192
6.103802393361143e-8  -0.7787985385185002
6.38124795669574e-8  -0.7770889870412794
6.658693520030338e-8  -0.7812821420376996
6.936139083364934e-8  -0.7779107208847742
7.213584646699531e-8  -0.7786497490186354
7.49103021003413e-8  -0.78341561646624
7.768475773368726e-8  -0.7838829858415881
8.045921336703324e-8  -0.7863827636410246
8.323366900037921e-8  -0.7860996654888192
8.600812463372518e-8  -0.7891568980589021
8.878258026707116e-8  -0.7818095176379706
9.155703590041713e-8  -0.7861057394181336
9.433149153376311e-8  -0.7836901296630128
9.710594716710908e-8  -0.7777266830136751
9.988040280045505e-8  -0.7710342434541446
1.0265485843380103e-7  -0.7722653116890882
1.05429314067147e-7  -0.784531218993021
1.0820376970049298e-7  -0.7747798994041436
1.1097822533383895e-7  -0.7806161320905898
1.1375268096718492e-7  -0.7641764414302713
1.165271366005309e-7  -0.7823529040180119
1.1930159223387688e-7  -0.7748494262903323
1.2207604786722285e-7  -0.779538857747732
1.2485050350056882e-7  -0.7769845663234792
1.276249591339148e-7  -0.7746967028305481
1.3039941476726076e-7  -0.7756709571787144
1.3317387040060675e-7  -0.7813803520278121
1.3594832603395272e-7  -0.7736469247190749
1.387227816672987e-7  -0.7746133596980577
