2.774455633345974e-9  -1.0290504662580522
5.548911266691948e-9  -1.0287021698823646
8.323366900037922e-9  -1.0282534316075145
1.1097822533383895e-8  -1.0287155413282891
1.3872278166729869e-8  -1.027295167388642
1.6646733800075844e-8  -1.0288393359834473
1.9421189433421816e-8  -1.029764046263379
2.219564506676779e-8  -1.0302857514991104
2.4970100700113762e-8  -1.0284606877721174
2.7744556333459737e-8  -1.0275196981675243
3.051901196680571e-8  -1.029659409496391
3.329346760015169e-8  -1.028646180899561
3.6067923233497656e-8  -1.025632675423249
3.884237886684363e-8  -1.031176603221339
4.1616834500189606e-8  -1.0276635630624797
4.439129013353558e-8  -1.0275467262871203
4.7165745766881556e-8  -1.0260676752715523
4.9940201400227525e-8  -1.0340917252321105
5.27146570335735e-8  -1.028505915061283
5.5489112666919475e-8  -1.0272802663278087
5.826356830026545e-8  -1.028542060802508
6.103802393361143e-8  -1.0311377565881992
6.38124795669574e-8  -1.0235766044180643
6.658693520030338e-8  -1.035466324810693
6.936139083364934e-8  -1.0350558779519425
7.213584646699531e-8  -1.0252249609324546
7.49103021003413e-8  -1.0370336542370049
7.768475773368726e-8  -1.031253919607431
8.045921336703324e-8  -1.0161168225231068
8.323366900037921e-8  -1.0241359407888195
8.600812463372518e-8  -1.0204754926309534
8.878258026707116e-8  -1.0187983856486063
9.155703590041713e-8  -1.0159451482317627
9.433149153376311e-8  -1.0142458672461157
9.710594716710908e-8  -1.0337104473148948
9.988040280045505e-8  -1.0270540216725275
1.0265485843380103e-7  -1.0317594684291487
1.05429314067147e-7  -1.0262769578253341
1.0820376970049298e-7  -1.0184441429990607
1.1097822533383895e-7  -1.0285971260551796
1.1375268096718492e-7  -1.009816346276712
1.165271366005309e-7  -1.0295332421407837
1.1930159223387688e-7  -1.0268127824811002
1.2207604786722285e-7  -1.024349078176535
1.2485050350056882e-7  -1.0157779457116616
1.276249591339148e-7  -1.022820246337993
1.3039941476726076e-7  -1.019427558911291
1.3317387040060675e-7  -1.0349474971223729
1.3594832603395272e-7  -1.0375026152698443
1.387227816672987e-7  -1.0235406432558334
