2.774455633345974e-9  -0.9441817757003124
5.548911266691948e-9  -0.944359135239632
8.323366900037922e-9  -0.9454163747147538
1.1097822533383895e-8  -0.9458754637642629
1.3872278166729869e-8  -0.9461616520169885
1.6646733800075844e-8  -0.949625876137621
1.9421189433421816e-8  -0.948101382768876
2.219564506676779e-8  -0.9465595107497353
2.4970100700113762e-8  -0.9447479666026775
2.7744556333459737e-8  -0.9468754035554438
3.051901196680571e-8  -0.954579085494979
3.329346760015169e-8  -0.9565556167205502
3.6067923233497656e-8  -0.9502533151698808
3.884237886684363e-8  -0.9449908369549905
4.1616834500189606e-8  -0.9452751488304724
4.439129013353558e-8  -0.9479313027241973
4.7165745766881556e-8  -0.9503706554260363
4.9940201400227525e-8  -0.9469030775454242
5.27146570335735e-8  -0.9429896153760401
5.5489112666919475e-8  -0.9383614283177956
5.826356830026545e-8  -0.9466376861544858
6.103802393361143e-8  -0.9531645209519299
6.38124795669574e-8  -0.9543570425588281
6.658693520030338e-8  -0.9448477230660951
6.936139083364934e-8  -0.9524755761946015
7.213584646699531e-8  -0.9400528238015148
7.49103021003413e-8  -0.9492124093099358
7.768475773368726e-8  -0.9450473766672776
8.045921336703324e-8  -0.9435226608230469
8.323366900037921e-8  -0.9459812263661194
8.600812463372518e-8  -0.9397220514995224
8.878258026707116e-8  -0.9417864620882681
9.155703590041713e-8  -0.9443468029501438
9.433149153376311e-8  -0.9448272283033662
9.710594716710908e-8  -0.9411472957853436
9.988040280045505e-8  -0.9374718103262172
1.0265485843380103e-7  -0.9348597307254867
1.05429314067147e-7  -0.9422309721139223
1.0820376970049298e-7  -0.9418311197378462
1.1097822533383895e-7  -0.9423966890758385
1.1375268096718492e-7  -0.9394643021821878
1.165271366005309e-7  -0.9409720189063759
1.1930159223387688e-7  -0.945083336734155
1.2207604786722285e-7  -0.9276944936227289
1.2485050350056882e-7  -0.9475627696704207
1.276249591339148e-7  -0.9484323574130578
1.3039941476726076e-7  -0.9426101819682002
1.3317387040060675e-7  -0.9401655078972854
1.3594832603395272e-7  -0.9486118211576259
1.387227816672987e-7  -0.9484768544702503
