2.774455633345974e-9  -0.54083488942403
5.548911266691948e-9  -0.5406894237288414
8.323366900037922e-9  -0.541152604518796
1.1097822533383895e-8  -0.5416605560167085
1.3872278166729869e-8  -0.5416479583146618
1.6646733800075844e-8  -0.5400515208585018
1.9421189433421816e-8  -0.5390972045358292
2.219564506676779e-8  -0.5427716982300382
2.4970100700113762e-8  -0.5404328278488488
2.7744556333459737e-8  -0.5378142251942748
3.051901196680571e-8  -0.5416824946529332
3.329346760015169e-8  -0.5386019994928399
3.6067923233497656e-8  -0.5394604214897915
3.884237886684363e-8  -0.537629685021519
4.1616834500189606e-8  -0.5396500012285415
4.439129013353558e-8  -0.5366054781796351
4.7165745766881556e-8  -0.5397264440611659
4.9940201400227525e-8  -0.5317411892744878
5.27146570335735e-8  -0.5372568100428265
5.5489112666919475e-8  -0.5347640489238162
5.826356830026545e-8  -0.5386488904074456
6.103802393361143e-8  -0.5416990200631477
6.38124795669574e-8  -0.5369606659692993
6.658693520030338e-8  -0.5403927138574547
6.936139083364934e-8  -0.5354759182655706
7.213584646699531e-8  -0.5429343021605085
7.49103021003413e-8  -0.5343123599886702
7.768475773368726e-8  -0.5367509509861511
8.045921336703324e-8  -0.5386087163595996
8.323366900037921e-8  -0.5356847721446043
8.600812463372518e-8  -0.5338757979308535
8.878258026707116e-8  -0.5388265434781729
9.155703590041713e-8  -0.5364470638183569
9.433149153376311e-8  -0.5355596113809483
9.710594716710908e-8  -0.5332578160287413
9.988040280045505e-8  -0.5381356387999087
1.0265485843380103e-7  -0.5256480500198362
1.05429314067147e-7  -0.5294824538044266
1.0820376970049298e-7  -0.5388501151905672
1.1097822533383895e-7  -0.5380401903889479
1.1375268096718492e-7  -0.5307915358738345
1.165271366005309e-7  -0.5404564403130967
1.1930159223387688e-7  -0.5380047050617013
1.2207604786722285e-7  -0.5400231075056096
1.2485050350056882e-7  -0.5333841299408553
1.276249591339148e-7  -0.5385825973200772
1.3039941476726076e-7  -0.5297020507507282
1.3317387040060675e-7  -0.5326110345972614
1.3594832603395272e-7  -0.5374134143966446
1.387227816672987e-7  -0.536727517769702
