2.774455633345974e-9  -0.7792951167185285
5.548911266691948e-9  -0.7812259434754857
8.323366900037922e-9  -0.7809263835599864
1.1097822533383895e-8  -0.7838697807559856
1.3872278166729869e-8  -0.7839516049505518
1.6646733800075844e-8  -0.7828511489632809
1.9421189433421816e-8  -0.7798356119322905
2.219564506676779e-8  -0.7800340566768653
2.4970100700113762e-8  -0.7810855268160812
2.7744556333459737e-8  -0.7831895473007384
3.051901196680571e-8  -0.7805365147800519
3.329346760015169e-8  -0.7805009189700659
3.6067923233497656e-8  -0.7807049178117301
3.884237886684363e-8  -0.7793031301247269
4.1616834500189606e-8  -0.7782188242375032
4.439129013353558e-8  -0.7796637884641826
4.7165745766881556e-8  -0.7772734382437949
4.9940201400227525e-8  -0.7748942503808561
5.27146570335735e-8  -0.7710139265726341
5.5489112666919475e-8  -0.7778082793041502
5.826356830026545e-8  -0.7745721484271427
6.103802393361143e-8  -0.7783142040002494
6.38124795669574e-8  -0.7789372014614582
6.658693520030338e-8  -0.7796946809379728
6.936139083364934e-8  -0.7798139538089779
7.213584646699531e-8  -0.7792613278636582
7.49103021003413e-8  -0.7672332718644033
7.768475773368726e-8  -0.7700535028527024
8.045921336703324e-8  -0.7675749399573418
8.323366900037921e-8  -0.7720223793772611
8.600812463372518e-8  -0.7766555922075131
8.878258026707116e-8  -0.7703318225310819
9.155703590041713e-8  -0.7853723342119745
9.433149153376311e-8  -0.7709170149815423
9.710594716710908e-8  -0.7711580739583862
9.988040280045505e-8  -0.769909204158786
1.0265485843380103e-7  -0.7713941430096618
1.05429314067147e-7  -0.7741323859227606
1.0820376970049298e-7  -0.7720843396129572
1.1097822533383895e-7  -0.7731380778754137
1.1375268096718492e-7  -0.7579729328317136
1.165271366005309e-7  -0.7697759348285608
1.1930159223387688e-7  -0.776407226837211
1.2207604786722285e-7  -0.7652258063618179
1.2485050350056882e-7  -0.756575184614
1.276249591339148e-7  -0.7642702794307157
1.3039941476726076e-7  -0.7767143846096942
1.3317387040060675e-7  -0.7746848629976046
1.3594832603395272e-7  -0.7795709367312775
1.387227816672987e-7  -0.773433442190585
