2.774455633345974e-9  -1.0458550616088924
5.548911266691948e-9  -1.0473076012460885
8.323366900037922e-9  -1.0476004574190871
1.1097822533383895e-8  -1.047097664835908
1.3872278166729869e-8  -1.0465850787729305
1.6646733800075844e-8  -1.047521562645301
1.9421189433421816e-8  -1.0477620378622123
2.219564506676779e-8  -1.0476057383793793
2.4970100700113762e-8  -1.0473628456450106
2.7744556333459737e-8  -1.046897073046698
3.051901196680571e-8  -1.0512671929555872
3.329346760015169e-8  -1.0491477735946964
3.6067923233497656e-8  -1.0489177728707655
3.884237886684363e-8  -1.0506636241946525
4.1616834500189606e-8  -1.049541562032547
4.439129013353558e-8  -1.0485650224570016
4.7165745766881556e-8  -1.0475398169173398
4.9940201400227525e-8  -1.0445741037641734
5.27146570335735e-8  -1.0464514888780243
5.5489112666919475e-8  -1.0471017170149608
5.826356830026545e-8  -1.049483316991384
6.103802393361143e-8  -1.0488559580046326
6.38124795669574e-8  -1.0440554159218958
6.658693520030338e-8  -1.0492630079085723
6.936139083364934e-8  -1.0505977235671533
7.213584646699531e-8  -1.044783336493458
7.49103021003413e-8  -1.0463557801034538
7.768475773368726e-8  -1.047491925949293
8.045921336703324e-8  -1.043196656289921
8.323366900037921e-8  -1.0492087762221662
8.600812463372518e-8  -1.048316920360981
8.878258026707116e-8  -1.0473235124470812
9.155703590041713e-8  -1.0492768236330086
9.433149153376311e-8  -1.04175037982139
9.710594716710908e-8  -1.044713642047684
9.988040280045505e-8  -1.0502546537082005
1.0265485843380103e-7  -1.041925869201482
1.05429314067147e-7  -1.0432649032838845
1.0820376970049298e-7  -1.0498165374361637
1.1097822533383895e-7  -1.0458803765184441
1.1375268096718492e-7  -1.0522984808530937
1.165271366005309e-7  -1.037732272610169
1.1930159223387688e-7  -1.0468432893714155
1.2207604786722285e-7  -1.0469706924456421
1.2485050350056882e-7  -1.0384211205909
1.276249591339148e-7  -1.0416234656455916
1.3039941476726076e-7  -1.0518038309504838
1.3317387040060675e-7  -1.0489678643412228
1.3594832603395272e-7  -1.050149242578742
1.387227816672987e-7  -1.0356089905682884
