2.774455633345974e-9  -1.0536527784988643
5.548911266691948e-9  -1.0536609676930118
8.323366900037922e-9  -1.0538541927191005
1.1097822533383895e-8  -1.053139868731474
1.3872278166729869e-8  -1.0531785980325614
1.6646733800075844e-8  -1.0557589884779173
1.9421189433421816e-8  -1.055286318046771
2.219564506676779e-8  -1.05332446163269
2.4970100700113762e-8  -1.0540214745510363
2.7744556333459737e-8  -1.0524664589352375
3.051901196680571e-8  -1.056199749999933
3.329346760015169e-8  -1.0582295798949832
3.6067923233497656e-8  -1.0602511748107348
3.884237886684363e-8  -1.0505829312013388
4.1616834500189606e-8  -1.054231130223492
4.439129013353558e-8  -1.0549465805430414
4.7165745766881556e-8  -1.0433905338442615
4.9940201400227525e-8  -1.0560159496769879
5.27146570335735e-8  -1.048402259587704
5.5489112666919475e-8  -1.0554615733235488
5.826356830026545e-8  -1.0553727311946257
6.103802393361143e-8  -1.0539504082321687
6.38124795669574e-8  -1.0592497328641095
6.658693520030338e-8  -1.0659804063934157
6.936139083364934e-8  -1.0635406476525517
7.213584646699531e-8  -1.050973288907408
7.49103021003413e-8  -1.057085039043982
7.768475773368726e-8  -1.0575498194384716
8.045921336703324e-8  -1.0466404808055043
8.323366900037921e-8  -1.0485660604730531
8.600812463372518e-8  -1.0439929275175979
8.878258026707116e-8  -1.045357401255667
9.155703590041713e-8  -1.0526469090184007
9.433149153376311e-8  -1.0424480359230894
9.710594716710908e-8  -1.0499422839748098
9.988040280045505e-8  -1.053411801187304
1.0265485843380103e-7  -1.0450492004350194
1.05429314067147e-7  -1.0442852824293403
1.0820376970049298e-7  -1.0472166978131345
1.1097822533383895e-7  -1.0579875083633272
1.1375268096718492e-7  -1.0463789613338839
1.165271366005309e-7  -1.0574873439379404
1.1930159223387688e-7  -1.0504439400940602
1.2207604786722285e-7  -1.0559644067410259
1.2485050350056882e-7  -1.057601201842795
1.276249591339148e-7  -1.046361324160479
1.3039941476726076e-7  -1.0601778661794368
1.3317387040060675e-7  -1.0627063411511282
1.3594832603395272e-7  -1.057431739268605
1.387227816672987e-7  -1.065870513388862
