2.774455633345974e-9  -1.0578135443361478
5.548911266691948e-9  -1.0575767732502548
8.323366900037922e-9  -1.0576120549822814
1.1097822533383895e-8  -1.0570257516643264
1.3872278166729869e-8  -1.0571548617330508
1.6646733800075844e-8  -1.0576116901743597
1.9421189433421816e-8  -1.0587061011292633
2.219564506676779e-8  -1.0588962296655935
2.4970100700113762e-8  -1.058226511092636
2.7744556333459737e-8  -1.0591359750816944
3.051901196680571e-8  -1.0563626888064648
3.329346760015169e-8  -1.0559616120648259
3.6067923233497656e-8  -1.0537133331209623
3.884237886684363e-8  -1.0616696699035886
4.1616834500189606e-8  -1.0566135993110186
4.439129013353558e-8  -1.060194380290675
4.7165745766881556e-8  -1.0582819643190313
4.9940201400227525e-8  -1.0560845389040563
5.27146570335735e-8  -1.0573197755395514
5.5489112666919475e-8  -1.0555508371436957
5.826356830026545e-8  -1.0515685453232488
6.103802393361143e-8  -1.0591847600053819
6.38124795669574e-8  -1.0539490423090365
6.658693520030338e-8  -1.0568724913322227
6.936139083364934e-8  -1.0491519598018102
7.213584646699531e-8  -1.0595651966068085
7.49103021003413e-8  -1.0573879313439973
7.768475773368726e-8  -1.0584859204742707
8.045921336703324e-8  -1.0541613382222244
8.323366900037921e-8  -1.0535372007458745
8.600812463372518e-8  -1.0494702319240605
8.878258026707116e-8  -1.0516530939828665
9.155703590041713e-8  -1.0653664633738413
9.433149153376311e-8  -1.063883167799862
9.710594716710908e-8  -1.0673527219606898
9.988040280045505e-8  -1.050762554748119
1.0265485843380103e-7  -1.059901376591369
1.05429314067147e-7  -1.0509151024658527
1.0820376970049298e-7  -1.0549741945533861
1.1097822533383895e-7  -1.0562296395842796
1.1375268096718492e-7  -1.0504507237601741
1.165271366005309e-7  -1.0571796834511251
1.1930159223387688e-7  -1.0497595067286658
1.2207604786722285e-7  -1.0529498967563726
1.2485050350056882e-7  -1.0521381113366353
1.276249591339148e-7  -1.047000268794261
1.3039941476726076e-7  -1.045418915546772
1.3317387040060675e-7  -1.0489078262904492
1.3594832603395272e-7  -1.0576826363102685
1.387227816672987e-7  -1.0548312965424702
