2.774455633345974e-9  41.40090640334071
5.548911266691948e-9  45.55669048431545
8.323366900037922e-9  47.98773496528096
1.1097822533383895e-8  49.713425561235084
1.3872278166729869e-8  51.05393843851767
1.6646733800075844e-8  52.14759186330813
1.9421189433421816e-8  53.070790061927354
2.219564506676779e-8  53.87177434553011
2.4970100700113762e-8  54.57514373211727
2.7744556333459737e-8  55.21258430094565
3.051901196680571e-8  55.783501432071795
3.329346760015169e-8  56.30570635501354
3.6067923233497656e-8  56.787158539120625
3.884237886684363e-8  57.23065734270609
4.1616834500189606e-8  57.6423340459011
4.439129013353558e-8  58.03145794112157
4.7165745766881556e-8  58.395119629868724
4.9940201400227525e-8  58.73892063048736
5.27146570335735e-8  59.060059345722536
5.5489112666919475e-8  59.36984834853811
5.826356830026545e-8  59.662272493922906
6.103802393361143e-8  59.93327543863922
6.38124795669574e-8  60.212105057767644
6.658693520030338e-8  60.46507122060892
6.936139083364934e-8  60.711265126779885
7.213584646699531e-8  60.945617557669046
7.49103021003413e-8  61.171616625853694
7.768475773368726e-8  61.38977173736469
8.045921336703324e-8  61.596860596854626
8.323366900037921e-8  61.800792127742085
8.600812463372518e-8  62.00112487689781
8.878258026707116e-8  62.19207547617648
9.155703590041713e-8  62.37164599086883
9.433149153376311e-8  62.55381848261576
9.710594716710908e-8  62.72952228138151
9.988040280045505e-8  62.901173350117006
1.0265485843380103e-7  63.063970405596464
1.05429314067147e-7  63.223724652449114
1.0820376970049298e-7  63.381748582024144
1.1097822533383895e-7  63.53129193898553
1.1375268096718492e-7  63.67646273835965
1.165271366005309e-7  63.821271010170825
1.1930159223387688e-7  63.96492654812007
1.2207604786722285e-7  64.09985425702526
1.2485050350056882e-7  64.23623143070273
1.276249591339148e-7  64.3659725714677
1.3039941476726076e-7  64.49880970262473
1.3317387040060675e-7  64.61846096897327
1.3594832603395272e-7  64.7475206651679
1.387227816672987e-7  64.88030903313481
