2.774455633345974e-9  -0.7832214514865062
5.548911266691948e-9  -0.7830009102387107
8.323366900037922e-9  -0.782446472376271
1.1097822533383895e-8  -0.7839099808572729
1.3872278166729869e-8  -0.7803468050864989
1.6646733800075844e-8  -0.7844069799341988
1.9421189433421816e-8  -0.7860236226519527
2.219564506676779e-8  -0.7860080736492979
2.4970100700113762e-8  -0.7774864661403366
2.7744556333459737e-8  -0.7849166156288588
3.051901196680571e-8  -0.7745643562663715
3.329346760015169e-8  -0.7871665749483142
3.6067923233497656e-8  -0.7798928536388471
3.884237886684363e-8  -0.7843063745173682
4.1616834500189606e-8  -0.7807424061195547
4.439129013353558e-8  -0.7976348081848076
4.7165745766881556e-8  -0.7924894473758171
4.9940201400227525e-8  -0.7827643463267062
5.27146570335735e-8  -0.7713238944008224
5.5489112666919475e-8  -0.7818399885876366
5.826356830026545e-8  -0.783100646997585
6.103802393361143e-8  -0.7762002046939286
6.38124795669574e-8  -0.7830146791249207
6.658693520030338e-8  -0.7685354694075728
6.936139083364934e-8  -0.7808127358961174
7.213584646699531e-8  -0.7811109903910138
7.49103021003413e-8  -0.7649665568598449
7.768475773368726e-8  -0.7733050216810954
8.045921336703324e-8  -0.7763212808801325
8.323366900037921e-8  -0.7580714830994202
8.600812463372518e-8  -0.7862142207590251
8.878258026707116e-8  -0.7850015658747909
9.155703590041713e-8  -0.7881269661959626
9.433149153376311e-8  -0.7743831164670024
9.710594716710908e-8  -0.7744313429126121
9.988040280045505e-8  -0.7737626526342825
1.0265485843380103e-7  -0.7729954016933414
1.05429314067147e-7  -0.7762523703474726
1.0820376970049298e-7  -0.7763059713614436
1.1097822533383895e-7  -0.773005833175414
1.1375268096718492e-7  -0.7679230901400372
1.165271366005309e-7  -0.7853360495196725
1.1930159223387688e-7  -0.7757883459266909
1.2207604786722285e-7  -0.7633297075441186
1.2485050350056882e-7  -0.763777610370366
1.276249591339148e-7  -0.7758863861707939
1.3039941476726076e-7  -0.7745593268799453
1.3317387040060675e-7  -0.7871941346921654
1.3594832603395272e-7  -0.7903604458968004
1.387227816672987e-7  -0.7667526149620744
