2.774455633345974e-9  -1.0452049664947969
5.548911266691948e-9  -1.0446810855694086
8.323366900037922e-9  -1.045619201179866
1.1097822533383895e-8  -1.0463438100750502
1.3872278166729869e-8  -1.0455349028446252
1.6646733800075844e-8  -1.0425611431045854
1.9421189433421816e-8  -1.0424497899437537
2.219564506676779e-8  -1.0473291908925864
2.4970100700113762e-8  -1.046732541994916
2.7744556333459737e-8  -1.0364769131724012
3.051901196680571e-8  -1.042423366255256
3.329346760015169e-8  -1.0465269365014636
3.6067923233497656e-8  -1.0435780996258412
3.884237886684363e-8  -1.0436747355218055
4.1616834500189606e-8  -1.0382540015974493
4.439129013353558e-8  -1.0410833075916264
4.7165745766881556e-8  -1.0410716181491584
4.9940201400227525e-8  -1.0460378009704496
5.27146570335735e-8  -1.0334725430483787
5.5489112666919475e-8  -1.0518232083698553
5.826356830026545e-8  -1.0429658336456593
6.103802393361143e-8  -1.0466251273627953
6.38124795669574e-8  -1.0147456101877088
6.658693520030338e-8  -1.040000154495188
6.936139083364934e-8  -1.0492273311472022
7.213584646699531e-8  -1.042951265891486
7.49103021003413e-8  -1.0520975414598317
7.768475773368726e-8  -1.0447357226764569
8.045921336703324e-8  -1.0471080425837547
8.323366900037921e-8  -1.0389185814711714
8.600812463372518e-8  -1.0509553512824439
8.878258026707116e-8  -1.052103893607631
9.155703590041713e-8  -1.021882984921775
9.433149153376311e-8  -1.044233962820224
9.710594716710908e-8  -1.04399802534046
9.988040280045505e-8  -1.0373139193508187
1.0265485843380103e-7  -1.0369055868914894
1.05429314067147e-7  -1.0447549154253861
1.0820376970049298e-7  -1.0359258514148284
1.1097822533383895e-7  -1.042582437735615
1.1375268096718492e-7  -1.0245832998041025
1.165271366005309e-7  -1.0448663818065451
1.1930159223387688e-7  -1.0367229886006641
1.2207604786722285e-7  -1.0386649864310453
1.2485050350056882e-7  -1.0346442401614377
1.276249591339148e-7  -1.0358162815956362
1.3039941476726076e-7  -1.0356174064078265
1.3317387040060675e-7  -1.0370455179352533
1.3594832603395272e-7  -1.0393700415759752
1.387227816672987e-7  -1.0163155233066392
