2.774455633345974e-9  -1.0562250519891763
5.548911266691948e-9  -1.0562800237011596
8.323366900037922e-9  -1.056740663300658
1.1097822533383895e-8  -1.0574530133176974
1.3872278166729869e-8  -1.057826886052993
1.6646733800075844e-8  -1.0569655931262838
1.9421189433421816e-8  -1.0597894419340994
2.219564506676779e-8  -1.0592090665695089
2.4970100700113762e-8  -1.0609885401108505
2.7744556333459737e-8  -1.0528369500863295
3.051901196680571e-8  -1.0560438339157723
3.329346760015169e-8  -1.05763169235856
3.6067923233497656e-8  -1.0522549701087696
3.884237886684363e-8  -1.0571843305928719
4.1616834500189606e-8  -1.0572068102580245
4.439129013353558e-8  -1.0533816402538116
4.7165745766881556e-8  -1.0660596025397957
4.9940201400227525e-8  -1.0597680321528424
5.27146570335735e-8  -1.0586125026311712
5.5489112666919475e-8  -1.0423026900728174
5.826356830026545e-8  -1.0568571319177564
6.103802393361143e-8  -1.0427485993148362
6.38124795669574e-8  -1.0553131138394962
6.658693520030338e-8  -1.0531806987295786
6.936139083364934e-8  -1.044695016695161
7.213584646699531e-8  -1.0492499297050226
7.49103021003413e-8  -1.0470221725713313
7.768475773368726e-8  -1.0600400068233193
8.045921336703324e-8  -1.0481646284217687
8.323366900037921e-8  -1.0524858065702507
8.600812463372518e-8  -1.0557834543960989
8.878258026707116e-8  -1.0583528170553829
9.155703590041713e-8  -1.050468663699721
9.433149153376311e-8  -1.061024840116577
9.710594716710908e-8  -1.0416517922290671
9.988040280045505e-8  -1.0554932458232051
1.0265485843380103e-7  -1.047302553625501
1.05429314067147e-7  -1.0511861079903846
1.0820376970049298e-7  -1.041226191090993
1.1097822533383895e-7  -1.0477452351964047
1.1375268096718492e-7  -1.0564186522285253
1.165271366005309e-7  -1.0408677469651648
1.1930159223387688e-7  -1.0534348046532638
1.2207604786722285e-7  -1.045552603587466
1.2485050350056882e-7  -1.0370299801962952
1.276249591339148e-7  -1.0481661804329456
1.3039941476726076e-7  -1.0410989112245586
1.3317387040060675e-7  -1.0490039385915828
1.3594832603395272e-7  -1.0309468071244277
1.387227816672987e-7  -1.0387453879804878
