2.774455633345974e-9  -0.9805491104387412
5.548911266691948e-9  -0.9801072713612611
8.323366900037922e-9  -0.9818091095012016
1.1097822533383895e-8  -0.9817482382619408
1.3872278166729869e-8  -0.9822337136256002
1.6646733800075844e-8  -0.9848465596586247
1.9421189433421816e-8  -0.9802409298926575
2.219564506676779e-8  -0.9818808681691247
2.4970100700113762e-8  -0.9764540101589368
2.7744556333459737e-8  -0.984293527100171
3.051901196680571e-8  -0.9895961625177393
3.329346760015169e-8  -0.9868536080548469
3.6067923233497656e-8  -0.9859269188201351
3.884237886684363e-8  -0.9807851647344634
4.1616834500189606e-8  -0.9751513429037285
4.439129013353558e-8  -0.9820693434034355
4.7165745766881556e-8  -0.9884743943641898
4.9940201400227525e-8  -0.9822361303434253
5.27146570335735e-8  -0.9824823434918052
5.5489112666919475e-8  -0.9793395309533773
5.826356830026545e-8  -0.98091380732206
6.103802393361143e-8  -0.9914967376865198
6.38124795669574e-8  -0.9867752901995792
6.658693520030338e-8  -0.9808920344541898
6.936139083364934e-8  -0.9809417209027996
7.213584646699531e-8  -0.9728047567608783
7.49103021003413e-8  -0.9812884290145268
7.768475773368726e-8  -0.975320052354107
8.045921336703324e-8  -0.9722608644564569
8.323366900037921e-8  -0.9733368144942187
8.600812463372518e-8  -0.9739801585432439
8.878258026707116e-8  -0.9743622670353945
9.155703590041713e-8  -0.9681857218733383
9.433149153376311e-8  -0.9728178743234897
9.710594716710908e-8  -0.9698132596578105
9.988040280045505e-8  -0.9804136191825489
1.0265485843380103e-7  -0.9789756330638185
1.05429314067147e-7  -0.9756895230057072
1.0820376970049298e-7  -0.9719271832448279
1.1097822533383895e-7  -0.9698705673404535
1.1375268096718492e-7  -0.978544495421115
1.165271366005309e-7  -0.989484609109103
1.1930159223387688e-7  -0.9766530978474433
1.2207604786722285e-7  -0.9756445547563285
1.2485050350056882e-7  -0.97144588640651
1.276249591339148e-7  -0.9801533371740634
1.3039941476726076e-7  -0.9727658211541037
1.3317387040060675e-7  -0.9857556320078296
1.3594832603395272e-7  -0.9878001343055646
1.387227816672987e-7  -0.9630350287877646
