2.774455633345974e-9  -0.4422763258017931
5.548911266691948e-9  -0.44213318150614267
8.323366900037922e-9  -0.44410232514419357
1.1097822533383895e-8  -0.44276788274785284
1.3872278166729869e-8  -0.44480669679655205
1.6646733800075844e-8  -0.4434314265298642
1.9421189433421816e-8  -0.4398134850055577
2.219564506676779e-8  -0.44234398620234844
2.4970100700113762e-8  -0.4441010125723087
2.7744556333459737e-8  -0.44252712475218875
3.051901196680571e-8  -0.44558469763657405
3.329346760015169e-8  -0.44540341053387167
3.6067923233497656e-8  -0.44080094908018874
3.884237886684363e-8  -0.44034702674497833
4.1616834500189606e-8  -0.44380690848952337
4.439129013353558e-8  -0.4389224420907995
4.7165745766881556e-8  -0.4411436539077889
4.9940201400227525e-8  -0.4433343024449063
5.27146570335735e-8  -0.4405031527432569
5.5489112666919475e-8  -0.43782369150986844
5.826356830026545e-8  -0.44107589873958275
6.103802393361143e-8  -0.4469808005682749
6.38124795669574e-8  -0.44524341735328843
6.658693520030338e-8  -0.44226966006255136
6.936139083364934e-8  -0.44039273511239196
7.213584646699531e-8  -0.44064184148619684
7.49103021003413e-8  -0.437802255632127
7.768475773368726e-8  -0.44157367292301436
8.045921336703324e-8  -0.4398336414039703
8.323366900037921e-8  -0.4345477858786084
8.600812463372518e-8  -0.4360665064264439
8.878258026707116e-8  -0.43647639918857795
9.155703590041713e-8  -0.44213975884751777
9.433149153376311e-8  -0.4336470559340806
9.710594716710908e-8  -0.4382138374683083
9.988040280045505e-8  -0.4433829470614372
1.0265485843380103e-7  -0.44045791691621805
1.05429314067147e-7  -0.43726387361259633
1.0820376970049298e-7  -0.4458107795346559
1.1097822533383895e-7  -0.44090774946547456
1.1375268096718492e-7  -0.4344623643010321
1.165271366005309e-7  -0.43679021824924885
1.1930159223387688e-7  -0.4420361689493743
1.2207604786722285e-7  -0.4423189219992262
1.2485050350056882e-7  -0.4383517098489493
1.276249591339148e-7  -0.43940921286799933
1.3039941476726076e-7  -0.433051798042786
1.3317387040060675e-7  -0.43814318630522997
1.3594832603395272e-7  -0.44192902944614265
1.387227816672987e-7  -0.43889263169743004
