2.774455633345974e-9  -0.8940369217104336
5.548911266691948e-9  -0.894768706112414
8.323366900037922e-9  -0.8972963841641297
1.1097822533383895e-8  -0.8956024804455811
1.3872278166729869e-8  -0.8942640049613241
1.6646733800075844e-8  -0.8964135305564711
1.9421189433421816e-8  -0.8954074357856763
2.219564506676779e-8  -0.8845061973949468
2.4970100700113762e-8  -0.8864454681377346
2.7744556333459737e-8  -0.8839824834599782
3.051901196680571e-8  -0.8946221319316752
3.329346760015169e-8  -0.8936310632452589
3.6067923233497656e-8  -0.8894426551833345
3.884237886684363e-8  -0.8899183238873836
4.1616834500189606e-8  -0.880995531831297
4.439129013353558e-8  -0.887268223713724
4.7165745766881556e-8  -0.8894268612246334
4.9940201400227525e-8  -0.8876316611208701
5.27146570335735e-8  -0.8912180433705275
5.5489112666919475e-8  -0.8795014308737603
5.826356830026545e-8  -0.8904102877653662
6.103802393361143e-8  -0.8933299865155928
6.38124795669574e-8  -0.88974603576008
6.658693520030338e-8  -0.8922548439498772
6.936139083364934e-8  -0.8868651518083113
7.213584646699531e-8  -0.8835409407749182
7.49103021003413e-8  -0.8828409422033473
7.768475773368726e-8  -0.8862674397507925
8.045921336703324e-8  -0.8812592586280615
8.323366900037921e-8  -0.886972917001735
8.600812463372518e-8  -0.8736856853831362
8.878258026707116e-8  -0.8922035540627611
9.155703590041713e-8  -0.8786618841414473
9.433149153376311e-8  -0.8754538560669978
9.710594716710908e-8  -0.8822079549776273
9.988040280045505e-8  -0.8757512208515643
1.0265485843380103e-7  -0.8864724180206793
1.05429314067147e-7  -0.8820746200463795
1.0820376970049298e-7  -0.8815819394885172
1.1097822533383895e-7  -0.8851162736007182
1.1375268096718492e-7  -0.8787166352337692
1.165271366005309e-7  -0.8734957324922774
1.1930159223387688e-7  -0.8839744902644553
1.2207604786722285e-7  -0.8885973655395196
1.2485050350056882e-7  -0.8847358559511077
1.276249591339148e-7  -0.8878429016480771
1.3039941476726076e-7  -0.8850879175869194
1.3317387040060675e-7  -0.8946719107199457
1.3594832603395272e-7  -0.8941359708321871
1.387227816672987e-7  -0.8864558503999418
