2.774455633345974e-9  -0.9249694772605692
5.548911266691948e-9  -0.9254475313376075
8.323366900037922e-9  -0.9268301952007483
1.1097822533383895e-8  -0.928948734755678
1.3872278166729869e-8  -0.9311124008408036
1.6646733800075844e-8  -0.9283365909004259
1.9421189433421816e-8  -0.9323078270807461
2.219564506676779e-8  -0.9301642803364124
2.4970100700113762e-8  -0.9235232895686073
2.7744556333459737e-8  -0.9287559145105163
3.051901196680571e-8  -0.9299512122916829
3.329346760015169e-8  -0.9260142430950267
3.6067923233497656e-8  -0.9336860377193745
3.884237886684363e-8  -0.9341422881733471
4.1616834500189606e-8  -0.9316277915474743
4.439129013353558e-8  -0.9293904310389158
4.7165745766881556e-8  -0.9318374360065363
4.9940201400227525e-8  -0.9261027345463207
5.27146570335735e-8  -0.9237296650697993
5.5489112666919475e-8  -0.9159080886866824
5.826356830026545e-8  -0.9256526775553593
6.103802393361143e-8  -0.9213059712496222
6.38124795669574e-8  -0.9211617998439089
6.658693520030338e-8  -0.9253423955839472
6.936139083364934e-8  -0.9272062670282941
7.213584646699531e-8  -0.9321090773348008
7.49103021003413e-8  -0.9184368538006145
7.768475773368726e-8  -0.9200929164668652
8.045921336703324e-8  -0.9285897744872814
8.323366900037921e-8  -0.9256205730941637
8.600812463372518e-8  -0.9218204674210426
8.878258026707116e-8  -0.9234266923892358
9.155703590041713e-8  -0.9216933086467338
9.433149153376311e-8  -0.92109171292165
9.710594716710908e-8  -0.9173854667876229
9.988040280045505e-8  -0.9156160633537387
1.0265485843380103e-7  -0.9175537121736148
1.05429314067147e-7  -0.9089694730351002
1.0820376970049298e-7  -0.926137741801878
1.1097822533383895e-7  -0.9303485506644696
1.1375268096718492e-7  -0.9130726667584264
1.165271366005309e-7  -0.9192000970402795
1.1930159223387688e-7  -0.9172230079414624
1.2207604786722285e-7  -0.9108533949281405
1.2485050350056882e-7  -0.896319601293604
1.276249591339148e-7  -0.9122197227453706
1.3039941476726076e-7  -0.9061843448433297
1.3317387040060675e-7  -0.9215155385335128
1.3594832603395272e-7  -0.9113461806909076
1.387227816672987e-7  -0.9130844162669729
