2.774455633345974e-9  -0.991934803648232
5.548911266691948e-9  -0.9920651530131805
8.323366900037922e-9  -0.9926689705727855
1.1097822533383895e-8  -0.9928137165584228
1.3872278166729869e-8  -0.993167600898558
1.6646733800075844e-8  -0.9944960389253283
1.9421189433421816e-8  -0.9981120971418169
2.219564506676779e-8  -0.9925530504862764
2.4970100700113762e-8  -0.9956411843648271
2.7744556333459737e-8  -0.9944000546171866
3.051901196680571e-8  -0.9982592296897046
3.329346760015169e-8  -1.0021303995606279
3.6067923233497656e-8  -1.0092465267560582
3.884237886684363e-8  -1.0001602710004134
4.1616834500189606e-8  -0.9972053116854639
4.439129013353558e-8  -0.9910444068182976
4.7165745766881556e-8  -0.9872975678372832
4.9940201400227525e-8  -0.9912914832038255
5.27146570335735e-8  -0.988024463179247
5.5489112666919475e-8  -0.9927393222239311
5.826356830026545e-8  -0.9857581745986175
6.103802393361143e-8  -0.9912940614217404
6.38124795669574e-8  -0.999072252993091
6.658693520030338e-8  -1.0028527260751006
6.936139083364934e-8  -0.9952779157002186
7.213584646699531e-8  -0.9998297936936548
7.49103021003413e-8  -0.9987535279799075
7.768475773368726e-8  -0.979838006482159
8.045921336703324e-8  -0.9927145981680767
8.323366900037921e-8  -0.9951930896710514
8.600812463372518e-8  -0.9939936619911748
8.878258026707116e-8  -0.9813055373343929
9.155703590041713e-8  -0.9902982440421939
9.433149153376311e-8  -0.9819795291329325
9.710594716710908e-8  -0.983404772524743
9.988040280045505e-8  -0.9925039991042811
1.0265485843380103e-7  -0.9888863897338861
1.05429314067147e-7  -0.9898367304472956
1.0820376970049298e-7  -0.9843751202427504
1.1097822533383895e-7  -0.9775730064572369
1.1375268096718492e-7  -0.9835930209118082
1.165271366005309e-7  -0.9922701257012319
1.1930159223387688e-7  -0.9884818146652931
1.2207604786722285e-7  -0.9966066605591576
1.2485050350056882e-7  -0.9935486881132084
1.276249591339148e-7  -0.9976812260510873
1.3039941476726076e-7  -0.9957484828050511
1.3317387040060675e-7  -0.9949838614034388
1.3594832603395272e-7  -0.9885522854139637
1.387227816672987e-7  -0.9733466639569608
