2.774455633345974e-9  -1.0567874194068343
5.548911266691948e-9  -1.0557763746375604
8.323366900037922e-9  -1.055862716608014
1.1097822533383895e-8  -1.0556570511407803
1.3872278166729869e-8  -1.0555066188907158
1.6646733800075844e-8  -1.0558340335655683
1.9421189433421816e-8  -1.0563977605093358
2.219564506676779e-8  -1.055646125407495
2.4970100700113762e-8  -1.0557638192186831
2.7744556333459737e-8  -1.0587273689007195
3.051901196680571e-8  -1.0567737824404224
3.329346760015169e-8  -1.057203766550534
3.6067923233497656e-8  -1.056429989553706
3.884237886684363e-8  -1.058608293388419
4.1616834500189606e-8  -1.0565212909495187
4.439129013353558e-8  -1.056101623505129
4.7165745766881556e-8  -1.0542410666181101
4.9940201400227525e-8  -1.0555328870840026
5.27146570335735e-8  -1.0556789037363767
5.5489112666919475e-8  -1.0579031186713974
5.826356830026545e-8  -1.0556704829011818
6.103802393361143e-8  -1.0548271933286122
6.38124795669574e-8  -1.0532506838855886
6.658693520030338e-8  -1.0517070748348518
6.936139083364934e-8  -1.0576804103212583
7.213584646699531e-8  -1.0512971023230233
7.49103021003413e-8  -1.055543015653343
7.768475773368726e-8  -1.0567280230892762
8.045921336703324e-8  -1.0568898878880377
8.323366900037921e-8  -1.060547913429501
8.600812463372518e-8  -1.0523563761775863
8.878258026707116e-8  -1.0555067391852582
9.155703590041713e-8  -1.0513473482592237
9.433149153376311e-8  -1.046544935537423
9.710594716710908e-8  -1.0490551191941662
9.988040280045505e-8  -1.0490653551966798
1.0265485843380103e-7  -1.0496933423522066
1.05429314067147e-7  -1.0593614176184198
1.0820376970049298e-7  -1.0569707312868752
1.1097822533383895e-7  -1.0663569761441065
1.1375268096718492e-7  -1.0482884638639898
1.165271366005309e-7  -1.0564365720371
1.1930159223387688e-7  -1.0448454190041063
1.2207604786722285e-7  -1.052697649353064
1.2485050350056882e-7  -1.056209032559417
1.276249591339148e-7  -1.0527189704925624
1.3039941476726076e-7  -1.056847734972642
1.3317387040060675e-7  -1.0550926035860715
1.3594832603395272e-7  -1.0597165886767004
1.387227816672987e-7  -1.0614936865944544
