2.774455633345974e-9  -0.5981617247432653
5.548911266691948e-9  -0.5986582276781262
8.323366900037922e-9  -0.5978984224587339
1.1097822533383895e-8  -0.5976154804911241
1.3872278166729869e-8  -0.5960862886520651
1.6646733800075844e-8  -0.5941780305179051
1.9421189433421816e-8  -0.5973870660396732
2.219564506676779e-8  -0.5962925617679279
2.4970100700113762e-8  -0.5953389636928276
2.7744556333459737e-8  -0.5900846923538535
3.051901196680571e-8  -0.6022336993272048
3.329346760015169e-8  -0.59752265295709
3.6067923233497656e-8  -0.5968346024634245
3.884237886684363e-8  -0.5948229734779189
4.1616834500189606e-8  -0.6046163257082667
4.439129013353558e-8  -0.6013936328156247
4.7165745766881556e-8  -0.5986315530369086
4.9940201400227525e-8  -0.5936722301989152
5.27146570335735e-8  -0.5943909000041122
5.5489112666919475e-8  -0.5906345696897284
5.826356830026545e-8  -0.595637890232225
6.103802393361143e-8  -0.5957087325711349
6.38124795669574e-8  -0.5946698621897205
6.658693520030338e-8  -0.5942783564790287
6.936139083364934e-8  -0.5916156478363327
7.213584646699531e-8  -0.5944517133748248
7.49103021003413e-8  -0.5933832089459934
7.768475773368726e-8  -0.5905494265111343
8.045921336703324e-8  -0.5904950860563767
8.323366900037921e-8  -0.5947173279241273
8.600812463372518e-8  -0.5947395393481638
8.878258026707116e-8  -0.5981162972309466
9.155703590041713e-8  -0.5937220411021811
9.433149153376311e-8  -0.5914056593734175
9.710594716710908e-8  -0.5950351806406855
9.988040280045505e-8  -0.5904212252040517
1.0265485843380103e-7  -0.58489143889934
1.05429314067147e-7  -0.591454287093901
1.0820376970049298e-7  -0.5915936813021431
1.1097822533383895e-7  -0.58745029570533
1.1375268096718492e-7  -0.5929294290820671
1.165271366005309e-7  -0.5917368098630578
1.1930159223387688e-7  -0.5908098766717964
1.2207604786722285e-7  -0.5922434227303964
1.2485050350056882e-7  -0.5887500984899454
1.276249591339148e-7  -0.5918621705464977
1.3039941476726076e-7  -0.5931758574710235
1.3317387040060675e-7  -0.5915741414426738
1.3594832603395272e-7  -0.5926365857025405
1.387227816672987e-7  -0.5876283097417964
