2.774455633345974e-9  -1.0524929438875765
5.548911266691948e-9  -1.0532449018844043
8.323366900037922e-9  -1.0527455848924718
1.1097822533383895e-8  -1.0533064212557721
1.3872278166729869e-8  -1.05391334117328
1.6646733800075844e-8  -1.0532817656421598
1.9421189433421816e-8  -1.0550356368437561
2.219564506676779e-8  -1.0468094792955014
2.4970100700113762e-8  -1.0456551363787943
2.7744556333459737e-8  -1.044659179888498
3.051901196680571e-8  -1.0620478634502706
3.329346760015169e-8  -1.0467056820782272
3.6067923233497656e-8  -1.0485170737039256
3.884237886684363e-8  -1.0464408695776726
4.1616834500189606e-8  -1.0556057314487601
4.439129013353558e-8  -1.0564064112144462
4.7165745766881556e-8  -1.047441321505909
4.9940201400227525e-8  -1.038826198701401
5.27146570335735e-8  -1.0413528420327587
5.5489112666919475e-8  -1.0494193040802675
5.826356830026545e-8  -1.0557963881243873
6.103802393361143e-8  -1.0412380239606558
6.38124795669574e-8  -1.0419364356189977
6.658693520030338e-8  -1.027943166976952
6.936139083364934e-8  -1.041346179172431
7.213584646699531e-8  -1.0565301597798042
7.49103021003413e-8  -1.0481570372685656
7.768475773368726e-8  -1.057184284325482
8.045921336703324e-8  -1.035128207450241
8.323366900037921e-8  -1.0475796041140748
8.600812463372518e-8  -1.0503194436951662
8.878258026707116e-8  -1.0450615465543194
9.155703590041713e-8  -1.0434907674892056
9.433149153376311e-8  -1.040400933206434
9.710594716710908e-8  -1.0436579777950805
9.988040280045505e-8  -1.0296446905801095
1.0265485843380103e-7  -1.0363591505443852
1.05429314067147e-7  -1.0336310122780088
1.0820376970049298e-7  -1.0437786384907155
1.1097822533383895e-7  -1.052135038871572
1.1375268096718492e-7  -1.0587789366089928
1.165271366005309e-7  -1.043328580600311
1.1930159223387688e-7  -1.0480673352728245
1.2207604786722285e-7  -1.037034470173055
1.2485050350056882e-7  -1.0269007779618586
1.276249591339148e-7  -1.0438147610279636
1.3039941476726076e-7  -1.0425622677412294
1.3317387040060675e-7  -1.0391308790083127
1.3594832603395272e-7  -1.0388678254770312
1.387227816672987e-7  -1.0435440349057437
