2.774455633345974e-9  -0.356000929935716
5.548911266691948e-9  -0.3552894072046509
8.323366900037922e-9  -0.35547018724599455
1.1097822533383895e-8  -0.3569211344986963
1.3872278166729869e-8  -0.3562240518134046
1.6646733800075844e-8  -0.3544978508571891
1.9421189433421816e-8  -0.35439608947026996
2.219564506676779e-8  -0.3592361625599719
2.4970100700113762e-8  -0.3532328707521308
2.7744556333459737e-8  -0.3533447393643482
3.051901196680571e-8  -0.3569321308573758
3.329346760015169e-8  -0.35659521178835724
3.6067923233497656e-8  -0.35127061580647123
3.884237886684363e-8  -0.3528001337100205
4.1616834500189606e-8  -0.3575723712696429
4.439129013353558e-8  -0.360000682580396
4.7165745766881556e-8  -0.35390596064058677
4.9940201400227525e-8  -0.35772956430882424
5.27146570335735e-8  -0.35648184265019817
5.5489112666919475e-8  -0.35410179575387646
5.826356830026545e-8  -0.35274609198657664
6.103802393361143e-8  -0.35738744537298306
6.38124795669574e-8  -0.35873316777698094
6.658693520030338e-8  -0.35890828933567226
6.936139083364934e-8  -0.35716053178834417
7.213584646699531e-8  -0.35134085220983985
7.49103021003413e-8  -0.35772666175031126
7.768475773368726e-8  -0.3514885595756335
8.045921336703324e-8  -0.35535988015014086
8.323366900037921e-8  -0.3569258149873857
8.600812463372518e-8  -0.35654359178261824
8.878258026707116e-8  -0.35753430320559754
9.155703590041713e-8  -0.35159777559229166
9.433149153376311e-8  -0.3476243978415615
9.710594716710908e-8  -0.34529165170982135
9.988040280045505e-8  -0.35403958225798604
1.0265485843380103e-7  -0.35181847087039536
1.05429314067147e-7  -0.35446189155645136
1.0820376970049298e-7  -0.352979278216277
1.1097822533383895e-7  -0.34714249409130155
1.1375268096718492e-7  -0.34713518788135356
1.165271366005309e-7  -0.3498634760707912
1.1930159223387688e-7  -0.35246238837766175
1.2207604786722285e-7  -0.35519634577420794
1.2485050350056882e-7  -0.35616433880989884
1.276249591339148e-7  -0.3534678923310035
1.3039941476726076e-7  -0.35640111638895566
1.3317387040060675e-7  -0.35256617871588686
1.3594832603395272e-7  -0.36002785712274576
1.387227816672987e-7  -0.35170589948526415
