2.774455633345974e-9  35.51158454251645
5.548911266691948e-9  39.6693526918566
8.323366900037922e-9  42.10414289473331
1.1097822533383895e-8  43.82912908805082
1.3872278166729869e-8  45.132720581315276
1.6646733800075844e-8  46.26046473554277
1.9421189433421816e-8  47.18729231524893
2.219564506676779e-8  47.9877349652809
2.4970100700113762e-8  48.69525388124716
2.7744556333459737e-8  49.32630854415651
3.051901196680571e-8  49.90321675392403
3.329346760015169e-8  50.42080945071825
3.6067923233497656e-8  50.901255092224226
3.884237886684363e-8  51.34601201406549
4.1616834500189606e-8  51.75951519907884
4.439129013353558e-8  52.147591863308044
4.7165745766881556e-8  52.51089204691539
4.9940201400227525e-8  52.85803445458153
5.27146570335735e-8  53.18329766660485
5.5489112666919475e-8  53.48534670132902
5.826356830026545e-8  53.777379659998566
6.103802393361143e-8  54.05733517921462
6.38124795669574e-8  54.32423043708589
6.658693520030338e-8  54.57514373211714
6.936139083364934e-8  54.82438423241371
7.213584646699531e-8  55.059617542555756
7.49103021003413e-8  55.28425622992336
7.768475773368726e-8  55.50335932667148
8.045921336703324e-8  55.71556082674991
8.323366900037921e-8  55.91496416714184
8.600812463372518e-8  56.11209539070458
8.878258026707116e-8  56.30570635501338
9.155703590041713e-8  56.4893769245287
9.433149153376311e-8  56.669592523643004
9.710594716710908e-8  56.84362162542043
9.988040280045505e-8  57.01225605264704
1.0265485843380103e-7  57.17670262033405
1.05429314067147e-7  57.33703266411351
1.0820376970049298e-7  57.49290788071963
1.1097822533383895e-7  57.6423340459011
1.1375268096718492e-7  57.791835416472445
1.165271366005309e-7  57.93007315524477
1.1930159223387688e-7  58.07892040694124
1.2207604786722285e-7  58.21891506328843
1.2485050350056882e-7  58.35035899691133
1.276249591339148e-7  58.48480678552716
1.3039941476726076e-7  58.611893720086805
1.3317387040060675e-7  58.73892063048724
1.3594832603395272e-7  58.86168729391295
1.387227816672987e-7  58.98258772372332
