2.774455633345974e-9  -1.0561643810581853
5.548911266691948e-9  -1.0562233835555646
8.323366900037922e-9  -1.0561753755540833
1.1097822533383895e-8  -1.0561512981179508
1.3872278166729869e-8  -1.0599280740658892
1.6646733800075844e-8  -1.0572795712435428
1.9421189433421816e-8  -1.0576854107202411
2.219564506676779e-8  -1.0567591822064073
2.4970100700113762e-8  -1.059154782283504
2.7744556333459737e-8  -1.0636137825025245
3.051901196680571e-8  -1.0601260845520188
3.329346760015169e-8  -1.0543473532088288
3.6067923233497656e-8  -1.0544441462342484
3.884237886684363e-8  -1.0587616192115057
4.1616834500189606e-8  -1.0599523764158547
4.439129013353558e-8  -1.0610116528388562
4.7165745766881556e-8  -1.0600770495056515
4.9940201400227525e-8  -1.0577618101260624
5.27146570335735e-8  -1.0594260541486602
5.5489112666919475e-8  -1.066410781837773
5.826356830026545e-8  -1.070241794041481
6.103802393361143e-8  -1.0603003283032695
6.38124795669574e-8  -1.0559184173228937
6.658693520030338e-8  -1.058501972339829
6.936139083364934e-8  -1.0564606008149664
7.213584646699531e-8  -1.0555590064765155
7.49103021003413e-8  -1.0484690964788674
7.768475773368726e-8  -1.0599991989231967
8.045921336703324e-8  -1.0559816457748665
8.323366900037921e-8  -1.0552726413722475
8.600812463372518e-8  -1.0597699225463593
8.878258026707116e-8  -1.0510028951739674
9.155703590041713e-8  -1.060468380585039
9.433149153376311e-8  -1.051123617021271
9.710594716710908e-8  -1.0531007831143728
9.988040280045505e-8  -1.0538556202952785
1.0265485843380103e-7  -1.0497494364585023
1.05429314067147e-7  -1.0674763868233361
1.0820376970049298e-7  -1.061294186857435
1.1097822533383895e-7  -1.050954801826316
1.1375268096718492e-7  -1.0538564692435242
1.165271366005309e-7  -1.0563650626779972
1.1930159223387688e-7  -1.07181853692925
1.2207604786722285e-7  -1.0637259576378848
1.2485050350056882e-7  -1.0589624189586515
1.276249591339148e-7  -1.0439731126486518
1.3039941476726076e-7  -1.0581964354737452
1.3317387040060675e-7  -1.053933511478091
1.3594832603395272e-7  -1.0460256428288561
1.387227816672987e-7  -1.0470466313169877
