2.774455633345974e-9  -0.6798493457146533
5.548911266691948e-9  -0.6807323820410388
8.323366900037922e-9  -0.6818318316059027
1.1097822533383895e-8  -0.6830671070647546
1.3872278166729869e-8  -0.6838418875586318
1.6646733800075844e-8  -0.6830123389448716
1.9421189433421816e-8  -0.6827313660014759
2.219564506676779e-8  -0.685693462743295
2.4970100700113762e-8  -0.6862355506764908
2.7744556333459737e-8  -0.6865403887283732
3.051901196680571e-8  -0.6849503050282366
3.329346760015169e-8  -0.6813510504661563
3.6067923233497656e-8  -0.6834481030740277
3.884237886684363e-8  -0.6807516937418612
4.1616834500189606e-8  -0.6815066120841096
4.439129013353558e-8  -0.6865683432992008
4.7165745766881556e-8  -0.6870406470493257
4.9940201400227525e-8  -0.6841687986711845
5.27146570335735e-8  -0.6834120696613438
5.5489112666919475e-8  -0.6847447992426214
5.826356830026545e-8  -0.6826215563398677
6.103802393361143e-8  -0.6762356060838671
6.38124795669574e-8  -0.6864899482610461
6.658693520030338e-8  -0.6825669635776875
6.936139083364934e-8  -0.6719610321269966
7.213584646699531e-8  -0.6839974031602307
7.49103021003413e-8  -0.673479098802937
7.768475773368726e-8  -0.6777710647965609
8.045921336703324e-8  -0.6788878701333283
8.323366900037921e-8  -0.6781147065975442
8.600812463372518e-8  -0.6740255234999337
8.878258026707116e-8  -0.6797299905018745
9.155703590041713e-8  -0.6858982555569277
9.433149153376311e-8  -0.681614919087767
9.710594716710908e-8  -0.6880252689948126
9.988040280045505e-8  -0.6795541573332423
1.0265485843380103e-7  -0.6786832395080616
1.05429314067147e-7  -0.6825978916245266
1.0820376970049298e-7  -0.6757702393868968
1.1097822533383895e-7  -0.6776536643706232
1.1375268096718492e-7  -0.6795002375459752
1.165271366005309e-7  -0.679004158187184
1.1930159223387688e-7  -0.6799870167857548
1.2207604786722285e-7  -0.6696197114443598
1.2485050350056882e-7  -0.6710623140034002
1.276249591339148e-7  -0.6735540243002894
1.3039941476726076e-7  -0.6744593567084758
1.3317387040060675e-7  -0.6695409504894776
1.3594832603395272e-7  -0.6726444805059903
1.387227816672987e-7  -0.672509873024972
