2.774455633345974e-9  36.17456173335213
5.548911266691948e-9  40.33120913166847
8.323366900037922e-9  42.76523844663293
1.1097822533383895e-8  44.49049740029095
1.3872278166729869e-8  45.83033367347641
1.6646733800075844e-8  46.92359517288887
1.9421189433421816e-8  47.850699778918305
2.219564506676779e-8  48.6503746807231
2.4970100700113762e-8  49.356948720247416
2.7744556333459737e-8  49.98726969614866
3.051901196680571e-8  50.567018042939495
3.329346760015169e-8  51.08298859549821
3.6067923233497656e-8  51.562234791286095
3.884237886684363e-8  52.02024447618813
4.1616834500189606e-8  52.42392974544552
4.439129013353558e-8  52.80916248619067
4.7165745766881556e-8  53.173339871480366
4.9940201400227525e-8  53.51533653004924
5.27146570335735e-8  53.83974057594029
5.5489112666919475e-8  54.14802470164128
5.826356830026545e-8  54.441329573686566
6.103802393361143e-8  54.71961860270443
6.38124795669574e-8  54.98292619524834
6.658693520030338e-8  55.23690599934135
6.936139083364934e-8  55.48757174712896
7.213584646699531e-8  55.72255640347478
7.49103021003413e-8  55.94757743956323
7.768475773368726e-8  56.16664003092709
8.045921336703324e-8  56.37639092561133
8.323366900037921e-8  56.579650714767304
8.600812463372518e-8  56.77422259875026
8.878258026707116e-8  56.9700046351257
9.155703590041713e-8  57.15262484772919
9.433149153376311e-8  57.33354762630166
9.710594716710908e-8  57.50127849242172
9.988040280045505e-8  57.674277512600725
1.0265485843380103e-7  57.83841354281321
1.05429314067147e-7  57.99931849685295
1.0820376970049298e-7  58.15289928228658
1.1097822533383895e-7  58.30420981583017
1.1375268096718492e-7  58.464416186202776
1.165271366005309e-7  58.59923542223194
1.1930159223387688e-7  58.741192205436306
1.2207604786722285e-7  58.878627093202006
1.2485050350056882e-7  59.012969924944166
1.276249591339148e-7  59.14693836570374
1.3039941476726076e-7  59.272684735810564
1.3317387040060675e-7  59.40380564045132
1.3594832603395272e-7  59.52351959343169
1.387227816672987e-7  59.645902503081544
