2.774455633345974e-9  -1.034450806842663
5.548911266691948e-9  -1.034765102261356
8.323366900037922e-9  -1.0369267070220545
1.1097822533383895e-8  -1.0351249768661208
1.3872278166729869e-8  -1.0368305622636464
1.6646733800075844e-8  -1.0297019354230053
1.9421189433421816e-8  -1.0356155403121816
2.219564506676779e-8  -1.0285235189041964
2.4970100700113762e-8  -1.0246823959305906
2.7744556333459737e-8  -1.024168294535893
3.051901196680571e-8  -1.0372868226744028
3.329346760015169e-8  -1.0393665269367873
3.6067923233497656e-8  -1.0310982996317133
3.884237886684363e-8  -1.0281979018724656
4.1616834500189606e-8  -1.0299748760954186
4.439129013353558e-8  -1.0305532692519856
4.7165745766881556e-8  -1.0293343440652982
4.9940201400227525e-8  -1.0308787150460776
5.27146570335735e-8  -1.0352274427713233
5.5489112666919475e-8  -1.0310571514233697
5.826356830026545e-8  -1.0337242913719664
6.103802393361143e-8  -1.0198061905071587
6.38124795669574e-8  -1.0239980740906978
6.658693520030338e-8  -1.0229652605765405
6.936139083364934e-8  -1.039526415244414
7.213584646699531e-8  -1.0335848849155225
7.49103021003413e-8  -1.0288638362881488
7.768475773368726e-8  -1.0322034578925623
8.045921336703324e-8  -1.0209631256187595
8.323366900037921e-8  -1.0164378609326814
8.600812463372518e-8  -1.018249542927959
8.878258026707116e-8  -1.0163817478653525
9.155703590041713e-8  -1.0043994209867937
9.433149153376311e-8  -1.0218052914354707
9.710594716710908e-8  -1.0292463286467222
9.988040280045505e-8  -1.0314064240721907
1.0265485843380103e-7  -1.00867098496997
1.05429314067147e-7  -1.0178395196947838
1.0820376970049298e-7  -1.0254883107055097
1.1097822533383895e-7  -1.0188740617444654
1.1375268096718492e-7  -1.0191214452766828
1.165271366005309e-7  -1.0087623523891085
1.1930159223387688e-7  -1.0163625771376525
1.2207604786722285e-7  -1.0210322347310288
1.2485050350056882e-7  -1.022880401546641
1.276249591339148e-7  -1.02331391471649
1.3039941476726076e-7  -1.019900654610951
1.3317387040060675e-7  -1.0309704646241724
1.3594832603395272e-7  -1.0371082500993627
1.387227816672987e-7  -1.0296324357206408
