2.774455633345974e-9  -0.9517906401636854
5.548911266691948e-9  -0.9535066544161493
8.323366900037922e-9  -0.9530792031624888
1.1097822533383895e-8  -0.9525993936540046
1.3872278166729869e-8  -0.9526617002588678
1.6646733800075844e-8  -0.9532958982651865
1.9421189433421816e-8  -0.9503402463032645
2.219564506676779e-8  -0.9511788213660831
2.4970100700113762e-8  -0.9551778437374217
2.7744556333459737e-8  -0.9556191398318429
3.051901196680571e-8  -0.9562790613925177
3.329346760015169e-8  -0.9535269029616429
3.6067923233497656e-8  -0.957076813872259
3.884237886684363e-8  -0.9516510885666551
4.1616834500189606e-8  -0.9509071335528556
4.439129013353558e-8  -0.9486758388947805
4.7165745766881556e-8  -0.9570738792057418
4.9940201400227525e-8  -0.9647763427164959
5.27146570335735e-8  -0.9677838464511849
5.5489112666919475e-8  -0.9632805608064725
5.826356830026545e-8  -0.9641904338052198
6.103802393361143e-8  -0.955616998619649
6.38124795669574e-8  -0.9464047929226792
6.658693520030338e-8  -0.9542428565938972
6.936139083364934e-8  -0.9608405909527219
7.213584646699531e-8  -0.9534959035584656
7.49103021003413e-8  -0.9493742560386101
7.768475773368726e-8  -0.9485913393034127
8.045921336703324e-8  -0.9435445541029691
8.323366900037921e-8  -0.9424042457115823
8.600812463372518e-8  -0.9554136558983272
8.878258026707116e-8  -0.9533534003431159
9.155703590041713e-8  -0.9468933622475552
9.433149153376311e-8  -0.9492257875480441
9.710594716710908e-8  -0.9592076892208254
9.988040280045505e-8  -0.9576836143868115
1.0265485843380103e-7  -0.972570585865031
1.05429314067147e-7  -0.9743780756928564
1.0820376970049298e-7  -0.9658187256188894
1.1097822533383895e-7  -0.9578588189056007
1.1375268096718492e-7  -0.9570483704160255
1.165271366005309e-7  -0.9508722407593304
1.1930159223387688e-7  -0.9626158728831314
1.2207604786722285e-7  -0.9615302719311716
1.2485050350056882e-7  -0.9626718846662099
1.276249591339148e-7  -0.94490444601633
1.3039941476726076e-7  -0.9527285390615691
1.3317387040060675e-7  -0.9499853725132376
1.3594832603395272e-7  -0.9613847326026854
1.387227816672987e-7  -0.938985243894223
