2.774455633345974e-9  -0.8152556680236434
5.548911266691948e-9  -0.8154607090949206
8.323366900037922e-9  -0.8143845959206492
1.1097822533383895e-8  -0.8157888381062648
1.3872278166729869e-8  -0.8145856440472071
1.6646733800075844e-8  -0.814791906633046
1.9421189433421816e-8  -0.8125746899272339
2.219564506676779e-8  -0.8146716224562787
2.4970100700113762e-8  -0.8055296246393534
2.7744556333459737e-8  -0.8160349910773356
3.051901196680571e-8  -0.8214412676310239
3.329346760015169e-8  -0.8167664400781517
3.6067923233497656e-8  -0.8139755959781891
3.884237886684363e-8  -0.8168217529993957
4.1616834500189606e-8  -0.8196006461539594
4.439129013353558e-8  -0.8061866441048252
4.7165745766881556e-8  -0.8115890182442405
4.9940201400227525e-8  -0.8026547161720529
5.27146570335735e-8  -0.7983686471280768
5.5489112666919475e-8  -0.8222003841766822
5.826356830026545e-8  -0.8131065324605941
6.103802393361143e-8  -0.8177152172853646
6.38124795669574e-8  -0.8126871408469986
6.658693520030338e-8  -0.8216163679330898
6.936139083364934e-8  -0.8125678695254678
7.213584646699531e-8  -0.802159733509917
7.49103021003413e-8  -0.8155263001512397
7.768475773368726e-8  -0.8053242702362524
8.045921336703324e-8  -0.8205070228270629
8.323366900037921e-8  -0.7978636980395256
8.600812463372518e-8  -0.8121689578962326
8.878258026707116e-8  -0.8175238311573486
9.155703590041713e-8  -0.7988703381672234
9.433149153376311e-8  -0.8140316350832281
9.710594716710908e-8  -0.8021681617846826
9.988040280045505e-8  -0.8048212410661535
1.0265485843380103e-7  -0.7977521924045988
1.05429314067147e-7  -0.8350115396679083
1.0820376970049298e-7  -0.8201423345088568
1.1097822533383895e-7  -0.8210672442348641
1.1375268096718492e-7  -0.8269411620396507
1.165271366005309e-7  -0.8210059181575519
1.1930159223387688e-7  -0.8032317920177411
1.2207604786722285e-7  -0.7936006914680936
1.2485050350056882e-7  -0.8155378092489715
1.276249591339148e-7  -0.7997416754191004
1.3039941476726076e-7  -0.8094269020756942
1.3317387040060675e-7  -0.8147021333878713
1.3594832603395272e-7  -0.7967500330070458
1.387227816672987e-7  -0.7855936724757071
