2.774455633345974e-9  -1.0375984706790526
5.548911266691948e-9  -1.0370262268281485
8.323366900037922e-9  -1.0413207950633174
1.1097822533383895e-8  -1.0394015175300102
1.3872278166729869e-8  -1.0415693446971277
1.6646733800075844e-8  -1.043677569534776
1.9421189433421816e-8  -1.0330308260211938
2.219564506676779e-8  -1.0365800728665653
2.4970100700113762e-8  -1.0358677855306935
2.7744556333459737e-8  -1.0332378812072107
3.051901196680571e-8  -1.0492454235899986
3.329346760015169e-8  -1.033646687849906
3.6067923233497656e-8  -1.0283489241004795
3.884237886684363e-8  -1.0345233446174547
4.1616834500189606e-8  -1.0183237357611947
4.439129013353558e-8  -1.0372204896983421
4.7165745766881556e-8  -1.033664132115803
4.9940201400227525e-8  -1.0270375197285335
5.27146570335735e-8  -1.0300132579839776
5.5489112666919475e-8  -1.0336896791274746
5.826356830026545e-8  -1.0231522225240723
6.103802393361143e-8  -1.0264555585671356
6.38124795669574e-8  -1.0364796789038808
6.658693520030338e-8  -1.0342993289662938
6.936139083364934e-8  -1.0334659333340137
7.213584646699531e-8  -1.0181626001844821
7.49103021003413e-8  -1.0260285566912917
7.768475773368726e-8  -1.0274783795059927
8.045921336703324e-8  -1.0221073176121993
8.323366900037921e-8  -1.0182595194985142
8.600812463372518e-8  -1.0274843100714934
8.878258026707116e-8  -1.032998700598377
9.155703590041713e-8  -1.0302694371530032
9.433149153376311e-8  -1.0152636118113767
9.710594716710908e-8  -1.0157003352122025
9.988040280045505e-8  -1.021325999116229
1.0265485843380103e-7  -1.0174088049028087
1.05429314067147e-7  -1.0186030117548643
1.0820376970049298e-7  -1.0311517093800537
1.1097822533383895e-7  -1.0294436041238006
1.1375268096718492e-7  -1.0218283849640581
1.165271366005309e-7  -1.0119461732492279
1.1930159223387688e-7  -1.0246256081493368
1.2207604786722285e-7  -1.0357565787218972
1.2485050350056882e-7  -1.016475526497525
1.276249591339148e-7  -1.0259449676258976
1.3039941476726076e-7  -1.036150921752796
1.3317387040060675e-7  -1.0322029188639232
1.3594832603395272e-7  -1.0363885282626653
1.387227816672987e-7  -1.0188297672981512
