2.774455633345974e-9  -0.9761134143019161
5.548911266691948e-9  -0.9774850226319475
8.323366900037922e-9  -0.9779934381944086
1.1097822533383895e-8  -0.9809545246347132
1.3872278166729869e-8  -0.980928808769942
1.6646733800075844e-8  -0.9797906807853483
1.9421189433421816e-8  -0.9841039485193819
2.219564506676779e-8  -0.9829157984829251
2.4970100700113762e-8  -0.9745035820348161
2.7744556333459737e-8  -0.9805881575944314
3.051901196680571e-8  -0.9811323729392231
3.329346760015169e-8  -0.9781465029394287
3.6067923233497656e-8  -0.9810241869382106
3.884237886684363e-8  -0.9918447864056843
4.1616834500189606e-8  -0.9891833904828511
4.439129013353558e-8  -0.9792436868882815
4.7165745766881556e-8  -0.9798860581524538
4.9940201400227525e-8  -0.981536580522475
5.27146570335735e-8  -0.9737569493816643
5.5489112666919475e-8  -0.9666874313760181
5.826356830026545e-8  -0.9779325679248402
6.103802393361143e-8  -0.9753859141822743
6.38124795669574e-8  -0.9744091260724218
6.658693520030338e-8  -0.9746309599153274
6.936139083364934e-8  -0.9744294864115768
7.213584646699531e-8  -0.9827069481649885
7.49103021003413e-8  -0.9713750225888572
7.768475773368726e-8  -0.9791173107286611
8.045921336703324e-8  -0.9776542915375146
8.323366900037921e-8  -0.968954726132969
8.600812463372518e-8  -0.9861105917591361
8.878258026707116e-8  -0.9837194342994889
9.155703590041713e-8  -0.966150135447201
9.433149153376311e-8  -0.9643620077522173
9.710594716710908e-8  -0.9662167291717099
9.988040280045505e-8  -0.9711467122333398
1.0265485843380103e-7  -0.9690500077728893
1.05429314067147e-7  -0.9644414436987947
1.0820376970049298e-7  -0.9718957634828165
1.1097822533383895e-7  -0.976694803700141
1.1375268096718492e-7  -0.9532923126512013
1.165271366005309e-7  -0.9706306389283584
1.1930159223387688e-7  -0.9693867605186955
1.2207604786722285e-7  -0.9708551350852928
1.2485050350056882e-7  -0.961290955049368
1.276249591339148e-7  -0.9695319627677478
1.3039941476726076e-7  -0.9685522845756568
1.3317387040060675e-7  -0.9671107695903547
1.3594832603395272e-7  -0.9741465079963232
1.387227816672987e-7  -0.9641783863909931
