2.774455633345974e-9  0.21573385982683915
5.548911266691948e-9  0.21608470346066092
8.323366900037922e-9  0.21623366288036075
1.1097822533383895e-8  0.21863809070451323
1.3872278166729869e-8  0.21780934261089813
1.6646733800075844e-8  0.21665290773994889
1.9421189433421816e-8  0.22042676876773562
2.219564506676779e-8  0.22020782407240744
2.4970100700113762e-8  0.22123747067366695
2.7744556333459737e-8  0.21860560042999247
3.051901196680571e-8  0.2182078587687157
3.329346760015169e-8  0.2161816908072695
3.6067923233497656e-8  0.21585965371638993
3.884237886684363e-8  0.2224652092447194
4.1616834500189606e-8  0.22119124546137564
4.439129013353558e-8  0.22188278828657526
4.7165745766881556e-8  0.21781652272991303
4.9940201400227525e-8  0.21708956932255993
5.27146570335735e-8  0.21655083915604392
5.5489112666919475e-8  0.21554932291813433
5.826356830026545e-8  0.21186577935767564
6.103802393361143e-8  0.21674331440018285
6.38124795669574e-8  0.21917291965826605
6.658693520030338e-8  0.21577764016213874
6.936139083364934e-8  0.21659351572257293
7.213584646699531e-8  0.21653500887110186
7.49103021003413e-8  0.2135198790994849
7.768475773368726e-8  0.22050515845029145
8.045921336703324e-8  0.21870923242782794
8.323366900037921e-8  0.21607505897252
8.600812463372518e-8  0.21837227556714886
8.878258026707116e-8  0.22052617519495296
9.155703590041713e-8  0.22782535320495576
9.433149153376311e-8  0.2137024882830506
9.710594716710908e-8  0.21641906545003192
9.988040280045505e-8  0.22024389795785682
1.0265485843380103e-7  0.21700136376787268
1.05429314067147e-7  0.21680465564200613
1.0820376970049298e-7  0.2091270457939269
1.1097822533383895e-7  0.2143080832055643
1.1375268096718492e-7  0.21711377896537506
1.165271366005309e-7  0.21393003105080594
1.1930159223387688e-7  0.21479951956654653
1.2207604786722285e-7  0.21230512643664456
1.2485050350056882e-7  0.21173217907764952
1.276249591339148e-7  0.21245283330569156
1.3039941476726076e-7  0.2121449883811402
1.3317387040060675e-7  0.21607006314002963
1.3594832603395272e-7  0.21517924313807096
1.387227816672987e-7  0.21735185370185306
