2.774455633345974e-9  -0.03964547689955698
5.548911266691948e-9  -0.040064864904398784
8.323366900037922e-9  -0.03986211463583348
1.1097822533383895e-8  -0.03890939727486281
1.3872278166729869e-8  -0.04012918410868789
1.6646733800075844e-8  -0.03938301767066177
1.9421189433421816e-8  -0.03933987610367416
2.219564506676779e-8  -0.03982661760336365
2.4970100700113762e-8  -0.04164429309892812
2.7744556333459737e-8  -0.038422093083865703
3.051901196680571e-8  -0.03803922326036308
3.329346760015169e-8  -0.04076200808508401
3.6067923233497656e-8  -0.043476068346894145
3.884237886684363e-8  -0.03743990995293321
4.1616834500189606e-8  -0.03841833226914546
4.439129013353558e-8  -0.041597479747384945
4.7165745766881556e-8  -0.041151265176209366
4.9940201400227525e-8  -0.04142983557701706
5.27146570335735e-8  -0.04138625039257805
5.5489112666919475e-8  -0.03742059744664619
5.826356830026545e-8  -0.03661377569374588
6.103802393361143e-8  -0.04021015039647478
6.38124795669574e-8  -0.04291276954529979
6.658693520030338e-8  -0.04011285436453961
6.936139083364934e-8  -0.04054355283934082
7.213584646699531e-8  -0.039922513642308886
7.49103021003413e-8  -0.03631192669289684
7.768475773368726e-8  -0.039547420456099484
8.045921336703324e-8  -0.04063109727190701
8.323366900037921e-8  -0.04007009380161883
8.600812463372518e-8  -0.040897806244970504
8.878258026707116e-8  -0.040070208818293374
9.155703590041713e-8  -0.04073064751600992
9.433149153376311e-8  -0.04182317436272851
9.710594716710908e-8  -0.04205799596311638
9.988040280045505e-8  -0.041947993963299936
1.0265485843380103e-7  -0.03949322404733598
1.05429314067147e-7  -0.03802437215055312
1.0820376970049298e-7  -0.03826472297948079
1.1097822533383895e-7  -0.041701956343652855
1.1375268096718492e-7  -0.04354363278341699
1.165271366005309e-7  -0.04150561594710817
1.1930159223387688e-7  -0.041426593386095036
1.2207604786722285e-7  -0.04023659753273137
1.2485050350056882e-7  -0.04136653357163685
1.276249591339148e-7  -0.03969248264504484
1.3039941476726076e-7  -0.041176137991726466
1.3317387040060675e-7  -0.04324503443158452
1.3594832603395272e-7  -0.04258391182857341
1.387227816672987e-7  -0.04425826564251395
