2.774455633345974e-9  0.28602625294130357
5.548911266691948e-9  0.2864793597984632
8.323366900037922e-9  0.28740981934734566
1.1097822533383895e-8  0.2872548317532259
1.3872278166729869e-8  0.2890256086751646
1.6646733800075844e-8  0.28710360151756903
1.9421189433421816e-8  0.2836132490927294
2.219564506676779e-8  0.2889034423830848
2.4970100700113762e-8  0.2883446767074085
2.7744556333459737e-8  0.2880470686791524
3.051901196680571e-8  0.28820725569906325
3.329346760015169e-8  0.28595264716859675
3.6067923233497656e-8  0.28399498797857925
3.884237886684363e-8  0.2789666143396155
4.1616834500189606e-8  0.2846954944700072
4.439129013353558e-8  0.29610281802885313
4.7165745766881556e-8  0.28586254731050814
4.9940201400227525e-8  0.28656648252926165
5.27146570335735e-8  0.27990286496737565
5.5489112666919475e-8  0.2878817347718856
5.826356830026545e-8  0.28791374507667494
6.103802393361143e-8  0.2866133860188286
6.38124795669574e-8  0.2839361826180818
6.658693520030338e-8  0.2856569708375387
6.936139083364934e-8  0.2820360811261763
7.213584646699531e-8  0.2800309276332234
7.49103021003413e-8  0.2791033433676286
7.768475773368726e-8  0.2826636336640067
8.045921336703324e-8  0.2786084640759783
8.323366900037921e-8  0.28016745152026734
8.600812463372518e-8  0.28025632053770627
8.878258026707116e-8  0.2817073746185192
9.155703590041713e-8  0.29000271465552024
9.433149153376311e-8  0.28663896793177585
9.710594716710908e-8  0.2844853287365158
9.988040280045505e-8  0.2898113549889851
1.0265485843380103e-7  0.2860543349802664
1.05429314067147e-7  0.28377391179569406
1.0820376970049298e-7  0.2843370819993103
1.1097822533383895e-7  0.2797454000256988
1.1375268096718492e-7  0.2795840335508752
1.165271366005309e-7  0.281425408074639
1.1930159223387688e-7  0.28694264306522926
1.2207604786722285e-7  0.2818154446864906
1.2485050350056882e-7  0.2771421356036324
1.276249591339148e-7  0.2845443869340416
1.3039941476726076e-7  0.2851930598684338
1.3317387040060675e-7  0.2800004840207839
1.3594832603395272e-7  0.276299712659245
1.387227816672987e-7  0.27708695658770727
