2.774455633345974e-9  -0.08300941570628867
5.548911266691948e-9  -0.08166785427637999
8.323366900037922e-9  -0.08134366860437806
1.1097822533383895e-8  -0.08162153424365864
1.3872278166729869e-8  -0.08133999541591527
1.6646733800075844e-8  -0.08099341899403946
1.9421189433421816e-8  -0.08039550806586249
2.219564506676779e-8  -0.08049059304709918
2.4970100700113762e-8  -0.08306646386567854
2.7744556333459737e-8  -0.0826956658369973
3.051901196680571e-8  -0.08120519749189671
3.329346760015169e-8  -0.08157814131283425
3.6067923233497656e-8  -0.08055490435064419
3.884237886684363e-8  -0.08068208634954162
4.1616834500189606e-8  -0.0817727669948249
4.439129013353558e-8  -0.08083332488293857
4.7165745766881556e-8  -0.0838913554466871
4.9940201400227525e-8  -0.08142913252662971
5.27146570335735e-8  -0.08257371636254851
5.5489112666919475e-8  -0.08053401904180936
5.826356830026545e-8  -0.08215876666917439
6.103802393361143e-8  -0.08058218427244702
6.38124795669574e-8  -0.08249021720268097
6.658693520030338e-8  -0.08066076596957786
6.936139083364934e-8  -0.0799911064508994
7.213584646699531e-8  -0.07950443261602813
7.49103021003413e-8  -0.079754983498983
7.768475773368726e-8  -0.08133475612243049
8.045921336703324e-8  -0.08240902586191151
8.323366900037921e-8  -0.08134354566960192
8.600812463372518e-8  -0.07813395390053304
8.878258026707116e-8  -0.08110074649072295
9.155703590041713e-8  -0.08238873952923517
9.433149153376311e-8  -0.08344562429631645
9.710594716710908e-8  -0.085542389684896
9.988040280045505e-8  -0.08505765365044095
1.0265485843380103e-7  -0.08204697674397017
1.05429314067147e-7  -0.08454450396860873
1.0820376970049298e-7  -0.0813286104994466
1.1097822533383895e-7  -0.08575257174094157
1.1375268096718492e-7  -0.08265913652706174
1.165271366005309e-7  -0.08022362128259912
1.1930159223387688e-7  -0.0825793222314564
1.2207604786722285e-7  -0.08092159733734372
1.2485050350056882e-7  -0.0803308115270592
1.276249591339148e-7  -0.08124746213012793
1.3039941476726076e-7  -0.08060663472645892
1.3317387040060675e-7  -0.0794396808220634
1.3594832603395272e-7  -0.08051158172596677
1.387227816672987e-7  -0.08225353554178769
