2.774455633345974e-9  0.7398936347169672
5.548911266691948e-9  0.7402490745572342
8.323366900037922e-9  0.7405172556737867
1.1097822533383895e-8  0.7388704648052553
1.3872278166729869e-8  0.741379567537313
1.6646733800075844e-8  0.7404803935420997
1.9421189433421816e-8  0.7381449657874533
2.219564506676779e-8  0.7384998010852281
2.4970100700113762e-8  0.7386131600552382
2.7744556333459737e-8  0.7372472819908514
3.051901196680571e-8  0.7442733066985824
3.329346760015169e-8  0.737006151768609
3.6067923233497656e-8  0.7408811259925229
3.884237886684363e-8  0.7368781558416824
4.1616834500189606e-8  0.7348929620659157
4.439129013353558e-8  0.7352332188860207
4.7165745766881556e-8  0.7387285053766757
4.9940201400227525e-8  0.7322881658516399
5.27146570335735e-8  0.7381360397572375
5.5489112666919475e-8  0.7351867842167807
5.826356830026545e-8  0.7379322084115558
6.103802393361143e-8  0.7389063299707195
6.38124795669574e-8  0.734300769090295
6.658693520030338e-8  0.7400657370569089
6.936139083364934e-8  0.7367616282536366
7.213584646699531e-8  0.7411064219821376
7.49103021003413e-8  0.7270422233468068
7.768475773368726e-8  0.7346984944922061
8.045921336703324e-8  0.7398183462596877
8.323366900037921e-8  0.7370906286430465
8.600812463372518e-8  0.7214371378117019
8.878258026707116e-8  0.7393022698392532
9.155703590041713e-8  0.73449839445473
9.433149153376311e-8  0.7341103607000264
9.710594716710908e-8  0.7328933163060425
9.988040280045505e-8  0.7399673298663627
1.0265485843380103e-7  0.7251973958763671
1.05429314067147e-7  0.7342560432559203
1.0820376970049298e-7  0.7351485383815608
1.1097822533383895e-7  0.7400912247862493
1.1375268096718492e-7  0.733665095865843
1.165271366005309e-7  0.7395657221221541
1.1930159223387688e-7  0.7269939492909319
1.2207604786722285e-7  0.723762748134505
1.2485050350056882e-7  0.7328650802152921
1.276249591339148e-7  0.7246887517560054
1.3039941476726076e-7  0.7353271560221168
1.3317387040060675e-7  0.7244731963869241
1.3594832603395272e-7  0.7316676992105346
1.387227816672987e-7  0.7346393121494693
