2.774455633345974e-9  0.9038659056539817
5.548911266691948e-9  0.9042599835322503
8.323366900037922e-9  0.904710436187575
1.1097822533383895e-8  0.9030780759731427
1.3872278166729869e-8  0.8982006251953311
1.6646733800075844e-8  0.9064451597049391
1.9421189433421816e-8  0.9055120195236599
2.219564506676779e-8  0.89880689782387
2.4970100700113762e-8  0.904157898835763
2.7744556333459737e-8  0.8980518880638845
3.051901196680571e-8  0.8965225896604784
3.329346760015169e-8  0.9014225221161756
3.6067923233497656e-8  0.9088060956117417
3.884237886684363e-8  0.8918360236708764
4.1616834500189606e-8  0.9068236035268609
4.439129013353558e-8  0.9037118701929915
4.7165745766881556e-8  0.8922622200486895
4.9940201400227525e-8  0.8988116397602036
5.27146570335735e-8  0.9028646602171547
5.5489112666919475e-8  0.8964643336494174
5.826356830026545e-8  0.8964594566233457
6.103802393361143e-8  0.8975700706915503
6.38124795669574e-8  0.9024804124860707
6.658693520030338e-8  0.9006091626768135
6.936139083364934e-8  0.9030333658975778
7.213584646699531e-8  0.8971375724900753
7.49103021003413e-8  0.9070438651951704
7.768475773368726e-8  0.8994369005184112
8.045921336703324e-8  0.8896973258910771
8.323366900037921e-8  0.8958051874369992
8.600812463372518e-8  0.8968477980769263
8.878258026707116e-8  0.8983359355437947
9.155703590041713e-8  0.8882642079365628
9.433149153376311e-8  0.9021813255469053
9.710594716710908e-8  0.8976111804189787
9.988040280045505e-8  0.8937833018740949
1.0265485843380103e-7  0.8992461863530222
1.05429314067147e-7  0.8976131091383022
1.0820376970049298e-7  0.8906926476795793
1.1097822533383895e-7  0.9013482993275873
1.1375268096718492e-7  0.8967260001019648
1.165271366005309e-7  0.8970804313806199
1.1930159223387688e-7  0.8910238592929771
1.2207604786722285e-7  0.9014114488960118
1.2485050350056882e-7  0.8947660038172041
1.276249591339148e-7  0.8931164861499608
1.3039941476726076e-7  0.8943330587198257
1.3317387040060675e-7  0.8984017650060622
1.3594832603395272e-7  0.8907519411672223
1.387227816672987e-7  0.9021239177301642
