2.774455633345974e-9  0.207007000057434
5.548911266691948e-9  0.20724416070196633
8.323366900037922e-9  0.20567905210101559
1.1097822533383895e-8  0.20706657839525067
1.3872278166729869e-8  0.2102449611262896
1.6646733800075844e-8  0.2053784121626537
1.9421189433421816e-8  0.20835958557081602
2.219564506676779e-8  0.20509178962075503
2.4970100700113762e-8  0.20813531483178987
2.7744556333459737e-8  0.21068603691608115
3.051901196680571e-8  0.20014906283972134
3.329346760015169e-8  0.20465209646248614
3.6067923233497656e-8  0.2037340724333445
3.884237886684363e-8  0.2062385005540559
4.1616834500189606e-8  0.2047402022693256
4.439129013353558e-8  0.20308251147358605
4.7165745766881556e-8  0.2095073438817108
4.9940201400227525e-8  0.20891447902486182
5.27146570335735e-8  0.21008307387404448
5.5489112666919475e-8  0.2068834681970746
5.826356830026545e-8  0.20614901282694
6.103802393361143e-8  0.1997729027860197
6.38124795669574e-8  0.20171651210410838
6.658693520030338e-8  0.20264233365562467
6.936139083364934e-8  0.2022689140225264
7.213584646699531e-8  0.2046441567094206
7.49103021003413e-8  0.2059101556168761
7.768475773368726e-8  0.20634490328573932
8.045921336703324e-8  0.20732832468875886
8.323366900037921e-8  0.20726245677901786
8.600812463372518e-8  0.20580851846003315
8.878258026707116e-8  0.2106089500836597
9.155703590041713e-8  0.20537324805807278
9.433149153376311e-8  0.2068404699412373
9.710594716710908e-8  0.20454656673723137
9.988040280045505e-8  0.2085398876871611
1.0265485843380103e-7  0.20701170915067024
1.05429314067147e-7  0.20528690619527684
1.0820376970049298e-7  0.2026486986057855
1.1097822533383895e-7  0.2081572093326674
1.1375268096718492e-7  0.20732310271396126
1.165271366005309e-7  0.20260840417766365
1.1930159223387688e-7  0.20078303646748102
1.2207604786722285e-7  0.1982499607788585
1.2485050350056882e-7  0.19703806195590137
1.276249591339148e-7  0.20119085192806355
1.3039941476726076e-7  0.20309938152255927
1.3317387040060675e-7  0.19739278284075173
1.3594832603395272e-7  0.20424060452273643
1.387227816672987e-7  0.20333843455054396
