2.774455633345974e-9  0.020683458514157847
5.548911266691948e-9  0.02116799759778013
8.323366900037922e-9  0.02243883561001557
1.1097822533383895e-8  0.021434161769994815
1.3872278166729869e-8  0.020066319824724364
1.6646733800075844e-8  0.021240686163969732
1.9421189433421816e-8  0.020336331788233387
2.219564506676779e-8  0.02118860881605338
2.4970100700113762e-8  0.02018324657066494
2.7744556333459737e-8  0.020315133939202753
3.051901196680571e-8  0.02107596932086937
3.329346760015169e-8  0.021270764557457415
3.6067923233497656e-8  0.018234064417064128
3.884237886684363e-8  0.01894321311843235
4.1616834500189606e-8  0.023596673114999477
4.439129013353558e-8  0.02100957137799004
4.7165745766881556e-8  0.02015157766963214
4.9940201400227525e-8  0.01869005330023231
5.27146570335735e-8  0.02030821843842718
5.5489112666919475e-8  0.018073969792170567
5.826356830026545e-8  0.01651654985401801
6.103802393361143e-8  0.020907511310157747
6.38124795669574e-8  0.019791971305332983
6.658693520030338e-8  0.018751564508018726
6.936139083364934e-8  0.020730115077863404
7.213584646699531e-8  0.01880703286682823
7.49103021003413e-8  0.017168887259223678
7.768475773368726e-8  0.019972512207086925
8.045921336703324e-8  0.023157674753961598
8.323366900037921e-8  0.022917775504393452
8.600812463372518e-8  0.02250703433955631
8.878258026707116e-8  0.022114668622935516
9.155703590041713e-8  0.02059657340871519
9.433149153376311e-8  0.022364539301207773
9.710594716710908e-8  0.019046615202510674
9.988040280045505e-8  0.02301870902146761
1.0265485843380103e-7  0.018382243397472735
1.05429314067147e-7  0.017580688954791413
1.0820376970049298e-7  0.01596857720297641
1.1097822533383895e-7  0.016272420606944303
1.1375268096718492e-7  0.012269703228944783
1.165271366005309e-7  0.01626483844768644
1.1930159223387688e-7  0.01708941342917226
1.2207604786722285e-7  0.015385727183091162
1.2485050350056882e-7  0.017077151427953005
1.276249591339148e-7  0.019523688916468333
1.3039941476726076e-7  0.02087132900809448
1.3317387040060675e-7  0.018252118662376464
1.3594832603395272e-7  0.01815685691304251
1.387227816672987e-7  0.0170005632856274
