2.774455633345974e-9  0.9171228478530954
5.548911266691948e-9  0.9170665634589606
8.323366900037922e-9  0.9201034812702417
1.1097822533383895e-8  0.9164077253918484
1.3872278166729869e-8  0.9151214705733629
1.6646733800075844e-8  0.9161110334573368
1.9421189433421816e-8  0.9159401642619779
2.219564506676779e-8  0.9133847971846529
2.4970100700113762e-8  0.9096184754474237
2.7744556333459737e-8  0.9121877589245674
3.051901196680571e-8  0.9166274990884763
3.329346760015169e-8  0.9171481310773283
3.6067923233497656e-8  0.9178406107794178
3.884237886684363e-8  0.9217603198656469
4.1616834500189606e-8  0.9041835234302824
4.439129013353558e-8  0.9094079490076378
4.7165745766881556e-8  0.916782797815879
4.9940201400227525e-8  0.9079410123848437
5.27146570335735e-8  0.9076024021407495
5.5489112666919475e-8  0.9122684622947671
5.826356830026545e-8  0.9140735774598561
6.103802393361143e-8  0.9184738519610677
6.38124795669574e-8  0.910012382429102
6.658693520030338e-8  0.9147137046779952
6.936139083364934e-8  0.9191411793158777
7.213584646699531e-8  0.910086703141675
7.49103021003413e-8  0.91236775445552
7.768475773368726e-8  0.903798479231187
8.045921336703324e-8  0.8978740815276032
8.323366900037921e-8  0.9122997576190897
8.600812463372518e-8  0.9103083490537155
8.878258026707116e-8  0.9070540059931458
9.155703590041713e-8  0.9124381605111147
9.433149153376311e-8  0.9113344930037067
9.710594716710908e-8  0.9058766479524848
9.988040280045505e-8  0.9099630905881014
1.0265485843380103e-7  0.9036698113859354
1.05429314067147e-7  0.9012512416494464
1.0820376970049298e-7  0.9080530338902009
1.1097822533383895e-7  0.8979936100888656
1.1375268096718492e-7  0.892114097664077
1.165271366005309e-7  0.9097291053845026
1.1930159223387688e-7  0.9086193019595454
1.2207604786722285e-7  0.9002329245137467
1.2485050350056882e-7  0.9146264840014763
1.276249591339148e-7  0.907070584953855
1.3039941476726076e-7  0.9058281645179633
1.3317387040060675e-7  0.9087475029736891
1.3594832603395272e-7  0.9123287670624537
1.387227816672987e-7  0.9122604118118901
