2.774455633345974e-9  0.9175448649405091
5.548911266691948e-9  0.9165233846331169
8.323366900037922e-9  0.9167019141844975
1.1097822533383895e-8  0.9154420500543244
1.3872278166729869e-8  0.9163595501745534
1.6646733800075844e-8  0.913685094922838
1.9421189433421816e-8  0.9156739329929773
2.219564506676779e-8  0.9079948557652521
2.4970100700113762e-8  0.9069638191578222
2.7744556333459737e-8  0.9006737067754067
3.051901196680571e-8  0.9158421006535356
3.329346760015169e-8  0.9165143796614035
3.6067923233497656e-8  0.915982451650973
3.884237886684363e-8  0.9145807973915064
4.1616834500189606e-8  0.9120414675423244
4.439129013353558e-8  0.9155833558215943
4.7165745766881556e-8  0.9171015542472053
4.9940201400227525e-8  0.9039876186437719
5.27146570335735e-8  0.9084286420779122
5.5489112666919475e-8  0.9142225083921361
5.826356830026545e-8  0.9123386773617252
6.103802393361143e-8  0.9089754191232653
6.38124795669574e-8  0.9040836374386247
6.658693520030338e-8  0.9036145261075091
6.936139083364934e-8  0.9119071512833271
7.213584646699531e-8  0.9135505447864327
7.49103021003413e-8  0.9063113924827674
7.768475773368726e-8  0.9006456134046927
8.045921336703324e-8  0.8923780760092064
8.323366900037921e-8  0.9044489946421872
8.600812463372518e-8  0.9100023647430642
8.878258026707116e-8  0.9047401130919455
9.155703590041713e-8  0.913143501228871
9.433149153376311e-8  0.9029180389388566
9.710594716710908e-8  0.8965803124957663
9.988040280045505e-8  0.9059164624713555
1.0265485843380103e-7  0.9001734056262524
1.05429314067147e-7  0.9096350655267937
1.0820376970049298e-7  0.9143402617787034
1.1097822533383895e-7  0.9052640296308775
1.1375268096718492e-7  0.8967610355424681
1.165271366005309e-7  0.893878405966906
1.1930159223387688e-7  0.9091260550151897
1.2207604786722285e-7  0.906654409579873
1.2485050350056882e-7  0.9048201842926116
1.276249591339148e-7  0.900107253254097
1.3039941476726076e-7  0.9144975898833798
1.3317387040060675e-7  0.9183160392261746
1.3594832603395272e-7  0.9066418074189168
1.387227816672987e-7  0.9127139949477802
