2.774455633345974e-9  0.3793994444374974
5.548911266691948e-9  0.3781401046746743
8.323366900037922e-9  0.37798857277055475
1.1097822533383895e-8  0.3794435704259257
1.3872278166729869e-8  0.38045908212066376
1.6646733800075844e-8  0.3788006214728552
1.9421189433421816e-8  0.37994947379527505
2.219564506676779e-8  0.3809991955307271
2.4970100700113762e-8  0.3786738976915773
2.7744556333459737e-8  0.37966805946970417
3.051901196680571e-8  0.37713270340210603
3.329346760015169e-8  0.3799763278057466
3.6067923233497656e-8  0.37877262646806087
3.884237886684363e-8  0.37746265328186895
4.1616834500189606e-8  0.3819373716534456
4.439129013353558e-8  0.38256071414280046
4.7165745766881556e-8  0.3787206335262536
4.9940201400227525e-8  0.37713596947674466
5.27146570335735e-8  0.3778637545602727
5.5489112666919475e-8  0.37951321022128875
5.826356830026545e-8  0.38337131549245496
6.103802393361143e-8  0.38362345950382043
6.38124795669574e-8  0.37635951482277813
6.658693520030338e-8  0.3799939263113665
6.936139083364934e-8  0.3778629418478738
7.213584646699531e-8  0.3729307258740459
7.49103021003413e-8  0.3772524556123817
7.768475773368726e-8  0.3814082332241043
8.045921336703324e-8  0.375553964723595
8.323366900037921e-8  0.3761892387842253
8.600812463372518e-8  0.3792993536277421
8.878258026707116e-8  0.3776152440187966
9.155703590041713e-8  0.37798712970555076
9.433149153376311e-8  0.37413300479169787
9.710594716710908e-8  0.3718327588412812
9.988040280045505e-8  0.3748531442560058
1.0265485843380103e-7  0.37314546560956224
1.05429314067147e-7  0.374214377494762
1.0820376970049298e-7  0.37379065988407406
1.1097822533383895e-7  0.3742406283850138
1.1375268096718492e-7  0.3737301395683696
1.165271366005309e-7  0.37433120672792103
1.1930159223387688e-7  0.3771701312223023
1.2207604786722285e-7  0.3720669787835157
1.2485050350056882e-7  0.38056406316427693
1.276249591339148e-7  0.3768921187665942
1.3039941476726076e-7  0.3654331285774897
1.3317387040060675e-7  0.37349084964234525
1.3594832603395272e-7  0.37552751245348265
1.387227816672987e-7  0.3787240345908217
