2.774455633345974e-9  0.28285289707590555
5.548911266691948e-9  0.28242451811462854
8.323366900037922e-9  0.27955104575077083
1.1097822533383895e-8  0.2814034519337775
1.3872278166729869e-8  0.28275382188036413
1.6646733800075844e-8  0.2812819158184893
1.9421189433421816e-8  0.28206333981469855
2.219564506676779e-8  0.2840594473794505
2.4970100700113762e-8  0.2816927384716944
2.7744556333459737e-8  0.28344679781368826
3.051901196680571e-8  0.28543426184368803
3.329346760015169e-8  0.28253672945083075
3.6067923233497656e-8  0.28465002258321864
3.884237886684363e-8  0.2822496568647638
4.1616834500189606e-8  0.2807682264312129
4.439129013353558e-8  0.27906932236459975
4.7165745766881556e-8  0.2839186677182491
4.9940201400227525e-8  0.28082263685598197
5.27146570335735e-8  0.2799877505635379
5.5489112666919475e-8  0.2832510568159322
5.826356830026545e-8  0.28004739326500644
6.103802393361143e-8  0.28219194287600574
6.38124795669574e-8  0.2809587189086799
6.658693520030338e-8  0.2733669974708495
6.936139083364934e-8  0.2757832152231699
7.213584646699531e-8  0.2760182861467625
7.49103021003413e-8  0.27905744724111814
7.768475773368726e-8  0.2768987234747098
8.045921336703324e-8  0.27770560043308656
8.323366900037921e-8  0.2784034164974867
8.600812463372518e-8  0.27943267267228655
8.878258026707116e-8  0.27955934442396047
9.155703590041713e-8  0.2813784472806217
9.433149153376311e-8  0.2803716810032625
9.710594716710908e-8  0.27947456398691933
9.988040280045505e-8  0.2797018630954439
1.0265485843380103e-7  0.2787508181976067
1.05429314067147e-7  0.28213109862868824
1.0820376970049298e-7  0.28064413407532035
1.1097822533383895e-7  0.2793300538731451
1.1375268096718492e-7  0.27838201650140676
1.165271366005309e-7  0.28068068095015614
1.1930159223387688e-7  0.2747165675222731
1.2207604786722285e-7  0.2789537628273939
1.2485050350056882e-7  0.281101025270188
1.276249591339148e-7  0.2807191698809826
1.3039941476726076e-7  0.2709516134515923
1.3317387040060675e-7  0.2702110895843348
1.3594832603395272e-7  0.2777209390272763
1.387227816672987e-7  0.2778661231380933
