2.774455633345974e-9  0.8794124310963245
5.548911266691948e-9  0.879107798639219
8.323366900037922e-9  0.8791465186049167
1.1097822533383895e-8  0.8785586305664587
1.3872278166729869e-8  0.8788845708744073
1.6646733800075844e-8  0.8794755318427648
1.9421189433421816e-8  0.8758099279630406
2.219564506676779e-8  0.8780041420977492
2.4970100700113762e-8  0.8744954795785927
2.7744556333459737e-8  0.8723573164270333
3.051901196680571e-8  0.876069638687229
3.329346760015169e-8  0.8788866440822046
3.6067923233497656e-8  0.874732003518649
3.884237886684363e-8  0.8730692273765803
4.1616834500189606e-8  0.8769993535970051
4.439129013353558e-8  0.8664854133064525
4.7165745766881556e-8  0.8760129829797677
4.9940201400227525e-8  0.8651752420292069
5.27146570335735e-8  0.8794199381167226
5.5489112666919475e-8  0.8687826384870988
5.826356830026545e-8  0.8651813111594009
6.103802393361143e-8  0.8783235097517421
6.38124795669574e-8  0.8821307792222001
6.658693520030338e-8  0.8687860195221515
6.936139083364934e-8  0.874042923289578
7.213584646699531e-8  0.8716941147717279
7.49103021003413e-8  0.8765248226690235
7.768475773368726e-8  0.8712056676625101
8.045921336703324e-8  0.8748095695280307
8.323366900037921e-8  0.8744745664147157
8.600812463372518e-8  0.8704072315702999
8.878258026707116e-8  0.8628813543449866
9.155703590041713e-8  0.8761834829950466
9.433149153376311e-8  0.872609887926275
9.710594716710908e-8  0.8653270930892372
9.988040280045505e-8  0.8769114104730104
1.0265485843380103e-7  0.8741971581503578
1.05429314067147e-7  0.8809430828210972
1.0820376970049298e-7  0.8612889614319423
1.1097822533383895e-7  0.8715853527686546
1.1375268096718492e-7  0.8714118435866258
1.165271366005309e-7  0.8644085156326915
1.1930159223387688e-7  0.8710461442387442
1.2207604786722285e-7  0.879284755869658
1.2485050350056882e-7  0.8666249231302373
1.276249591339148e-7  0.8659616267919674
1.3039941476726076e-7  0.8656915542231469
1.3317387040060675e-7  0.8682019761424686
1.3594832603395272e-7  0.870010098825813
1.387227816672987e-7  0.8678235820898536
