2.774455633345974e-9  0.04990313623208658
5.548911266691948e-9  0.049977180695301576
8.323366900037922e-9  0.04997979020341939
1.1097822533383895e-8  0.050908894489500395
1.3872278166729869e-8  0.05008933872162096
1.6646733800075844e-8  0.04968689325839599
1.9421189433421816e-8  0.05007042685705977
2.219564506676779e-8  0.051485547120585326
2.4970100700113762e-8  0.04884910307738977
2.7744556333459737e-8  0.0509056517936283
3.051901196680571e-8  0.051019547921013875
3.329346760015169e-8  0.04893517285121708
3.6067923233497656e-8  0.04674444826005523
3.884237886684363e-8  0.051921805636766634
4.1616834500189606e-8  0.0537993830897344
4.439129013353558e-8  0.051199427825189325
4.7165745766881556e-8  0.04944243092268278
4.9940201400227525e-8  0.0483600478581705
5.27146570335735e-8  0.047179560361084096
5.5489112666919475e-8  0.0502610866689216
5.826356830026545e-8  0.05026964730842785
6.103802393361143e-8  0.05063672371043571
6.38124795669574e-8  0.0491592672195249
6.658693520030338e-8  0.05056239308026842
6.936139083364934e-8  0.04865289639905665
7.213584646699531e-8  0.05033363979259276
7.49103021003413e-8  0.04714666394227872
7.768475773368726e-8  0.05037559855538214
8.045921336703324e-8  0.05392439379647358
8.323366900037921e-8  0.05021472582885374
8.600812463372518e-8  0.0549440489880089
8.878258026707116e-8  0.05229512850092892
9.155703590041713e-8  0.05288842533104301
9.433149153376311e-8  0.04787240100200049
9.710594716710908e-8  0.044682253308092286
9.988040280045505e-8  0.04613581436971362
1.0265485843380103e-7  0.04866300956443086
1.05429314067147e-7  0.04936377207774476
1.0820376970049298e-7  0.05002216112500943
1.1097822533383895e-7  0.04665019621243279
1.1375268096718492e-7  0.047323466549151726
1.165271366005309e-7  0.048393482044249925
1.1930159223387688e-7  0.04915209688697793
1.2207604786722285e-7  0.05207430530405101
1.2485050350056882e-7  0.05215640490554278
1.276249591339148e-7  0.05000154709529066
1.3039941476726076e-7  0.04521501462163536
1.3317387040060675e-7  0.04840508589687441
1.3594832603395272e-7  0.049441817090564305
1.387227816672987e-7  0.04938529125503299
