2.774455633345974e-9  0.4438657054512926
5.548911266691948e-9  0.444153304875087
8.323366900037922e-9  0.44565845033649704
1.1097822533383895e-8  0.4470288750636005
1.3872278166729869e-8  0.44316920245193675
1.6646733800075844e-8  0.44393838953321446
1.9421189433421816e-8  0.4470315728822721
2.219564506676779e-8  0.4446317092184358
2.4970100700113762e-8  0.4421028380538249
2.7744556333459737e-8  0.44201435038592635
3.051901196680571e-8  0.4448053076225215
3.329346760015169e-8  0.44647356208638467
3.6067923233497656e-8  0.44344513245244566
3.884237886684363e-8  0.44319712953998974
4.1616834500189606e-8  0.4422764142635561
4.439129013353558e-8  0.4390220900408484
4.7165745766881556e-8  0.447865848108785
4.9940201400227525e-8  0.44574061786251573
5.27146570335735e-8  0.43563381467240464
5.5489112666919475e-8  0.43940924411605303
5.826356830026545e-8  0.44201890428621965
6.103802393361143e-8  0.4364076021498981
6.38124795669574e-8  0.4432694717808967
6.658693520030338e-8  0.44010487635283746
6.936139083364934e-8  0.4454569284842466
7.213584646699531e-8  0.4411189048510003
7.49103021003413e-8  0.4422329119925748
7.768475773368726e-8  0.44551453056064244
8.045921336703324e-8  0.44529194430605484
8.323366900037921e-8  0.4405998402600491
8.600812463372518e-8  0.43536597067866833
8.878258026707116e-8  0.4450522239023959
9.155703590041713e-8  0.44035997658226195
9.433149153376311e-8  0.4405099493277297
9.710594716710908e-8  0.4353502221463784
9.988040280045505e-8  0.4348352141862743
1.0265485843380103e-7  0.4311095548508089
1.05429314067147e-7  0.4361345110419174
1.0820376970049298e-7  0.43966690152464116
1.1097822533383895e-7  0.4395925034152483
1.1375268096718492e-7  0.4412567173131718
1.165271366005309e-7  0.43906359527587485
1.1930159223387688e-7  0.4345123261516834
1.2207604786722285e-7  0.44060328936912824
1.2485050350056882e-7  0.4385337194928364
1.276249591339148e-7  0.44019131895086927
1.3039941476726076e-7  0.43621453681174144
1.3317387040060675e-7  0.4402353047694331
1.3594832603395272e-7  0.44287699769851036
1.387227816672987e-7  0.44232627764445914
