2.774455633345974e-9  0.6947871673537526
5.548911266691948e-9  0.6944500170494338
8.323366900037922e-9  0.6939284327851754
1.1097822533383895e-8  0.6937172069353791
1.3872278166729869e-8  0.6952757658676226
1.6646733800075844e-8  0.6930605915806212
1.9421189433421816e-8  0.6939366195708829
2.219564506676779e-8  0.6924563686812881
2.4970100700113762e-8  0.6977536711717109
2.7744556333459737e-8  0.6973467499957807
3.051901196680571e-8  0.6986333783727301
3.329346760015169e-8  0.6909860335273682
3.6067923233497656e-8  0.6940557791448964
3.884237886684363e-8  0.6945095337431102
4.1616834500189606e-8  0.6914789764593569
4.439129013353558e-8  0.6941695575719942
4.7165745766881556e-8  0.6952606971817527
4.9940201400227525e-8  0.6935240864743153
5.27146570335735e-8  0.6915780789080216
5.5489112666919475e-8  0.6917219865314338
5.826356830026545e-8  0.6879723225916573
6.103802393361143e-8  0.6978231964785336
6.38124795669574e-8  0.6959723013868312
6.658693520030338e-8  0.6965544562748837
6.936139083364934e-8  0.6910183271261271
7.213584646699531e-8  0.6974173632485937
7.49103021003413e-8  0.6907923454911702
7.768475773368726e-8  0.6817777280965636
8.045921336703324e-8  0.6848556036129757
8.323366900037921e-8  0.6914203594496379
8.600812463372518e-8  0.6943203050119059
8.878258026707116e-8  0.6917733488475942
9.155703590041713e-8  0.6982351407703608
9.433149153376311e-8  0.691533445433843
9.710594716710908e-8  0.6903446056764222
9.988040280045505e-8  0.6965944875609823
1.0265485843380103e-7  0.692262961624931
1.05429314067147e-7  0.696722455162742
1.0820376970049298e-7  0.6978971608330764
1.1097822533383895e-7  0.6929507306485929
1.1375268096718492e-7  0.692848974236356
1.165271366005309e-7  0.6894794814798471
1.1930159223387688e-7  0.6881185321549178
1.2207604786722285e-7  0.6911894008928005
1.2485050350056882e-7  0.6956978149133967
1.276249591339148e-7  0.6936291942370878
1.3039941476726076e-7  0.6932977794984325
1.3317387040060675e-7  0.6959985740074348
1.3594832603395272e-7  0.6908594534375068
1.387227816672987e-7  0.690676984043218
