2.774455633345974e-9  -0.24171779246928898
5.548911266691948e-9  -0.24005008839268704
8.323366900037922e-9  -0.23966818578459256
1.1097822533383895e-8  -0.24071731180632389
1.3872278166729869e-8  -0.24064314945169754
1.6646733800075844e-8  -0.23765181411822714
1.9421189433421816e-8  -0.23891771562284075
2.219564506676779e-8  -0.2398509635928427
2.4970100700113762e-8  -0.24314947778289966
2.7744556333459737e-8  -0.24014720435382172
3.051901196680571e-8  -0.24005095945193017
3.329346760015169e-8  -0.2367126434770336
3.6067923233497656e-8  -0.23783345508405013
3.884237886684363e-8  -0.2368194323970186
4.1616834500189606e-8  -0.24050442507121778
4.439129013353558e-8  -0.24650083916947807
4.7165745766881556e-8  -0.24483131612740724
4.9940201400227525e-8  -0.2398073631572702
5.27146570335735e-8  -0.2372496368017279
5.5489112666919475e-8  -0.2419576289503871
5.826356830026545e-8  -0.24081166009399455
6.103802393361143e-8  -0.23976217721869164
6.38124795669574e-8  -0.2375439612298204
6.658693520030338e-8  -0.2372211352524564
6.936139083364934e-8  -0.2349451181583214
7.213584646699531e-8  -0.24079035374929572
7.49103021003413e-8  -0.23643323597645555
7.768475773368726e-8  -0.23879719968651664
8.045921336703324e-8  -0.24256294234203543
8.323366900037921e-8  -0.23971113072195216
8.600812463372518e-8  -0.24076801836978096
8.878258026707116e-8  -0.24245587273196892
9.155703590041713e-8  -0.24210442286945125
9.433149153376311e-8  -0.24257919890247842
9.710594716710908e-8  -0.2440198296627687
9.988040280045505e-8  -0.24373701357744484
1.0265485843380103e-7  -0.23864897531132184
1.05429314067147e-7  -0.23961641392199637
1.0820376970049298e-7  -0.24195006100762692
1.1097822533383895e-7  -0.24291707171295338
1.1375268096718492e-7  -0.24547709978181595
1.165271366005309e-7  -0.23883390953902617
1.1930159223387688e-7  -0.2413673125406987
1.2207604786722285e-7  -0.2423870337325384
1.2485050350056882e-7  -0.23859614714849461
1.276249591339148e-7  -0.2365954155899973
1.3039941476726076e-7  -0.2368800715542583
1.3317387040060675e-7  -0.24053274127579524
1.3594832603395272e-7  -0.23871937169650315
1.387227816672987e-7  -0.23775088926513166
