2.774455633345974e-9  0.6840571752049834
5.548911266691948e-9  0.6830340637153398
8.323366900037922e-9  0.6846407704050606
1.1097822533383895e-8  0.6851630313255526
1.3872278166729869e-8  0.6823052196198546
1.6646733800075844e-8  0.686037584015028
1.9421189433421816e-8  0.6798912481636963
2.219564506676779e-8  0.6837703833276161
2.4970100700113762e-8  0.6854782912844175
2.7744556333459737e-8  0.6801660717055935
3.051901196680571e-8  0.6791823927258565
3.329346760015169e-8  0.6853428153726069
3.6067923233497656e-8  0.6821346277558876
3.884237886684363e-8  0.6798034701751858
4.1616834500189606e-8  0.673374458311771
4.439129013353558e-8  0.6863391932959689
4.7165745766881556e-8  0.6875569668474353
4.9940201400227525e-8  0.6805320582127733
5.27146570335735e-8  0.6802424561114199
5.5489112666919475e-8  0.6811617648154141
5.826356830026545e-8  0.6809301561380972
6.103802393361143e-8  0.6808527918510594
6.38124795669574e-8  0.6862115173768476
6.658693520030338e-8  0.6813279982330722
6.936139083364934e-8  0.6725722369642907
7.213584646699531e-8  0.6794921505987944
7.49103021003413e-8  0.6852571851867546
7.768475773368726e-8  0.6757084209222479
8.045921336703324e-8  0.6820995379015856
8.323366900037921e-8  0.6799099653413819
8.600812463372518e-8  0.6718685799996951
8.878258026707116e-8  0.6699056009780215
9.155703590041713e-8  0.6878344914779564
9.433149153376311e-8  0.6858593135275616
9.710594716710908e-8  0.6768359112025482
9.988040280045505e-8  0.6751025130296028
1.0265485843380103e-7  0.6751398736219415
1.05429314067147e-7  0.6827057018055336
1.0820376970049298e-7  0.679819285129189
1.1097822533383895e-7  0.6804517138799708
1.1375268096718492e-7  0.6801449149406863
1.165271366005309e-7  0.6724961462836839
1.1930159223387688e-7  0.6776263473102844
1.2207604786722285e-7  0.6825498462731926
1.2485050350056882e-7  0.6786358664391186
1.276249591339148e-7  0.6780292378587939
1.3039941476726076e-7  0.6744902224275088
1.3317387040060675e-7  0.6762930040825181
1.3594832603395272e-7  0.6720222394388706
1.387227816672987e-7  0.6755288179402966
