2.774455633345974e-9  -0.18679011183861596
5.548911266691948e-9  -0.1861756997464398
8.323366900037922e-9  -0.1877350562016243
1.1097822533383895e-8  -0.18718630450172694
1.3872278166729869e-8  -0.18703752702607193
1.6646733800075844e-8  -0.18701463598116766
1.9421189433421816e-8  -0.18554348104512075
2.219564506676779e-8  -0.18706928158595973
2.4970100700113762e-8  -0.18612355605920508
2.7744556333459737e-8  -0.18204705776919033
3.051901196680571e-8  -0.19236086769926658
3.329346760015169e-8  -0.18423261402275948
3.6067923233497656e-8  -0.18632413250792018
3.884237886684363e-8  -0.18689174094037628
4.1616834500189606e-8  -0.18624175035077106
4.439129013353558e-8  -0.18601621927050746
4.7165745766881556e-8  -0.19144845411617614
4.9940201400227525e-8  -0.18847078660341432
5.27146570335735e-8  -0.18734429895759705
5.5489112666919475e-8  -0.1828207747925714
5.826356830026545e-8  -0.18701306589777733
6.103802393361143e-8  -0.1840662947363423
6.38124795669574e-8  -0.18827143008584946
6.658693520030338e-8  -0.1874042191057645
6.936139083364934e-8  -0.18220398423052062
7.213584646699531e-8  -0.18731093709572488
7.49103021003413e-8  -0.18766460797587803
7.768475773368726e-8  -0.1885460016520935
8.045921336703324e-8  -0.1847993175349456
8.323366900037921e-8  -0.1878718104696258
8.600812463372518e-8  -0.18553145783659514
8.878258026707116e-8  -0.18790295302947602
9.155703590041713e-8  -0.1892744509553805
9.433149153376311e-8  -0.18935967666399078
9.710594716710908e-8  -0.18351323237792322
9.988040280045505e-8  -0.18660894684500903
1.0265485843380103e-7  -0.1842145623305798
1.05429314067147e-7  -0.18583769130125297
1.0820376970049298e-7  -0.18126185849545184
1.1097822533383895e-7  -0.1840085398979759
1.1375268096718492e-7  -0.18679201573412416
1.165271366005309e-7  -0.18537634660716185
1.1930159223387688e-7  -0.18575204039923518
1.2207604786722285e-7  -0.18930485770796482
1.2485050350056882e-7  -0.18228104883055402
1.276249591339148e-7  -0.18664922585188856
1.3039941476726076e-7  -0.18819450198094673
1.3317387040060675e-7  -0.18703456106213834
1.3594832603395272e-7  -0.18699635570247805
1.387227816672987e-7  -0.1872354023147002
