2.774455633345974e-9  39.14838059592124
5.548911266691948e-9  43.30597611731348
8.323366900037922e-9  45.72962738697185
1.1097822533383895e-8  47.46604632350712
1.3872278166729869e-8  48.802906189182096
1.6646733800075844e-8  49.90321674145692
1.9421189433421816e-8  50.82444441555065
2.219564506676779e-8  51.62497033887991
2.4970100700113762e-8  52.330784588466535
2.7744556333459737e-8  52.96309633399844
3.051901196680571e-8  53.535566622552054
3.329346760015169e-8  54.05733512940402
3.6067923233497656e-8  54.53939205174734
3.884237886684363e-8  54.982910714214896
4.1616834500189606e-8  55.39611316000492
4.439129013353558e-8  55.783501343521316
4.7165745766881556e-8  56.14738392347045
4.9940201400227525e-8  56.48937681247776
5.27146570335735e-8  56.816403923548975
5.5489112666919475e-8  57.13460975511025
5.826356830026545e-8  57.41593346066383
6.103802393361143e-8  57.69508746842956
6.38124795669574e-8  57.95929142022064
6.658693520030338e-8  58.218914710229626
6.936139083364934e-8  58.462005197951974
7.213584646699531e-8  58.696934275833705
7.49103021003413e-8  58.92438463662948
7.768475773368726e-8  59.14124125815803
8.045921336703324e-8  59.35208729377272
8.323366900037921e-8  59.55559852339281
8.600812463372518e-8  59.753806129120235
8.878258026707116e-8  59.93327508620145
9.155703590041713e-8  60.12656069252006
9.433149153376311e-8  60.3063161330226
9.710594716710908e-8  60.47684745608933
9.988040280045505e-8  60.633738265802634
1.0265485843380103e-7  60.81692558230894
1.05429314067147e-7  60.97622367673414
1.0820376970049298e-7  61.12694838739297
1.1097822533383895e-7  61.279027125362255
1.1375268096718492e-7  61.43160617932669
1.165271366005309e-7  61.574164931637085
1.1930159223387688e-7  61.7142783392263
1.2207604786722285e-7  61.85763726095091
1.2485050350056882e-7  61.976086728099716
1.276249591339148e-7  62.12056068952952
1.3039941476726076e-7  62.25210333709308
1.3317387040060675e-7  62.37164515116865
1.3594832603395272e-7  62.49941895155858
1.387227816672987e-7  62.62092441336729
