2.774455633345974e-9  -0.22574623233332167
5.548911266691948e-9  -0.22578249375077722
8.323366900037922e-9  -0.2254112938886822
1.1097822533383895e-8  -0.2253149900354679
1.3872278166729869e-8  -0.22576292096454462
1.6646733800075844e-8  -0.22619894088500045
1.9421189433421816e-8  -0.22510715501677797
2.219564506676779e-8  -0.22367381548400284
2.4970100700113762e-8  -0.22571385640970215
2.7744556333459737e-8  -0.2257308505893879
3.051901196680571e-8  -0.22492772941420341
3.329346760015169e-8  -0.22758328292436644
3.6067923233497656e-8  -0.22681369745411645
3.884237886684363e-8  -0.22450721893702627
4.1616834500189606e-8  -0.22565928050910494
4.439129013353558e-8  -0.22822648873119064
4.7165745766881556e-8  -0.22616739093567584
4.9940201400227525e-8  -0.2254121382399444
5.27146570335735e-8  -0.22562885376028313
5.5489112666919475e-8  -0.22663684332116807
5.826356830026545e-8  -0.226955855482176
6.103802393361143e-8  -0.22528342802874451
6.38124795669574e-8  -0.22883786168233242
6.658693520030338e-8  -0.22604483908023829
6.936139083364934e-8  -0.23021961459614318
7.213584646699531e-8  -0.22453408770543865
7.49103021003413e-8  -0.2313164604865026
7.768475773368726e-8  -0.22125349002228586
8.045921336703324e-8  -0.22397174918187665
8.323366900037921e-8  -0.2237649111337233
8.600812463372518e-8  -0.22311089684789578
8.878258026707116e-8  -0.2245861161047928
9.155703590041713e-8  -0.2243601104869629
9.433149153376311e-8  -0.2249367739376929
9.710594716710908e-8  -0.221817187070739
9.988040280045505e-8  -0.2214483007572213
1.0265485843380103e-7  -0.22554211308473504
1.05429314067147e-7  -0.22483562548076597
1.0820376970049298e-7  -0.22207886071933888
1.1097822533383895e-7  -0.2251354401182633
1.1375268096718492e-7  -0.22316685304201095
1.165271366005309e-7  -0.2260758695400596
1.1930159223387688e-7  -0.22670568074350392
1.2207604786722285e-7  -0.2224852845067035
1.2485050350056882e-7  -0.22909844722211187
1.276249591339148e-7  -0.22535997119785026
1.3039941476726076e-7  -0.22484768883315032
1.3317387040060675e-7  -0.22384876807392873
1.3594832603395272e-7  -0.22665989920182664
1.387227816672987e-7  -0.22622352894700107
