2.774455633345974e-9  -0.25502028843222274
5.548911266691948e-9  -0.25509008617030116
8.323366900037922e-9  -0.2548730879908713
1.1097822533383895e-8  -0.2543140398201816
1.3872278166729869e-8  -0.25706605002989596
1.6646733800075844e-8  -0.2547639547192203
1.9421189433421816e-8  -0.25633193361053963
2.219564506676779e-8  -0.2541995548367932
2.4970100700113762e-8  -0.2537922084362243
2.7744556333459737e-8  -0.2547652871067894
3.051901196680571e-8  -0.2535626248943965
3.329346760015169e-8  -0.2560309334643167
3.6067923233497656e-8  -0.2526369944922739
3.884237886684363e-8  -0.25599369098482727
4.1616834500189606e-8  -0.2534445026418852
4.439129013353558e-8  -0.25503449910508014
4.7165745766881556e-8  -0.25659344369986065
4.9940201400227525e-8  -0.2505413902912808
5.27146570335735e-8  -0.2560143271809915
5.5489112666919475e-8  -0.2574974525801739
5.826356830026545e-8  -0.2551935121246515
6.103802393361143e-8  -0.25308955215785406
6.38124795669574e-8  -0.2530685519440573
6.658693520030338e-8  -0.2554233867588519
6.936139083364934e-8  -0.25446987451980163
7.213584646699531e-8  -0.25443141077088366
7.49103021003413e-8  -0.2595314381166545
7.768475773368726e-8  -0.25309094526521514
8.045921336703324e-8  -0.25426467042533113
8.323366900037921e-8  -0.25409988839966857
8.600812463372518e-8  -0.24877764123018595
8.878258026707116e-8  -0.2584422005794885
9.155703590041713e-8  -0.25640260658290165
9.433149153376311e-8  -0.2562808072698567
9.710594716710908e-8  -0.25526473801716765
9.988040280045505e-8  -0.25137987866679357
1.0265485843380103e-7  -0.25383752946963817
1.05429314067147e-7  -0.2541184226579362
1.0820376970049298e-7  -0.2540730550163149
1.1097822533383895e-7  -0.2629223259985192
1.1375268096718492e-7  -0.25668490827034773
1.165271366005309e-7  -0.25290568430047566
1.1930159223387688e-7  -0.24644289815893955
1.2207604786722285e-7  -0.25365531654042184
1.2485050350056882e-7  -0.2529172723076356
1.276249591339148e-7  -0.25331696305591095
1.3039941476726076e-7  -0.24996298569084788
1.3317387040060675e-7  -0.256142816597138
1.3594832603395272e-7  -0.25801663643963896
1.387227816672987e-7  -0.2544468654781915
