2.774455633345974e-9  -0.05748298853695421
5.548911266691948e-9  -0.05724250617835795
8.323366900037922e-9  -0.05749346782740117
1.1097822533383895e-8  -0.05675013703650485
1.3872278166729869e-8  -0.056642620680928873
1.6646733800075844e-8  -0.05735028012607604
1.9421189433421816e-8  -0.05630205260191574
2.219564506676779e-8  -0.05451193824747276
2.4970100700113762e-8  -0.057146599360406884
2.7744556333459737e-8  -0.05912423080654597
3.051901196680571e-8  -0.05265359391790722
3.329346760015169e-8  -0.0543117093881063
3.6067923233497656e-8  -0.05583558791256177
3.884237886684363e-8  -0.054793973778567116
4.1616834500189606e-8  -0.058072924531152086
4.439129013353558e-8  -0.05425844412349924
4.7165745766881556e-8  -0.05730545849532101
4.9940201400227525e-8  -0.059267654537115334
5.27146570335735e-8  -0.058284386461141764
5.5489112666919475e-8  -0.05565653814726611
5.826356830026545e-8  -0.05382617940018087
6.103802393361143e-8  -0.05281158576355982
6.38124795669574e-8  -0.05628061738806031
6.658693520030338e-8  -0.05719854141740129
6.936139083364934e-8  -0.055764980778365406
7.213584646699531e-8  -0.053357285187371484
7.49103021003413e-8  -0.058159721307661984
7.768475773368726e-8  -0.05377971669248969
8.045921336703324e-8  -0.06083462405951874
8.323366900037921e-8  -0.05719064707335665
8.600812463372518e-8  -0.05796840782188163
8.878258026707116e-8  -0.059235770992411334
9.155703590041713e-8  -0.06265611540902451
9.433149153376311e-8  -0.05892607580417668
9.710594716710908e-8  -0.061773255772737096
9.988040280045505e-8  -0.06215945116442034
1.0265485843380103e-7  -0.057361589824585876
1.05429314067147e-7  -0.05531555735393163
1.0820376970049298e-7  -0.056781934657398704
1.1097822533383895e-7  -0.0604068981643524
1.1375268096718492e-7  -0.05794336852742878
1.165271366005309e-7  -0.054339133613608925
1.1930159223387688e-7  -0.05575786954771357
1.2207604786722285e-7  -0.0553968934892407
1.2485050350056882e-7  -0.056383442203619676
1.276249591339148e-7  -0.05802450477468353
1.3039941476726076e-7  -0.05660553342137558
1.3317387040060675e-7  -0.05892241962312448
1.3594832603395272e-7  -0.05415962124842829
1.387227816672987e-7  -0.05586499918685895
