2.774455633345974e-9  -0.20747571350876065
5.548911266691948e-9  -0.20695355651689865
8.323366900037922e-9  -0.20684664707001962
1.1097822533383895e-8  -0.20683129378646373
1.3872278166729869e-8  -0.2067252876370321
1.6646733800075844e-8  -0.20660646605638364
1.9421189433421816e-8  -0.20609350820199043
2.219564506676779e-8  -0.20703793853447622
2.4970100700113762e-8  -0.20633255858805327
2.7744556333459737e-8  -0.20570317495828688
3.051901196680571e-8  -0.20532963901614146
3.329346760015169e-8  -0.20655620087719506
3.6067923233497656e-8  -0.20703331595627295
3.884237886684363e-8  -0.20776595608490148
4.1616834500189606e-8  -0.20615368656695202
4.439129013353558e-8  -0.2066918501419089
4.7165745766881556e-8  -0.20718060825227022
4.9940201400227525e-8  -0.20542069623186965
5.27146570335735e-8  -0.20593733481597726
5.5489112666919475e-8  -0.20494716106998634
5.826356830026545e-8  -0.20427655868105501
6.103802393361143e-8  -0.206406361498248
6.38124795669574e-8  -0.21099071500145028
6.658693520030338e-8  -0.20656531383808047
6.936139083364934e-8  -0.2048512244617485
7.213584646699531e-8  -0.2049379022091309
7.49103021003413e-8  -0.20490765564247307
7.768475773368726e-8  -0.20585038141701892
8.045921336703324e-8  -0.2056269938378956
8.323366900037921e-8  -0.20618968238254434
8.600812463372518e-8  -0.20561874616909104
8.878258026707116e-8  -0.20603966506747795
9.155703590041713e-8  -0.20736305283868148
9.433149153376311e-8  -0.20713366091519225
9.710594716710908e-8  -0.20493475963611346
9.988040280045505e-8  -0.20573669769521985
1.0265485843380103e-7  -0.20511393120753735
1.05429314067147e-7  -0.2039042776898608
1.0820376970049298e-7  -0.20532367294501863
1.1097822533383895e-7  -0.20597890748214537
1.1375268096718492e-7  -0.20629734700932434
1.165271366005309e-7  -0.20326481095520973
1.1930159223387688e-7  -0.2038425704911101
1.2207604786722285e-7  -0.20941057543260092
1.2485050350056882e-7  -0.21046467567743096
1.276249591339148e-7  -0.21134137671233408
1.3039941476726076e-7  -0.2067513972628879
1.3317387040060675e-7  -0.20783320796147303
1.3594832603395272e-7  -0.20812605659957384
1.387227816672987e-7  -0.20574304608147306
