2.774455633345974e-9  0.38945586418197686
5.548911266691948e-9  0.38976836533578435
8.323366900037922e-9  0.3887918516507992
1.1097822533383895e-8  0.3905442157503881
1.3872278166729869e-8  0.389731960221488
1.6646733800075844e-8  0.38714164947202234
1.9421189433421816e-8  0.38824367219512257
2.219564506676779e-8  0.38775352098433363
2.4970100700113762e-8  0.38963304213841266
2.7744556333459737e-8  0.38867368905912314
3.051901196680571e-8  0.38981476860140135
3.329346760015169e-8  0.39117877236956405
3.6067923233497656e-8  0.3853738971389018
3.884237886684363e-8  0.38549530576749025
4.1616834500189606e-8  0.38778391186424965
4.439129013353558e-8  0.3896931964051347
4.7165745766881556e-8  0.38900917049154293
4.9940201400227525e-8  0.38882996715367646
5.27146570335735e-8  0.38548581887524797
5.5489112666919475e-8  0.3908141460344361
5.826356830026545e-8  0.38736112863063193
6.103802393361143e-8  0.3911765135562121
6.38124795669574e-8  0.38691622354606536
6.658693520030338e-8  0.3880345871246048
6.936139083364934e-8  0.3840182501217304
7.213584646699531e-8  0.38303184318299494
7.49103021003413e-8  0.37930727015823257
7.768475773368726e-8  0.3877670493902721
8.045921336703324e-8  0.3920284439890745
8.323366900037921e-8  0.3851473931875781
8.600812463372518e-8  0.3821149156505769
8.878258026707116e-8  0.38466564921350377
9.155703590041713e-8  0.3885030306902191
9.433149153376311e-8  0.38538865811723977
9.710594716710908e-8  0.3897718757533978
9.988040280045505e-8  0.38553401480344535
1.0265485843380103e-7  0.38650541631988755
1.05429314067147e-7  0.3872849140100264
1.0820376970049298e-7  0.3874985671075812
1.1097822533383895e-7  0.390782634614839
1.1375268096718492e-7  0.3889659638470554
1.165271366005309e-7  0.3833936064551273
1.1930159223387688e-7  0.38466319859191855
1.2207604786722285e-7  0.3897263283523631
1.2485050350056882e-7  0.3941997719955473
1.276249591339148e-7  0.3924812196489239
1.3039941476726076e-7  0.3847474255968875
1.3317387040060675e-7  0.3872311871649156
1.3594832603395272e-7  0.38394951525871196
1.387227816672987e-7  0.38561826793485243
