2.774455633345974e-9  -0.006975318495164189
5.548911266691948e-9  -0.008607770856035214
8.323366900037922e-9  -0.009454789554522393
1.1097822533383895e-8  -0.007101358269042114
1.3872278166729869e-8  -0.008274179925692415
1.6646733800075844e-8  -0.00919281017279031
1.9421189433421816e-8  -0.009339954239779463
2.219564506676779e-8  -0.00572307199308642
2.4970100700113762e-8  -0.008477928441727053
2.7744556333459737e-8  -0.009459326367782227
3.051901196680571e-8  -0.006857458696466643
3.329346760015169e-8  -0.008457863820725239
3.6067923233497656e-8  -0.007960205869362599
3.884237886684363e-8  -0.004631779213481572
4.1616834500189606e-8  -0.004586726385675779
4.439129013353558e-8  -0.00756315767418374
4.7165745766881556e-8  -0.009279232625923974
4.9940201400227525e-8  -0.011854633720322772
5.27146570335735e-8  -0.008228616747643932
5.5489112666919475e-8  -0.009576574241741543
5.826356830026545e-8  -0.007366329577485033
6.103802393361143e-8  -0.008392626683825288
6.38124795669574e-8  -0.005599319421010541
6.658693520030338e-8  -0.010517522542984195
6.936139083364934e-8  -0.008729019436403265
7.213584646699531e-8  -0.008330919813076954
7.49103021003413e-8  -0.011305280602835595
7.768475773368726e-8  -0.008848854950480265
8.045921336703324e-8  -0.0040449414010995605
8.323366900037921e-8  0.0007568897079630397
8.600812463372518e-8  -0.008618326330586314
8.878258026707116e-8  -0.00939211938728154
9.155703590041713e-8  -0.005767872785252901
9.433149153376311e-8  -0.008979202542295056
9.710594716710908e-8  -0.012488228243303142
9.988040280045505e-8  -0.008608407913203026
1.0265485843380103e-7  -0.007567525815994345
1.05429314067147e-7  -0.007908803188893886
1.0820376970049298e-7  -0.009926742812771533
1.1097822533383895e-7  -0.009515464853443519
1.1375268096718492e-7  -0.011517976502458234
1.165271366005309e-7  -0.005047475902067129
1.1930159223387688e-7  -0.006996083558715286
1.2207604786722285e-7  -0.008327531754121
1.2485050350056882e-7  -0.007354634765939816
1.276249591339148e-7  -0.009858422577322262
1.3039941476726076e-7  -0.006470065640326258
1.3317387040060675e-7  -0.007876951268854057
1.3594832603395272e-7  -0.00976935794785506
1.387227816672987e-7  -0.007682410504295845
