2.774455633345974e-9  0.48839203698648076
5.548911266691948e-9  0.4878530748235308
8.323366900037922e-9  0.48820476431036625
1.1097822533383895e-8  0.48806300318963014
1.3872278166729869e-8  0.4890457334351825
1.6646733800075844e-8  0.4884938268866813
1.9421189433421816e-8  0.4869659239174355
2.219564506676779e-8  0.4876171524504345
2.4970100700113762e-8  0.48789534923945566
2.7744556333459737e-8  0.4926844081209153
3.051901196680571e-8  0.48720767847871205
3.329346760015169e-8  0.48966456906014555
3.6067923233497656e-8  0.48560146647748126
3.884237886684363e-8  0.4884009367718132
4.1616834500189606e-8  0.489660390362507
4.439129013353558e-8  0.4897641617911853
4.7165745766881556e-8  0.49106636773786916
4.9940201400227525e-8  0.48699053078539184
5.27146570335735e-8  0.48838500537146967
5.5489112666919475e-8  0.4948642607038132
5.826356830026545e-8  0.489364049935971
6.103802393361143e-8  0.49068409822846826
6.38124795669574e-8  0.48176847847044196
6.658693520030338e-8  0.48646929107665415
6.936139083364934e-8  0.48029214159853845
7.213584646699531e-8  0.4861111481365007
7.49103021003413e-8  0.4832395002186523
7.768475773368726e-8  0.4828174186617216
8.045921336703324e-8  0.4875456446305194
8.323366900037921e-8  0.48361715896601437
8.600812463372518e-8  0.4841128764162516
8.878258026707116e-8  0.488202581421389
9.155703590041713e-8  0.4890704023952034
9.433149153376311e-8  0.484095402455966
9.710594716710908e-8  0.4866037090182511
9.988040280045505e-8  0.4873519901627928
1.0265485843380103e-7  0.4849122584346246
1.05429314067147e-7  0.4869307777757274
1.0820376970049298e-7  0.4873955681551022
1.1097822533383895e-7  0.4876851822918915
1.1375268096718492e-7  0.4926166822805146
1.165271366005309e-7  0.48680069446699686
1.1930159223387688e-7  0.4869792625048508
1.2207604786722285e-7  0.4820874709191965
1.2485050350056882e-7  0.4892881308192967
1.276249591339148e-7  0.4838962523556177
1.3039941476726076e-7  0.47849128563924165
1.3317387040060675e-7  0.4781117991725491
1.3594832603395272e-7  0.4788147897059346
1.387227816672987e-7  0.4819331833566481
