2.774455633345974e-9  0.9378410875050821
5.548911266691948e-9  0.9374919280886792
8.323366900037922e-9  0.936452247983145
1.1097822533383895e-8  0.9376728582520403
1.3872278166729869e-8  0.9362828459542514
1.6646733800075844e-8  0.9323482695374166
1.9421189433421816e-8  0.9379004852965014
2.219564506676779e-8  0.9371323292970132
2.4970100700113762e-8  0.9332345007358155
2.7744556333459737e-8  0.9320900287812856
3.051901196680571e-8  0.9353490508566478
3.329346760015169e-8  0.9307257133665241
3.6067923233497656e-8  0.9399233994850973
3.884237886684363e-8  0.9378217601976868
4.1616834500189606e-8  0.9315155193322905
4.439129013353558e-8  0.9321507416411181
4.7165745766881556e-8  0.9333558383187315
4.9940201400227525e-8  0.9265456569148275
5.27146570335735e-8  0.9307181712865701
5.5489112666919475e-8  0.93806462208848
5.826356830026545e-8  0.9317308147886452
6.103802393361143e-8  0.9305276419481484
6.38124795669574e-8  0.9342310831151764
6.658693520030338e-8  0.9323199494315557
6.936139083364934e-8  0.9281247303158631
7.213584646699531e-8  0.9249640216444552
7.49103021003413e-8  0.933373231708678
7.768475773368726e-8  0.9293266517092341
8.045921336703324e-8  0.933974039163813
8.323366900037921e-8  0.9380646381766127
8.600812463372518e-8  0.9264185193674795
8.878258026707116e-8  0.9359720101689534
9.155703590041713e-8  0.9211890769976327
9.433149153376311e-8  0.92953310774737
9.710594716710908e-8  0.9188510474944875
9.988040280045505e-8  0.9198770778179797
1.0265485843380103e-7  0.935947127958303
1.05429314067147e-7  0.9259401630303052
1.0820376970049298e-7  0.922112127659913
1.1097822533383895e-7  0.9272236076024736
1.1375268096718492e-7  0.9323225108471775
1.165271366005309e-7  0.9240796946506354
1.1930159223387688e-7  0.9302310835668882
1.2207604786722285e-7  0.9196863814581763
1.2485050350056882e-7  0.915628995124517
1.276249591339148e-7  0.9286233895330883
1.3039941476726076e-7  0.9286025988333969
1.3317387040060675e-7  0.9266895730241804
1.3594832603395272e-7  0.920978279055339
1.387227816672987e-7  0.9298352511648204
