2.774455633345974e-9  0.9100615510612627
5.548911266691948e-9  0.9100713302008031
8.323366900037922e-9  0.9101987078499647
1.1097822533383895e-8  0.9101083433368341
1.3872278166729869e-8  0.9101566718095355
1.6646733800075844e-8  0.909715714670905
1.9421189433421816e-8  0.9083835195504106
2.219564506676779e-8  0.9085439994974278
2.4970100700113762e-8  0.9092743336010322
2.7744556333459737e-8  0.9130583540706895
3.051901196680571e-8  0.9104875028306485
3.329346760015169e-8  0.9111846409585959
3.6067923233497656e-8  0.9008681205811788
3.884237886684363e-8  0.9080857438531813
4.1616834500189606e-8  0.9103647609732138
4.439129013353558e-8  0.9117577391464609
4.7165745766881556e-8  0.9104941389042923
4.9940201400227525e-8  0.9028579929627387
5.27146570335735e-8  0.9018992352361057
5.5489112666919475e-8  0.9159055676967655
5.826356830026545e-8  0.9120874468142672
6.103802393361143e-8  0.9046180955612488
6.38124795669574e-8  0.908099462009968
6.658693520030338e-8  0.9112861099210247
6.936139083364934e-8  0.899290623651267
7.213584646699531e-8  0.9061668646354039
7.49103021003413e-8  0.897870105963294
7.768475773368726e-8  0.8999196769372727
8.045921336703324e-8  0.9031027842918943
8.323366900037921e-8  0.8985795542525472
8.600812463372518e-8  0.9079995038412718
8.878258026707116e-8  0.88959764383378
9.155703590041713e-8  0.9048464473341693
9.433149153376311e-8  0.9109342616794947
9.710594716710908e-8  0.8994009111458335
9.988040280045505e-8  0.9035503400645136
1.0265485843380103e-7  0.890551504734895
1.05429314067147e-7  0.9076487956991688
1.0820376970049298e-7  0.9004702307296054
1.1097822533383895e-7  0.9010415774127862
1.1375268096718492e-7  0.9099865024953941
1.165271366005309e-7  0.9038760696387586
1.1930159223387688e-7  0.8946607461280506
1.2207604786722285e-7  0.9076961607484173
1.2485050350056882e-7  0.9142809112787079
1.276249591339148e-7  0.9097575565733488
1.3039941476726076e-7  0.907086781811334
1.3317387040060675e-7  0.9012215732444994
1.3594832603395272e-7  0.9024877236385943
1.387227816672987e-7  0.9030119562085536
