2.774455633345974e-9  39.7699042989289
5.548911266691948e-9  43.882405105486406
8.323366900037922e-9  46.36070667520967
1.1097822533383895e-8  48.088234690043
1.3872278166729869e-8  49.42574680469445
1.6646733800075844e-8  50.52149118479474
1.9421189433421816e-8  51.44532438270045
2.219564506676779e-8  52.247173057129416
2.4970100700113762e-8  52.95268231715449
2.7744556333459737e-8  53.58573002285458
3.051901196680571e-8  54.15683641175291
3.329346760015169e-8  54.676765558878145
3.6067923233497656e-8  55.15893780746591
3.884237886684363e-8  55.600958608365886
4.1616834500189606e-8  56.01861733882478
4.439129013353558e-8  56.40536866106287
4.7165745766881556e-8  56.770699793685715
4.9940201400227525e-8  57.126846232488326
5.27146570335735e-8  57.43370817576613
5.5489112666919475e-8  57.74525584214146
5.826356830026545e-8  58.03999468701506
6.103802393361143e-8  58.31490714532431
6.38124795669574e-8  58.57934578394932
6.658693520030338e-8  58.838678096943454
6.936139083364934e-8  59.084756643333336
7.213584646699531e-8  59.31718114606088
7.49103021003413e-8  59.5438412809274
7.768475773368726e-8  59.764689980067665
8.045921336703324e-8  59.96918467660537
8.323366900037921e-8  60.174767617770506
8.600812463372518e-8  60.37081352923307
8.878258026707116e-8  60.56764564536306
9.155703590041713e-8  60.74844760035524
9.433149153376311e-8  60.92605478629278
9.710594716710908e-8  61.09937626347916
9.988040280045505e-8  61.27042156813586
1.0265485843380103e-7  61.43261169358305
1.05429314067147e-7  61.59475820174586
1.0820376970049298e-7  61.747827716765656
1.1097822533383895e-7  61.88511268249956
1.1375268096718492e-7  62.05353592722859
1.165271366005309e-7  62.20340239175316
1.1930159223387688e-7  62.33393041812962
1.2207604786722285e-7  62.476471509543515
1.2485050350056882e-7  62.60995087483727
1.276249591339148e-7  62.74371012403263
1.3039941476726076e-7  62.87555456605628
1.3317387040060675e-7  62.999580500895355
1.3594832603395272e-7  63.121559203769834
1.387227816672987e-7  63.24311036788219
