2.774455633345974e-9  0.8721917393023133
5.548911266691948e-9  0.8725404861468299
8.323366900037922e-9  0.8733600334883019
1.1097822533383895e-8  0.8770500634174996
1.3872278166729869e-8  0.8721590252862929
1.6646733800075844e-8  0.8735891038275648
1.9421189433421816e-8  0.8788277922485249
2.219564506676779e-8  0.8716960754205996
2.4970100700113762e-8  0.8704335527426156
2.7744556333459737e-8  0.8742707436219345
3.051901196680571e-8  0.8708284772523125
3.329346760015169e-8  0.8761589273161331
3.6067923233497656e-8  0.8694862996762115
3.884237886684363e-8  0.8801651554797064
4.1616834500189606e-8  0.8696050086104508
4.439129013353558e-8  0.876390306487389
4.7165745766881556e-8  0.876816075453365
4.9940201400227525e-8  0.8687337434957393
5.27146570335735e-8  0.8701940069316041
5.5489112666919475e-8  0.8738906868329598
5.826356830026545e-8  0.8654185424700548
6.103802393361143e-8  0.8712037523327328
6.38124795669574e-8  0.8622210092300105
6.658693520030338e-8  0.8750630643204106
6.936139083364934e-8  0.8645794904800179
7.213584646699531e-8  0.8689176771337472
7.49103021003413e-8  0.865931366676106
7.768475773368726e-8  0.867664269907193
8.045921336703324e-8  0.873072349014296
8.323366900037921e-8  0.8604178134629563
8.600812463372518e-8  0.8573264448268535
8.878258026707116e-8  0.868053676517748
9.155703590041713e-8  0.8675575383458373
9.433149153376311e-8  0.8750270149393358
9.710594716710908e-8  0.8609641877423284
9.988040280045505e-8  0.8680411402781996
1.0265485843380103e-7  0.8584484228841702
1.05429314067147e-7  0.8582796419005756
1.0820376970049298e-7  0.8590699164301808
1.1097822533383895e-7  0.870534245575769
1.1375268096718492e-7  0.8604601427079144
1.165271366005309e-7  0.8634742635493334
1.1930159223387688e-7  0.8586603749212488
1.2207604786722285e-7  0.8675222494851482
1.2485050350056882e-7  0.8753494399402607
1.276249591339148e-7  0.8652448297391955
1.3039941476726076e-7  0.8476092841563745
1.3317387040060675e-7  0.868640579535558
1.3594832603395272e-7  0.8559086909637239
1.387227816672987e-7  0.8561759856214729
