2.774455633345974e-9  -0.12853886887778937
5.548911266691948e-9  -0.1301564446932022
8.323366900037922e-9  -0.1282583680057823
1.1097822533383895e-8  -0.12936460297401603
1.3872278166729869e-8  -0.13029852315015672
1.6646733800075844e-8  -0.1269724381941385
1.9421189433421816e-8  -0.12750359989576354
2.219564506676779e-8  -0.12943653927464852
2.4970100700113762e-8  -0.1299227474234495
2.7744556333459737e-8  -0.1292358612371827
3.051901196680571e-8  -0.12862063081765024
3.329346760015169e-8  -0.12602244901161277
3.6067923233497656e-8  -0.12566681347876155
3.884237886684363e-8  -0.1276053376115248
4.1616834500189606e-8  -0.13017636084392567
4.439129013353558e-8  -0.13261348332432762
4.7165745766881556e-8  -0.13253010918649283
4.9940201400227525e-8  -0.1296756075037518
5.27146570335735e-8  -0.13061564511900495
5.5489112666919475e-8  -0.13084253737462162
5.826356830026545e-8  -0.13042518659187285
6.103802393361143e-8  -0.127792800540852
6.38124795669574e-8  -0.12631482031040892
6.658693520030338e-8  -0.12790425481329024
6.936139083364934e-8  -0.12841672137550908
7.213584646699531e-8  -0.12366617039964908
7.49103021003413e-8  -0.12534831625408033
7.768475773368726e-8  -0.1247972981566407
8.045921336703324e-8  -0.12949316470928832
8.323366900037921e-8  -0.12717199532431198
8.600812463372518e-8  -0.13283104639576523
8.878258026707116e-8  -0.12727444657401352
9.155703590041713e-8  -0.13339464387133268
9.433149153376311e-8  -0.1278888399379503
9.710594716710908e-8  -0.1323327753823718
9.988040280045505e-8  -0.12823615470048794
1.0265485843380103e-7  -0.12591693850501426
1.05429314067147e-7  -0.13007940930621203
1.0820376970049298e-7  -0.13262093990516655
1.1097822533383895e-7  -0.13181317074985857
1.1375268096718492e-7  -0.1350126863678644
1.165271366005309e-7  -0.13586642636213808
1.1930159223387688e-7  -0.1290215586209421
1.2207604786722285e-7  -0.13014139397480165
1.2485050350056882e-7  -0.12533533936657726
1.276249591339148e-7  -0.12849056469236442
1.3039941476726076e-7  -0.13186264150008445
1.3317387040060675e-7  -0.13211968296874066
1.3594832603395272e-7  -0.13004816977603945
1.387227816672987e-7  -0.12798682507843495
