2.774455633345974e-9  0.5207466815055249
5.548911266691948e-9  0.5205800807113979
8.323366900037922e-9  0.5211622692875091
1.1097822533383895e-8  0.5201822088460633
1.3872278166729869e-8  0.522285714975409
1.6646733800075844e-8  0.5199612527845413
1.9421189433421816e-8  0.5232255993197458
2.219564506676779e-8  0.5181263906878326
2.4970100700113762e-8  0.5222175945045726
2.7744556333459737e-8  0.5171505884721367
3.051901196680571e-8  0.526934900076514
3.329346760015169e-8  0.5214532152733452
3.6067923233497656e-8  0.5182092228791557
3.884237886684363e-8  0.516486730921574
4.1616834500189606e-8  0.5145540333781964
4.439129013353558e-8  0.5188680306627946
4.7165745766881556e-8  0.512960776792087
4.9940201400227525e-8  0.5155576125012052
5.27146570335735e-8  0.514406773340132
5.5489112666919475e-8  0.5134552235507436
5.826356830026545e-8  0.5219615823285353
6.103802393361143e-8  0.524656692412451
6.38124795669574e-8  0.516593639730415
6.658693520030338e-8  0.5201021413100305
6.936139083364934e-8  0.5115356260352021
7.213584646699531e-8  0.5163968996160465
7.49103021003413e-8  0.5154163848038978
7.768475773368726e-8  0.517061086097488
8.045921336703324e-8  0.5120890628981465
8.323366900037921e-8  0.5085764084139301
8.600812463372518e-8  0.5179573326433049
8.878258026707116e-8  0.5130874197730828
9.155703590041713e-8  0.5099220601199024
9.433149153376311e-8  0.5139760156144508
9.710594716710908e-8  0.5160051340607683
9.988040280045505e-8  0.5138358090507016
1.0265485843380103e-7  0.5182618351706952
1.05429314067147e-7  0.5062204576107467
1.0820376970049298e-7  0.5166861287376427
1.1097822533383895e-7  0.5161586322420447
1.1375268096718492e-7  0.5146753660737953
1.165271366005309e-7  0.510915843647388
1.1930159223387688e-7  0.5183094597230362
1.2207604786722285e-7  0.5183728105151211
1.2485050350056882e-7  0.5134846084973362
1.276249591339148e-7  0.5110492372408619
1.3039941476726076e-7  0.521884096599101
1.3317387040060675e-7  0.5181183694070844
1.3594832603395272e-7  0.5118289027081657
1.387227816672987e-7  0.5102344989264795
