2.774455633345974e-9  0.807432633407579
5.548911266691948e-9  0.8062164038785105
8.323366900037922e-9  0.8074664467759587
1.1097822533383895e-8  0.8067981450242053
1.3872278166729869e-8  0.8074582619199666
1.6646733800075844e-8  0.8072440800705144
1.9421189433421816e-8  0.8091923495714193
2.219564506676779e-8  0.8112408740469784
2.4970100700113762e-8  0.8105056126431964
2.7744556333459737e-8  0.8061266165869108
3.051901196680571e-8  0.8045503490507208
3.329346760015169e-8  0.8059290519305097
3.6067923233497656e-8  0.7990158851644419
3.884237886684363e-8  0.8053435266460405
4.1616834500189606e-8  0.806639188105381
4.439129013353558e-8  0.8059723629087744
4.7165745766881556e-8  0.8073048043448755
4.9940201400227525e-8  0.8087814606394356
5.27146570335735e-8  0.8146759498707719
5.5489112666919475e-8  0.804931836594801
5.826356830026545e-8  0.8053627617096478
6.103802393361143e-8  0.8041938636804852
6.38124795669574e-8  0.8062553296466773
6.658693520030338e-8  0.801475507672009
6.936139083364934e-8  0.8054474935384844
7.213584646699531e-8  0.7954957580480451
7.49103021003413e-8  0.8053303294306399
7.768475773368726e-8  0.80204295565993
8.045921336703324e-8  0.8109979901820293
8.323366900037921e-8  0.8033904509436508
8.600812463372518e-8  0.8028031135668531
8.878258026707116e-8  0.8062559167700996
9.155703590041713e-8  0.8015455254638603
9.433149153376311e-8  0.8014593123094759
9.710594716710908e-8  0.809232123427011
9.988040280045505e-8  0.8007825387118312
1.0265485843380103e-7  0.8014345000922886
1.05429314067147e-7  0.8121722917626939
1.0820376970049298e-7  0.8092221983454582
1.1097822533383895e-7  0.8120703780750949
1.1375268096718492e-7  0.8147233050836037
1.165271366005309e-7  0.7993667488138503
1.1930159223387688e-7  0.8088986858761649
1.2207604786722285e-7  0.7964948329962278
1.2485050350056882e-7  0.8058753084695939
1.276249591339148e-7  0.79382085702025
1.3039941476726076e-7  0.8059717331880472
1.3317387040060675e-7  0.7948643974087696
1.3594832603395272e-7  0.7995595889292241
1.387227816672987e-7  0.7978406270609204
