2.774455633345974e-9  0.030455173659135727
5.548911266691948e-9  0.030210802816338804
8.323366900037922e-9  0.03002023408702759
1.1097822533383895e-8  0.030078782426090075
1.3872278166729869e-8  0.02940838268759632
1.6646733800075844e-8  0.0300252820397688
1.9421189433421816e-8  0.030609505354955685
2.219564506676779e-8  0.030911562494154683
2.4970100700113762e-8  0.031606991544302666
2.7744556333459737e-8  0.029490764246585973
3.051901196680571e-8  0.030820756696867506
3.329346760015169e-8  0.031295414632294356
3.6067923233497656e-8  0.032727364032837686
3.884237886684363e-8  0.02908345801067374
4.1616834500189606e-8  0.029524880793797236
4.439129013353558e-8  0.030826325363318825
4.7165745766881556e-8  0.031951946125075806
4.9940201400227525e-8  0.03201888124743492
5.27146570335735e-8  0.027640861807684686
5.5489112666919475e-8  0.028511395159559538
5.826356830026545e-8  0.028759424368978166
6.103802393361143e-8  0.029820610383614325
6.38124795669574e-8  0.03232443316148419
6.658693520030338e-8  0.03152445865040975
6.936139083364934e-8  0.03432755866258749
7.213584646699531e-8  0.03284095901468934
7.49103021003413e-8  0.029227586691892734
7.768475773368726e-8  0.028926913966762873
8.045921336703324e-8  0.029522515125821876
8.323366900037921e-8  0.029229621552032573
8.600812463372518e-8  0.02757394574069347
8.878258026707116e-8  0.030403809291788424
9.155703590041713e-8  0.031856495465970865
9.433149153376311e-8  0.02992171502304694
9.710594716710908e-8  0.03268684981109953
9.988040280045505e-8  0.030002189865249478
1.0265485843380103e-7  0.02995535050917007
1.05429314067147e-7  0.028709592923428093
1.0820376970049298e-7  0.025481247110165115
1.1097822533383895e-7  0.026075699837347463
1.1375268096718492e-7  0.026220442003012132
1.165271366005309e-7  0.027347147112039782
1.1930159223387688e-7  0.029150277919132106
1.2207604786722285e-7  0.03030290539230585
1.2485050350056882e-7  0.03489031937869891
1.276249591339148e-7  0.033985867543458004
1.3039941476726076e-7  0.0315063216754964
1.3317387040060675e-7  0.03515082253828216
1.3594832603395272e-7  0.02999781250314514
1.387227816672987e-7  0.03109993621617725
