2.774455633345974e-9  42.104142893806774
5.548911266691948e-9  46.26046473183931
8.323366900037922e-9  48.69525387291102
1.1097822533383895e-8  50.42080943589632
1.3872278166729869e-8  51.7595151759217
1.6646733800075844e-8  52.85803454212689
1.9421189433421816e-8  53.777379614618695
2.219564506676779e-8  54.575143677517914
2.4970100700113762e-8  55.284256154934546
2.7744556333459737e-8  55.91496407462351
3.051901196680571e-8  56.48937681247742
3.329346760015169e-8  57.01225591926794
3.6067923233497656e-8  57.492907725425006
3.884237886684363e-8  57.93007297378976
4.1616834500189606e-8  58.350358788562794
4.439129013353558e-8  58.73892039335418
4.7165745766881556e-8  59.10162943221906
4.9940201400227525e-8  59.39837378921176
5.27146570335735e-8  59.76718169206075
5.5489112666919475e-8  60.07556424238736
5.826356830026545e-8  60.3705722911198
6.103802393361143e-8  60.633738265802464
6.38124795669574e-8  60.92382102863841
6.658693520030338e-8  61.1716160922918
6.936139083364934e-8  61.41909565414123
7.213584646699531e-8  61.65288081094891
7.49103021003413e-8  61.87192158641254
7.768475773368726e-8  62.09909372304208
8.045921336703324e-8  62.306117874881984
8.323366900037921e-8  62.511059242854344
8.600812463372518e-8  62.70602316552537
8.878258026707116e-8  62.90117239193707
9.155703590041713e-8  63.07967000699889
9.433149153376311e-8  63.26091820107644
9.710594716710908e-8  63.43503735109873
9.988040280045505e-8  63.603554436464606
1.0265485843380103e-7  63.76824777087251
1.05429314067147e-7  63.92939503059756
1.0820376970049298e-7  64.08630700000572
1.1097822533383895e-7  64.23622991936665
1.1375268096718492e-7  64.38472642169224
1.165271366005309e-7  64.53725863114926
1.1930159223387688e-7  64.66853142691237
1.2207604786722285e-7  64.80358062073714
1.2485050350056882e-7  64.94807384675347
1.276249591339148e-7  65.0782835433374
1.3039941476726076e-7  65.20590339682707
1.3317387040060675e-7  65.3269256276118
1.3594832603395272e-7  65.44743869560843
1.387227816672987e-7  65.57850241713442
