2.774455633345974e-9  -0.2901460406841216
5.548911266691948e-9  -0.29017914271062084
8.323366900037922e-9  -0.2893303204822528
1.1097822533383895e-8  -0.28987911340009825
1.3872278166729869e-8  -0.2891827456759123
1.6646733800075844e-8  -0.29317922351208314
1.9421189433421816e-8  -0.28878291654631066
2.219564506676779e-8  -0.2894131696676864
2.4970100700113762e-8  -0.2947548622554452
2.7744556333459737e-8  -0.2913546614230413
3.051901196680571e-8  -0.2917103656537043
3.329346760015169e-8  -0.2901758997366573
3.6067923233497656e-8  -0.29005147063333553
3.884237886684363e-8  -0.28889555721756965
4.1616834500189606e-8  -0.29123206725463774
4.439129013353558e-8  -0.28995929720030583
4.7165745766881556e-8  -0.29182843311953865
4.9940201400227525e-8  -0.2946046774926826
5.27146570335735e-8  -0.2883870983214539
5.5489112666919475e-8  -0.28720908122972644
5.826356830026545e-8  -0.2884202474740979
6.103802393361143e-8  -0.28472914574950897
6.38124795669574e-8  -0.29783486361022327
6.658693520030338e-8  -0.28813931188978076
6.936139083364934e-8  -0.2871668760273616
7.213584646699531e-8  -0.2879750265074978
7.49103021003413e-8  -0.28942716772899557
7.768475773368726e-8  -0.28913018432481474
8.045921336703324e-8  -0.28964268648884806
8.323366900037921e-8  -0.28871577748834204
8.600812463372518e-8  -0.2899814861861512
8.878258026707116e-8  -0.2891746186661419
9.155703590041713e-8  -0.2918001249738969
9.433149153376311e-8  -0.28872461813747274
9.710594716710908e-8  -0.2890232527635697
9.988040280045505e-8  -0.2959580871826083
1.0265485843380103e-7  -0.2903542730443555
1.05429314067147e-7  -0.2834111482213297
1.0820376970049298e-7  -0.2896264178288517
1.1097822533383895e-7  -0.2833948883082956
1.1375268096718492e-7  -0.28768338896323853
1.165271366005309e-7  -0.286193449700045
1.1930159223387688e-7  -0.2909780216229431
1.2207604786722285e-7  -0.29149209369841833
1.2485050350056882e-7  -0.28814032080422336
1.276249591339148e-7  -0.2845714532765038
1.3039941476726076e-7  -0.291388902695931
1.3317387040060675e-7  -0.2871495843206514
1.3594832603395272e-7  -0.2866861318479582
1.387227816672987e-7  -0.28949504219853117
