2.774455633345974e-9  -0.2957539673054967
5.548911266691948e-9  -0.2957883318235729
8.323366900037922e-9  -0.29567325521897125
1.1097822533383895e-8  -0.2970512418828693
1.3872278166729869e-8  -0.2947254869337078
1.6646733800075844e-8  -0.2950907988847235
1.9421189433421816e-8  -0.29531193897338615
2.219564506676779e-8  -0.293167160477678
2.4970100700113762e-8  -0.29687250466018217
2.7744556333459737e-8  -0.29336993574871734
3.051901196680571e-8  -0.2951965014210028
3.329346760015169e-8  -0.29662213712265495
3.6067923233497656e-8  -0.2959135151074541
3.884237886684363e-8  -0.2930318987690027
4.1616834500189606e-8  -0.2972571220621466
4.439129013353558e-8  -0.29636105133175245
4.7165745766881556e-8  -0.29693829438723207
4.9940201400227525e-8  -0.2952802180643356
5.27146570335735e-8  -0.296320626751597
5.5489112666919475e-8  -0.2992776888861656
5.826356830026545e-8  -0.29279907603682154
6.103802393361143e-8  -0.2943319076700061
6.38124795669574e-8  -0.29565662088000544
6.658693520030338e-8  -0.2992307175056762
6.936139083364934e-8  -0.29804597979150976
7.213584646699531e-8  -0.29514928602934465
7.49103021003413e-8  -0.29416398278271333
7.768475773368726e-8  -0.28942050023552196
8.045921336703324e-8  -0.2906409436443635
8.323366900037921e-8  -0.2918320018370798
8.600812463372518e-8  -0.29794652302104535
8.878258026707116e-8  -0.2962018681367721
9.155703590041713e-8  -0.2973679160050404
9.433149153376311e-8  -0.29636066098558567
9.710594716710908e-8  -0.29594555204977985
9.988040280045505e-8  -0.29667307612423927
1.0265485843380103e-7  -0.2921193119220034
1.05429314067147e-7  -0.2946577910409675
1.0820376970049298e-7  -0.29422266369990346
1.1097822533383895e-7  -0.29872794711521095
1.1375268096718492e-7  -0.2998290979957198
1.165271366005309e-7  -0.29318945540087354
1.1930159223387688e-7  -0.2906019487245372
1.2207604786722285e-7  -0.29267214744340886
1.2485050350056882e-7  -0.2962137608022276
1.276249591339148e-7  -0.29059177589329016
1.3039941476726076e-7  -0.29325064048660604
1.3317387040060675e-7  -0.29819261129487845
1.3594832603395272e-7  -0.2913410452033381
1.387227816672987e-7  -0.3013805367428139
