2.774455633345974e-9  0.10885337861907816
5.548911266691948e-9  0.10970142837660864
8.323366900037922e-9  0.10983195847910367
1.1097822533383895e-8  0.11137917037072188
1.3872278166729869e-8  0.10978309650500763
1.6646733800075844e-8  0.10949066339811013
1.9421189433421816e-8  0.11117450240398076
2.219564506676779e-8  0.1114658635580554
2.4970100700113762e-8  0.1114911352360736
2.7744556333459737e-8  0.10789372484787609
3.051901196680571e-8  0.10832355912494934
3.329346760015169e-8  0.110166586098299
3.6067923233497656e-8  0.10803986201144251
3.884237886684363e-8  0.10961709229181092
4.1616834500189606e-8  0.10873963963486613
4.439129013353558e-8  0.10900924063984331
4.7165745766881556e-8  0.10723693954849742
4.9940201400227525e-8  0.10881653565606
5.27146570335735e-8  0.10130237238510052
5.5489112666919475e-8  0.10635829647757687
5.826356830026545e-8  0.10887769993907037
6.103802393361143e-8  0.10912981917296888
6.38124795669574e-8  0.10636402820038718
6.658693520030338e-8  0.10942703433255424
6.936139083364934e-8  0.10743055488723124
7.213584646699531e-8  0.10879743629859932
7.49103021003413e-8  0.10970080390554299
7.768475773368726e-8  0.11024940763195495
8.045921336703324e-8  0.10665285370007044
8.323366900037921e-8  0.11046987161086022
8.600812463372518e-8  0.10819495726341265
8.878258026707116e-8  0.10768959328296285
9.155703590041713e-8  0.10888448883637684
9.433149153376311e-8  0.10439160496468686
9.710594716710908e-8  0.10505289922365127
9.988040280045505e-8  0.10243568889542251
1.0265485843380103e-7  0.1006857715730457
1.05429314067147e-7  0.10760497580575368
1.0820376970049298e-7  0.1073860222307367
1.1097822533383895e-7  0.10325588684987892
1.1375268096718492e-7  0.10650306102748791
1.165271366005309e-7  0.10457359996141388
1.1930159223387688e-7  0.11406172693560132
1.2207604786722285e-7  0.1079711858669191
1.2485050350056882e-7  0.10679484220357605
1.276249591339148e-7  0.11064839613073417
1.3039941476726076e-7  0.10695749965254518
1.3317387040060675e-7  0.1084398329221949
1.3594832603395272e-7  0.10387158453947357
1.387227816672987e-7  0.10549024912597563
