2.774455633345974e-9  -0.04034633739354738
5.548911266691948e-9  -0.04250219657339449
8.323366900037922e-9  -0.042605558113143115
1.1097822533383895e-8  -0.041779089647174875
1.3872278166729869e-8  -0.04207817472840671
1.6646733800075844e-8  -0.04241850273884497
1.9421189433421816e-8  -0.04170379757638461
2.219564506676779e-8  -0.041764375318883926
2.4970100700113762e-8  -0.039983120505070004
2.7744556333459737e-8  -0.03994763707402492
3.051901196680571e-8  -0.04117338088688264
3.329346760015169e-8  -0.04127213883304371
3.6067923233497656e-8  -0.041276028589113625
3.884237886684363e-8  -0.043556164211429695
4.1616834500189606e-8  -0.04463354971187748
4.439129013353558e-8  -0.04223816462331394
4.7165745766881556e-8  -0.04071124318121653
4.9940201400227525e-8  -0.03947900652983367
5.27146570335735e-8  -0.04321416397041526
5.5489112666919475e-8  -0.03850013195348091
5.826356830026545e-8  -0.04101334162478555
6.103802393361143e-8  -0.041968443814656906
6.38124795669574e-8  -0.04259692189345982
6.658693520030338e-8  -0.04210754216493464
6.936139083364934e-8  -0.04100100414097192
7.213584646699531e-8  -0.04072471699400966
7.49103021003413e-8  -0.04129361390648172
7.768475773368726e-8  -0.043642576580582855
8.045921336703324e-8  -0.04145109034372137
8.323366900037921e-8  -0.045885698110440715
8.600812463372518e-8  -0.0451020262424093
8.878258026707116e-8  -0.040863835875908895
9.155703590041713e-8  -0.04379131180309537
9.433149153376311e-8  -0.041074707718028104
9.710594716710908e-8  -0.043426910049428
9.988040280045505e-8  -0.03992601875870686
1.0265485843380103e-7  -0.04192732600319403
1.05429314067147e-7  -0.037332588780348855
1.0820376970049298e-7  -0.04019236470755493
1.1097822533383895e-7  -0.03884893339472987
1.1375268096718492e-7  -0.04052643682548778
1.165271366005309e-7  -0.03870911750257361
1.1930159223387688e-7  -0.04072718419532487
1.2207604786722285e-7  -0.04153837336797219
1.2485050350056882e-7  -0.04671817601037975
1.276249591339148e-7  -0.04006480593374956
1.3039941476726076e-7  -0.03983588233060463
1.3317387040060675e-7  -0.0404738075167909
1.3594832603395272e-7  -0.03863749538554653
1.387227816672987e-7  -0.03849808970625632
