2.774455633345974e-9  0.40236160997783094
5.548911266691948e-9  0.40259178148642916
8.323366900037922e-9  0.40287456080661804
1.1097822533383895e-8  0.40305256846311205
1.3872278166729869e-8  0.40529244216707105
1.6646733800075844e-8  0.4025995795290639
1.9421189433421816e-8  0.4050098504028103
2.219564506676779e-8  0.4020673075044345
2.4970100700113762e-8  0.4033407476117482
2.7744556333459737e-8  0.40148053780142384
3.051901196680571e-8  0.39927134885693444
3.329346760015169e-8  0.4060153668053572
3.6067923233497656e-8  0.40409893763549504
3.884237886684363e-8  0.4036770889440651
4.1616834500189606e-8  0.40344102481389826
4.439129013353558e-8  0.40579872747959056
4.7165745766881556e-8  0.40703896657563854
4.9940201400227525e-8  0.40268109782316625
5.27146570335735e-8  0.4014636129224027
5.5489112666919475e-8  0.4001212303328795
5.826356830026545e-8  0.402830955378545
6.103802393361143e-8  0.3983249325384081
6.38124795669574e-8  0.39277409030450616
6.658693520030338e-8  0.3995114493749465
6.936139083364934e-8  0.39753767759490627
7.213584646699531e-8  0.4004817384696043
7.49103021003413e-8  0.3964726356472968
7.768475773368726e-8  0.4049311394561194
8.045921336703324e-8  0.4035946273480136
8.323366900037921e-8  0.4029920019119775
8.600812463372518e-8  0.4039092836222726
8.878258026707116e-8  0.40361726894148703
9.155703590041713e-8  0.40133420112634466
9.433149153376311e-8  0.40222894381281393
9.710594716710908e-8  0.40355703806323445
9.988040280045505e-8  0.4001226973098529
1.0265485843380103e-7  0.3967855647468118
1.05429314067147e-7  0.3968461249188066
1.0820376970049298e-7  0.39362789951000493
1.1097822533383895e-7  0.39848870699097116
1.1375268096718492e-7  0.3923415836389819
1.165271366005309e-7  0.3936842535339704
1.1930159223387688e-7  0.3933510562509971
1.2207604786722285e-7  0.3903185525131245
1.2485050350056882e-7  0.3892529292717881
1.276249591339148e-7  0.39398347344230156
1.3039941476726076e-7  0.399919777023094
1.3317387040060675e-7  0.3916002474366561
1.3594832603395272e-7  0.4032166076593567
1.387227816672987e-7  0.39875398878203516
