2.774455633345974e-9  0.6445967200186083
5.548911266691948e-9  0.642108631883417
8.323366900037922e-9  0.6434420115893605
1.1097822533383895e-8  0.6441516826622439
1.3872278166729869e-8  0.6459651425995279
1.6646733800075844e-8  0.6454626178830067
1.9421189433421816e-8  0.6449979482647669
2.219564506676779e-8  0.6457207620851715
2.4970100700113762e-8  0.6497122937757529
2.7744556333459737e-8  0.6418365463953214
3.051901196680571e-8  0.6440748100084424
3.329346760015169e-8  0.6482581856626825
3.6067923233497656e-8  0.6454546505671154
3.884237886684363e-8  0.6461610364815156
4.1616834500189606e-8  0.6480132153086895
4.439129013353558e-8  0.6471029282333407
4.7165745766881556e-8  0.6454972056085766
4.9940201400227525e-8  0.6460080046976926
5.27146570335735e-8  0.6491923829171945
5.5489112666919475e-8  0.6448157531346543
5.826356830026545e-8  0.646621486855332
6.103802393361143e-8  0.6487559407847149
6.38124795669574e-8  0.6478765371303705
6.658693520030338e-8  0.6407822815095
6.936139083364934e-8  0.6446578940738881
7.213584646699531e-8  0.6449308734145033
7.49103021003413e-8  0.6438694553377784
7.768475773368726e-8  0.6408391536697309
8.045921336703324e-8  0.647247891398859
8.323366900037921e-8  0.6474914394623535
8.600812463372518e-8  0.6416818427897274
8.878258026707116e-8  0.6428832919206435
9.155703590041713e-8  0.6457932596402791
9.433149153376311e-8  0.6485761983241665
9.710594716710908e-8  0.6405873135409923
9.988040280045505e-8  0.6363186957135276
1.0265485843380103e-7  0.6409824523666657
1.05429314067147e-7  0.6479876112907084
1.0820376970049298e-7  0.640700780517271
1.1097822533383895e-7  0.6427719583346602
1.1375268096718492e-7  0.6350736758692896
1.165271366005309e-7  0.6419375486722138
1.1930159223387688e-7  0.6359011131589856
1.2207604786722285e-7  0.6297144484927654
1.2485050350056882e-7  0.6370545929506852
1.276249591339148e-7  0.6415796316910107
1.3039941476726076e-7  0.6421176184990202
1.3317387040060675e-7  0.6374654392951327
1.3594832603395272e-7  0.6360611991377353
1.387227816672987e-7  0.6460584133235848
