2.774455633345974e-9  0.9226651214878758
5.548911266691948e-9  0.9224463741173818
8.323366900037922e-9  0.9215242754003311
1.1097822533383895e-8  0.9186175359555265
1.3872278166729869e-8  0.9205147392450667
1.6646733800075844e-8  0.9134707365700778
1.9421189433421816e-8  0.9132331716920743
2.219564506676779e-8  0.9187262016561536
2.4970100700113762e-8  0.9185075767008919
2.7744556333459737e-8  0.9155452101300691
3.051901196680571e-8  0.917921153162472
3.329346760015169e-8  0.9209351692326873
3.6067923233497656e-8  0.9161511560634189
3.884237886684363e-8  0.917105809502916
4.1616834500189606e-8  0.906568494791474
4.439129013353558e-8  0.9172039692132516
4.7165745766881556e-8  0.9212118127705393
4.9940201400227525e-8  0.9159290117827543
5.27146570335735e-8  0.9123525571746937
5.5489112666919475e-8  0.9175724221658239
5.826356830026545e-8  0.9230459645285407
6.103802393361143e-8  0.9144863416849017
6.38124795669574e-8  0.9028732980229034
6.658693520030338e-8  0.9145735078169427
6.936139083364934e-8  0.9114617505755618
7.213584646699531e-8  0.916366288704644
7.49103021003413e-8  0.915234406847341
7.768475773368726e-8  0.919588234545527
8.045921336703324e-8  0.9164972267175235
8.323366900037921e-8  0.9121193550875234
8.600812463372518e-8  0.9114924669843144
8.878258026707116e-8  0.9125184782856125
9.155703590041713e-8  0.9187494420310107
9.433149153376311e-8  0.9137843434699804
9.710594716710908e-8  0.9077089897218117
9.988040280045505e-8  0.9038820041545205
1.0265485843380103e-7  0.9092694426252972
1.05429314067147e-7  0.9111208766434864
1.0820376970049298e-7  0.9021712830648947
1.1097822533383895e-7  0.9123490958257289
1.1375268096718492e-7  0.9122902625309298
1.165271366005309e-7  0.9206250239475645
1.1930159223387688e-7  0.9093868729327659
1.2207604786722285e-7  0.9007307123801181
1.2485050350056882e-7  0.9188264393054097
1.276249591339148e-7  0.912290165376433
1.3039941476726076e-7  0.9136454782131803
1.3317387040060675e-7  0.9102798847185581
1.3594832603395272e-7  0.9223217379319422
1.387227816672987e-7  0.9068206848955023
