2.774455633345974e-9  0.9956526453419909
5.548911266691948e-9  0.9950072255405789
8.323366900037922e-9  0.995468644075778
1.1097822533383895e-8  0.9954209798936577
1.3872278166729869e-8  0.9944728649198994
1.6646733800075844e-8  0.9945730356675628
1.9421189433421816e-8  0.9910776568677423
2.219564506676779e-8  0.9931327635421369
2.4970100700113762e-8  0.993231026514136
2.7744556333459737e-8  0.9880066983457559
3.051901196680571e-8  0.9903318449409104
3.329346760015169e-8  0.9914125135658601
3.6067923233497656e-8  0.9847636367802879
3.884237886684363e-8  0.9799557804293397
4.1616834500189606e-8  0.9819183975397514
4.439129013353558e-8  0.9897624765795912
4.7165745766881556e-8  0.9940053158641647
4.9940201400227525e-8  0.97885515366062
5.27146570335735e-8  0.9889987786206758
5.5489112666919475e-8  0.9805092787176394
5.826356830026545e-8  0.9761843160148489
6.103802393361143e-8  0.969899990339036
6.38124795669574e-8  0.9785820367875034
6.658693520030338e-8  0.9807828098120266
6.936139083364934e-8  0.9838622851915905
7.213584646699531e-8  0.9748365670031142
7.49103021003413e-8  0.9754141342356392
7.768475773368726e-8  0.9709105664421088
8.045921336703324e-8  0.9804817946958704
8.323366900037921e-8  0.9856470214425431
8.600812463372518e-8  0.9698482851547078
8.878258026707116e-8  0.9714619086218165
9.155703590041713e-8  0.9819816411059504
9.433149153376311e-8  0.9844696488099015
9.710594716710908e-8  0.9812861307710996
9.988040280045505e-8  0.9807303364012293
1.0265485843380103e-7  0.9838933963803801
1.05429314067147e-7  0.9870056823842119
1.0820376970049298e-7  0.9807812836728558
1.1097822533383895e-7  0.9845837214528798
1.1375268096718492e-7  0.9864465904915222
1.165271366005309e-7  0.9863099651483782
1.1930159223387688e-7  0.9725650664549271
1.2207604786722285e-7  0.9793535752474878
1.2485050350056882e-7  0.9724263202501995
1.276249591339148e-7  0.9762931393487124
1.3039941476726076e-7  0.97216466547538
1.3317387040060675e-7  0.9611341215595428
1.3594832603395272e-7  0.9752015814893827
1.387227816672987e-7  0.9813532967598523
