2.774455633345974e-9  0.9969154436485897
5.548911266691948e-9  0.9973121559762911
8.323366900037922e-9  0.9974745347076771
1.1097822533383895e-8  0.9971075774582688
1.3872278166729869e-8  0.9985590982866043
1.6646733800075844e-8  0.9997935325987899
1.9421189433421816e-8  0.9949268977742747
2.219564506676779e-8  0.9969450492322338
2.4970100700113762e-8  0.9948649277358302
2.7744556333459737e-8  0.9986047988634726
3.051901196680571e-8  1.0056237419554086
3.329346760015169e-8  0.9997430413028675
3.6067923233497656e-8  0.992368552997703
3.884237886684363e-8  0.9981967331452193
4.1616834500189606e-8  0.995020401272769
4.439129013353558e-8  0.9891826886110664
4.7165745766881556e-8  0.9878058959654193
4.9940201400227525e-8  0.9872255256883253
5.27146570335735e-8  0.9895064961158819
5.5489112666919475e-8  0.9912736187603177
5.826356830026545e-8  0.9967849893355808
6.103802393361143e-8  0.9869765100522758
6.38124795669574e-8  0.9940852129965407
6.658693520030338e-8  0.9905993109155177
6.936139083364934e-8  0.9979402949196495
7.213584646699531e-8  0.9876909088421297
7.49103021003413e-8  0.983203932129015
7.768475773368726e-8  0.997796924102634
8.045921336703324e-8  0.9840989086255127
8.323366900037921e-8  0.999618846001755
8.600812463372518e-8  0.9785689022254458
8.878258026707116e-8  0.9923759027467417
9.155703590041713e-8  0.9911802779815166
9.433149153376311e-8  0.9968035047918951
9.710594716710908e-8  0.9796899170580271
9.988040280045505e-8  0.9878306960570632
1.0265485843380103e-7  0.9752687917955701
1.05429314067147e-7  0.9877532792173958
1.0820376970049298e-7  0.9795666217759923
1.1097822533383895e-7  0.9816947000229521
1.1375268096718492e-7  0.9686305910147404
1.165271366005309e-7  0.9836205994977265
1.1930159223387688e-7  0.9845011142669324
1.2207604786722285e-7  0.9836521862286128
1.2485050350056882e-7  0.9900201764233656
1.276249591339148e-7  0.979799062223585
1.3039941476726076e-7  0.9998393466442037
1.3317387040060675e-7  0.9782258749710152
1.3594832603395272e-7  0.995677841858423
1.387227816672987e-7  0.9747960172881103
